473.0	5576.71	-0.0435	-0.0093	-0.0216	-0.0028	0.5981	B cell
452.5	5694.21	-0.0332	0.0186	0.0036	0.9224	-0.0070	Myeloid cell
449.5	5738.71	-0.0424	-0.0042	-0.0178	0.0041	0.7036	B cell
440.5	5763.21	-0.0412	0.0184	0.0004	0.9619	-0.0110	Myeloid cell
422.0	5696.71	0.0314	-0.0134	0.4807	-0.0230	0.0161	cDC1
421.0	5749.71	-0.0082	0.0039	-0.0089	0.0114	0.4700	B cell
407.5	5760.71	-0.0543	0.0078	-0.0086	0.9229	-0.0216	Myeloid cell
407.0	5697.71	0.0083	0.0103	-0.0042	0.0198	0.4917	B cell
368.5	5814.71	-0.0486	-0.0010	-0.0180	0.0434	0.8364	B cell
367.5	5830.71	-0.0113	0.0046	-0.0112	0.0108	0.4705	B cell
367.5	5694.21	-0.0660	-0.0387	-0.0468	-0.0341	0.6060	B cell
350.0	5698.21	-0.0589	-0.0236	-0.0328	-0.0143	0.7417	B cell
341.0	5873.71	-0.0428	-0.0187	-0.0302	-0.0147	0.5376	B cell
317.5	5771.71	-0.0381	-0.0042	-0.0248	-0.0078	0.5859	B cell
308.0	5841.21	-0.0676	-0.0215	-0.0312	-0.0168	0.8008	B cell
298.0	5820.21	-0.0557	-0.0160	-0.0285	-0.0142	0.7075	B cell
294.0	5818.71	-0.0453	-0.0051	-0.0175	0.0012	0.7363	B cell
286.5	5839.21	-0.0160	-0.0086	-0.0203	-0.0062	0.5210	B cell
280.0	5808.71	-0.0637	-0.0298	0.8267	-0.0208	-0.0271	cDC1
277.5	5819.71	-0.0660	-0.0114	-0.0232	-0.0105	0.8149	B cell
272.5	5810.71	-0.0605	-0.0320	0.8145	-0.0235	-0.0265	cDC1
270.5	5831.71	-0.0453	0.0022	-0.0170	0.0211	0.7964	B cell
267.0	5820.71	-0.0476	-0.0049	-0.0186	0.0094	0.8667	B cell
266.0	5814.21	-0.0557	-0.0131	-0.0263	-0.0047	0.7920	B cell
264.5	5836.71	0.5039	-0.0136	-0.0389	0.0228	0.2357	cDC2
258.0	5838.71	-0.0246	-0.0099	-0.0231	-0.0020	0.7573	B cell
481.5	6044.21	-0.0673	-0.0022	-0.0178	0.8945	-0.0317	Myeloid cell
480.5	6033.71	-0.0525	-0.0031	-0.0090	0.7686	-0.0219	Myeloid cell
429.0	6214.71	-0.0173	-0.0040	0.5557	0.0114	-0.0103	cDC1
410.5	6499.21	-0.0213	0.0041	-0.0124	0.6230	-0.0124	Myeloid cell
410.0	6251.71	-0.0438	0.0125	-0.0035	0.9131	-0.0140	Myeloid cell
404.0	5912.21	-0.0526	-0.0052	-0.0185	0.0044	0.8433	B cell
402.5	6489.21	-0.0320	0.0119	-0.0031	0.7456	-0.0077	Myeloid cell
397.0	5898.71	-0.0271	-0.0044	-0.0136	0.0132	0.6118	B cell
387.5	6233.21	-0.0145	0.0227	0.0123	0.8521	-0.0004	Myeloid cell
384.5	6201.21	0.0255	0.0186	-0.0082	0.6699	0.0002	Myeloid cell
382.0	6300.21	0.0648	0.0075	-0.0112	0.8286	-0.0100	Myeloid cell
379.5	6008.21	-0.0516	0.0096	-0.0099	0.9141	-0.0214	Myeloid cell
379.0	6256.21	0.8213	0.0222	-0.0085	0.8535	-0.0186	Double pos cDC2
379.0	6240.21	-0.0406	0.0062	-0.0051	0.8647	-0.0182	Myeloid cell
377.0	6294.71	0.2539	-0.0168	-0.0253	0.7837	-0.0360	Myeloid cell
367.0	6257.21	-0.0327	0.0182	0.0069	0.7061	-0.0210	Myeloid cell
365.0	6075.21	0.6221	-0.0201	-0.0150	0.1136	-0.0294	cDC2
352.0	6311.21	-0.0457	-0.0293	0.0094	0.5884	-0.0324	Myeloid cell
348.0	6304.21	-0.0446	-0.0091	-0.0194	0.8169	-0.0292	Myeloid cell
346.0	6296.21	0.1381	-0.0427	0.1647	0.5752	-0.0574	Myeloid cell
338.5	6164.21	-0.0361	0.0168	0.0007	0.9087	-0.0093	Myeloid cell
337.0	6144.21	-0.0516	0.0082	-0.0095	0.9106	-0.0200	Myeloid cell
321.0	6290.71	-0.0080	0.0241	-0.0023	0.6348	0.0043	Myeloid cell
311.5	6171.21	-0.0346	0.0115	-0.0010	0.8525	-0.0112	Myeloid cell
311.5	5973.21	-0.0512	0.0131	-0.0041	0.9551	-0.0196	Myeloid cell
309.5	6033.21	-0.0639	0.0013	-0.0151	0.9126	-0.0307	Myeloid cell
308.5	6336.71	-0.0164	-0.0231	-0.0008	0.7065	-0.0561	Myeloid cell
308.5	6298.71	-0.0602	-0.0049	-0.0197	0.8530	-0.0286	Myeloid cell
299.0	6036.21	0.0484	0.0316	0.0111	0.0320	0.3196	Other cell
293.0	5936.71	-0.0472	0.0025	-0.0155	0.0259	0.8604	B cell
280.0	6302.71	-0.0037	-0.0058	0.6099	0.0161	-0.0132	cDC1
276.5	5971.71	-0.0282	0.0077	-0.0124	0.8115	-0.0164	Myeloid cell
265.5	5932.21	-0.0214	-0.0017	-0.0131	0.0085	0.5142	B cell
254.0	6076.21	-0.0464	0.0085	-0.0033	0.8525	-0.0164	Myeloid cell
237.0	6081.71	-0.0782	-0.0282	-0.0353	0.0333	0.6899	B cell
231.5	6051.71	-0.0472	0.0005	-0.0138	0.0112	0.8569	B cell
228.0	6046.21	-0.0774	-0.0273	-0.0388	-0.0254	0.7446	B cell
221.5	5953.21	-0.0126	-0.0030	-0.0240	0.6211	0.0053	Myeloid cell
491.5	7074.71	-0.0629	-0.0766	0.5986	-0.0856	-0.0488	cDC1
486.0	7071.21	-0.0602	-0.0290	0.8721	-0.0193	-0.0311	cDC1
474.5	7079.71	-0.0729	-0.0360	-0.0508	-0.0393	0.5679	B cell
404.5	6867.71	-0.0526	-0.0239	-0.0363	-0.0148	0.5688	B cell
352.0	6588.71	-0.0330	-0.0226	0.6362	-0.0247	-0.0195	cDC1
984.5	5015.21	0.8877	-0.0159	-0.0275	-0.0151	-0.0236	cDC2
896.0	5153.21	0.0507	-0.0614	0.5215	-0.0672	0.0210	cDC1
868.0	5162.21	-0.0922	-0.0776	0.6660	-0.0805	-0.0754	cDC1
897.5	5699.21	-0.0432	0.0177	-0.0006	0.9526	-0.0140	Myeloid cell
877.0	5333.71	-0.0597	0.0029	-0.0139	0.9175	-0.0334	Myeloid cell
821.0	5305.21	0.0125	-0.0087	-0.0154	0.7358	-0.0332	Myeloid cell
820.5	5309.21	0.3735	-0.0098	-0.0038	0.6660	-0.0612	Myeloid cell
747.5	5606.71	0.1516	0.0479	-0.0457	0.6123	-0.0463	Myeloid cell
737.5	5516.21	0.0110	-0.0303	0.7236	-0.0351	-0.0250	cDC1
643.5	5624.71	-0.0539	0.0132	-0.0076	0.9297	-0.0232	Myeloid cell
638.5	5780.21	0.1317	-0.0284	0.0251	0.7690	-0.0613	Myeloid cell
638.0	5623.71	-0.0348	0.0066	-0.0098	0.8027	-0.0176	Myeloid cell
620.0	5586.21	-0.0554	-0.0457	0.6914	-0.0475	-0.0475	cDC1
614.5	5873.71	-0.0319	0.0035	-0.0157	0.7808	-0.0177	Myeloid cell
609.5	5869.71	-0.0376	-0.0009	-0.0144	0.8081	-0.0172	Myeloid cell
605.5	5648.21	-0.0481	0.0150	-0.0028	0.9634	-0.0180	Myeloid cell
604.5	5444.21	0.0471	0.0345	0.0162	0.7466	-0.0142	Myeloid cell
584.0	5758.21	0.2795	0.0099	-0.0052	0.6650	-0.0075	Myeloid cell
545.5	5700.71	-0.0600	-0.0659	0.6855	-0.0635	-0.0545	cDC1
972.5	6114.71	0.0930	-0.0086	0.7417	0.0017	-0.0353	cDC1
970.0	5998.21	-0.0093	-0.0404	0.6475	-0.0598	-0.0282	cDC1
969.0	6131.71	-0.0535	-0.0294	0.8164	-0.0216	-0.0275	cDC1
965.5	6156.21	0.4241	0.0039	-0.0142	0.7578	-0.0319	Double pos cDC2
963.0	5997.71	-0.0050	-0.0372	0.6753	-0.0418	-0.0236	cDC1
945.5	6005.71	0.6987	-0.0142	-0.0216	0.0165	-0.0258	cDC2
931.0	6536.21	-0.0409	-0.0007	-0.0151	0.7964	-0.0206	Myeloid cell
928.0	6264.71	-0.0271	-0.0325	0.5127	-0.0393	-0.0341	cDC1
925.5	6010.21	-0.0398	-0.0335	0.7173	-0.0313	-0.0246	cDC1
914.0	6231.71	-0.0555	0.0154	-0.0046	0.9614	-0.0212	Myeloid cell
912.0	6167.71	-0.0507	-0.0379	0.8213	-0.0343	-0.0349	cDC1
899.5	6336.21	-0.0571	-0.0423	0.7871	-0.0404	-0.0408	cDC1
877.5	6370.71	-0.0077	-0.0425	0.5000	-0.0473	-0.0423	cDC1
852.5	6405.71	0.5854	-0.0460	-0.0133	-0.0241	-0.0488	cDC2
845.5	6101.71	-0.0184	-0.0262	0.4114	-0.0306	-0.0280	cDC1
827.5	6450.71	-0.0618	-0.0500	0.7290	-0.0477	-0.0448	cDC1
814.5	6432.71	0.0884	-0.0464	0.0228	0.6714	-0.0602	Myeloid cell
783.0	6296.21	-0.0421	-0.0456	0.6562	-0.0534	-0.0481	cDC1
759.5	6510.71	-0.0540	-0.0539	0.4807	-0.0472	-0.0449	cDC1
738.0	6456.21	-0.0045	-0.0301	0.6694	-0.0495	-0.0231	cDC1
715.0	6491.71	-0.0597	-0.0394	0.8115	-0.0348	-0.0381	cDC1
639.5	6419.21	-0.0154	0.0174	-0.0038	0.6006	-0.0022	Myeloid cell
621.0	6431.21	-0.0424	0.0011	-0.0122	0.6118	-0.0186	Myeloid cell
620.5	6373.21	-0.0506	0.0092	-0.0076	0.9355	-0.0224	Myeloid cell
614.5	6366.71	0.0784	0.0226	0.0048	0.7910	-0.0094	Myeloid cell
576.5	6325.21	0.2391	0.0416	0.3347	0.0163	0.0222	Other cell
575.5	5895.21	-0.0461	0.0144	-0.0030	0.9609	-0.0181	Myeloid cell
564.0	5892.71	-0.0433	-0.0039	-0.0142	0.7183	-0.0192	Myeloid cell
553.5	5888.71	-0.0520	0.0109	-0.0078	0.9326	-0.0183	Myeloid cell
527.5	5947.71	-0.0180	-0.0233	-0.0244	0.6626	-0.0232	Myeloid cell
515.0	5889.21	-0.0368	0.0176	-0.0005	0.9609	-0.0131	Myeloid cell
511.0	5943.21	-0.0477	0.0026	-0.0147	0.8018	-0.0137	Myeloid cell
997.5	6982.21	0.3750	0.2971	0.0172	-0.0244	0.0042	Other cell
997.5	6636.71	-0.0496	-0.0346	0.6636	-0.0528	-0.0439	cDC1
991.5	7031.21	-0.0081	-0.0308	-0.0450	0.6084	-0.0492	Myeloid cell
990.0	6579.21	-0.0811	-0.0113	-0.0101	0.6133	-0.0498	Myeloid cell
985.5	7174.71	0.5356	0.0439	0.0002	0.8247	0.0028	Double pos cDC2
963.5	7070.21	-0.0284	-0.0345	0.3816	-0.0267	0.0027	Other cell
959.5	6691.21	-0.0507	-0.0428	0.7378	-0.0439	-0.0452	cDC1
958.0	6579.21	-0.0332	0.9087	-0.0492	-0.0492	-0.0624	pDC
956.5	6585.71	-0.0906	0.7358	-0.0757	-0.0710	-0.0787	pDC
956.5	6569.21	-0.0669	0.8125	-0.0559	-0.0506	-0.0529	pDC
956.5	6556.71	-0.0464	0.4558	-0.0567	-0.0533	-0.0424	pDC
951.5	6564.71	-0.0767	0.6890	-0.0711	-0.0656	-0.0649	pDC
950.5	6977.71	-0.0646	-0.0547	0.6167	-0.0594	-0.0568	cDC1
950.5	6903.21	-0.0659	-0.0536	0.7334	-0.0520	-0.0533	cDC1
949.0	6575.71	-0.0582	0.8062	-0.0511	-0.0445	-0.0461	pDC
945.5	7112.71	0.0074	0.0064	-0.0159	0.8696	-0.0327	Myeloid cell
945.5	6925.21	-0.0321	-0.0414	0.5679	-0.0503	-0.0479	cDC1
941.5	6745.71	-0.0654	-0.0600	0.6060	-0.0558	-0.0514	cDC1
940.5	6739.21	-0.0489	-0.0202	-0.0498	0.6670	-0.0560	Myeloid cell
938.5	6931.71	-0.0195	0.5459	-0.0345	-0.0243	-0.0287	pDC
937.5	6722.21	-0.0671	-0.0498	0.7827	-0.0438	-0.0456	cDC1
929.0	6837.21	0.5562	0.0053	-0.0212	0.7563	-0.0454	Double pos cDC2
906.0	7108.21	0.0012	-0.0222	0.5210	-0.0240	-0.0121	cDC1
904.5	6773.71	-0.0641	-0.0527	0.7939	-0.0446	-0.0439	cDC1
900.5	6675.71	-0.0651	-0.0527	0.7368	-0.0535	-0.0541	cDC1
898.0	6835.21	0.0032	-0.0244	0.6265	-0.0566	-0.0240	cDC1
892.0	6713.71	-0.0406	-0.0323	0.6045	-0.0387	-0.0150	cDC1
891.5	6793.21	-0.0448	-0.0336	0.7681	-0.0335	-0.0319	cDC1
889.5	6818.21	-0.0608	-0.0488	0.6948	-0.0418	-0.0395	cDC1
881.0	6768.21	-0.0659	-0.0529	0.7476	-0.0504	-0.0477	cDC1
877.5	6915.71	-0.0677	-0.0535	0.7383	-0.0531	-0.0526	cDC1
877.0	6664.71	-0.0479	-0.0354	0.7192	-0.0559	-0.0471	cDC1
873.5	6725.71	-0.0714	-0.0578	0.7212	-0.0547	-0.0579	cDC1
858.0	6695.21	0.4775	-0.0073	-0.0283	0.6050	-0.0456	Double pos cDC2
854.5	7110.21	-0.0600	-0.0471	0.7402	-0.0460	-0.0480	cDC1
853.0	6704.71	-0.0417	-0.0317	0.5938	-0.0519	-0.0428	cDC1
852.0	7032.21	-0.0314	-0.0342	0.4536	-0.0327	-0.0320	cDC1
851.0	6669.21	-0.0623	0.0032	-0.0112	0.0033	0.9297	B cell
843.0	6671.71	-0.0654	-0.0421	0.6128	-0.0471	-0.0448	cDC1
839.5	6649.21	-0.0620	0.0017	-0.0146	0.8848	-0.0270	Myeloid cell
839.0	6585.21	-0.0546	-0.0392	0.7856	-0.0376	-0.0411	cDC1
831.5	6907.71	-0.0339	-0.0303	0.6626	-0.0385	-0.0334	cDC1
828.5	6984.21	-0.0613	-0.0526	0.5542	-0.0523	-0.0433	cDC1
824.5	6601.21	-0.0057	-0.0090	0.5693	-0.0411	-0.0232	cDC1
823.0	6769.71	-0.0518	-0.0458	0.7661	-0.0434	-0.0378	cDC1
822.0	6642.71	-0.0845	-0.0671	0.5767	-0.0637	-0.0594	cDC1
802.5	6832.21	-0.0573	-0.0348	0.8447	-0.0235	-0.0334	cDC1
794.0	6884.71	-0.0325	-0.0340	0.7114	-0.0542	-0.0424	cDC1
786.5	6759.21	-0.0613	-0.0461	0.7812	-0.0437	-0.0445	cDC1
783.5	6580.71	0.4495	0.0179	-0.0264	0.6416	-0.0424	Double pos cDC2
781.5	6766.71	-0.0665	-0.0490	0.6831	-0.0592	-0.0547	cDC1
773.5	6605.21	-0.0557	-0.0353	0.7993	-0.0325	-0.0325	cDC1
767.0	6869.71	-0.0516	-0.0413	0.7769	-0.0403	-0.0384	cDC1
760.0	7184.21	-0.0589	-0.0344	0.8184	-0.0295	-0.0287	cDC1
743.5	6955.71	-0.0577	-0.0440	0.6904	-0.0419	-0.0441	cDC1
736.5	7029.71	-0.0297	-0.0278	0.6265	-0.0475	-0.0355	cDC1
712.5	6696.71	-0.0612	-0.0467	0.7817	-0.0434	-0.0446	cDC1
697.5	6700.21	0.0003	-0.0246	0.6938	-0.0530	-0.0233	cDC1
662.0	6656.71	-0.0492	-0.0381	0.6816	-0.0407	-0.0391	cDC1
661.0	7017.21	-0.0694	-0.0574	0.7700	-0.0515	-0.0500	cDC1
655.5	7088.21	-0.0525	-0.0495	0.6040	-0.0510	-0.0468	cDC1
648.0	7114.71	-0.0560	-0.0447	0.6743	-0.0470	-0.0424	cDC1
637.0	6725.21	-0.0781	-0.0677	0.7202	-0.0626	-0.0607	cDC1
635.5	6818.21	0.4805	0.0150	-0.0005	0.8828	-0.0253	Double pos cDC2
634.5	6639.21	0.0045	-0.0106	0.3179	-0.0113	-0.0062	Other cell
607.5	6671.71	-0.0536	-0.0422	0.6938	-0.0554	-0.0464	cDC1
591.0	6660.71	0.9033	-0.0182	-0.0323	0.1277	-0.0453	cDC2
570.0	6673.21	0.1780	0.0426	-0.0321	0.8594	-0.0530	Myeloid cell
562.5	6642.71	-0.0305	-0.0133	0.5957	-0.0126	-0.0175	cDC1
536.0	6692.71	-0.0435	0.0067	-0.0042	0.8774	-0.0245	Myeloid cell
523.0	6557.71	-0.0374	-0.0561	0.5464	-0.0763	-0.0629	cDC1
500.0	6707.21	-0.0314	-0.0213	0.6123	-0.0420	-0.0329	cDC1
982.5	7360.71	-0.0625	-0.0492	0.7217	-0.0473	-0.0448	cDC1
963.5	7600.71	0.1310	-0.0234	-0.0434	0.6792	-0.0503	Myeloid cell
920.0	7288.71	-0.0504	-0.0236	0.5342	-0.0435	-0.0333	cDC1
911.0	7613.21	-0.0585	-0.0464	0.7598	-0.0438	-0.0429	cDC1
911.0	7573.71	-0.0204	0.0031	-0.0116	0.0142	0.5122	B cell
905.0	7215.21	-0.0529	-0.0282	0.8335	-0.0252	-0.0299	cDC1
890.5	7331.21	-0.0356	-0.0051	-0.0159	0.8521	-0.0221	Myeloid cell
890.0	7345.21	-0.0433	-0.0007	-0.0159	0.7949	-0.0098	Myeloid cell
884.0	7344.71	-0.0745	-0.0184	-0.0272	-0.0100	0.8545	B cell
882.5	7337.21	-0.0850	-0.0277	-0.0406	-0.0091	0.7671	B cell
873.5	7423.71	0.4534	0.0075	-0.0189	0.7217	-0.0414	Double pos cDC2
871.5	7351.21	-0.0464	-0.0186	0.5566	-0.0064	-0.0184	cDC1
869.0	7425.71	0.2661	-0.0011	-0.0272	0.7246	-0.0358	Myeloid cell
866.0	7231.21	0.0122	-0.0223	0.5537	-0.0302	-0.0078	cDC1
862.5	7356.71	0.8296	-0.0154	-0.0304	0.1522	-0.0461	cDC2
809.0	7299.71	-0.0089	-0.0308	0.7061	-0.0432	-0.0124	cDC1
728.5	7259.21	0.3682	-0.0193	-0.0528	0.6987	-0.0498	Myeloid cell
674.5	7247.21	0.0504	0.0064	-0.0135	0.7798	-0.0151	Myeloid cell
661.5	7401.21	0.0181	0.0270	0.0067	0.5469	0.0096	Myeloid cell
650.0	7393.71	-0.0459	-0.0248	-0.0344	-0.0199	0.5342	B cell
579.0	7245.21	-0.0374	-0.0109	-0.0234	-0.0038	0.5952	B cell
577.5	7248.71	-0.0242	-0.0017	-0.0151	0.0043	0.5786	B cell
1497.5	5713.71	0.1008	0.0382	0.1693	0.3101	0.0114	Other cell
1497.5	5672.21	-0.0515	-0.0507	0.5410	-0.0537	-0.0462	cDC1
1492.0	5713.21	-0.0447	-0.0384	0.4727	-0.0323	-0.0312	cDC1
1490.0	5648.71	0.0179	-0.0008	0.2478	0.3557	0.0070	Other cell
1475.0	5778.21	-0.0774	-0.0474	-0.0341	0.4873	-0.0549	Myeloid cell
1473.5	5841.71	-0.0002	-0.0039	-0.0137	0.8325	-0.0279	Myeloid cell
1469.0	5669.21	0.1260	0.0114	0.0026	0.6074	0.0086	Myeloid cell
1467.0	5654.71	-0.0107	-0.0213	0.4900	-0.0224	-0.0211	cDC1
1462.0	5851.21	-0.0405	0.0075	-0.0009	0.7920	-0.0090	Myeloid cell
1461.5	5776.21	0.0523	0.0087	-0.0022	0.6514	0.0125	Myeloid cell
1455.5	5790.71	0.2250	0.0445	0.0148	0.7822	-0.0191	Myeloid cell
1455.0	5648.21	0.8706	-0.0183	-0.0342	0.1836	-0.0520	cDC2
1452.0	5864.21	-0.0428	0.0021	-0.0094	0.7754	-0.0189	Myeloid cell
1450.0	5745.71	-0.0592	-0.0144	-0.0299	0.6265	-0.0027	Myeloid cell
1441.5	5780.21	-0.0462	0.0105	-0.0013	0.8853	-0.0172	Myeloid cell
1433.5	5678.71	-0.0870	-0.0732	0.7241	-0.0630	-0.0591	cDC1
1427.5	5584.21	-0.0142	-0.0190	-0.0053	0.8975	-0.0229	Myeloid cell
1417.5	5242.21	-0.0117	-0.0195	-0.0336	0.5352	-0.0318	Myeloid cell
1416.5	5728.71	-0.0541	-0.0381	0.8135	-0.0302	-0.0323	cDC1
1415.5	5690.21	-0.0862	-0.0742	0.6353	-0.0676	-0.0664	cDC1
1411.0	5692.71	-0.0511	-0.0530	0.6841	-0.0516	-0.0504	cDC1
1399.5	5226.21	-0.0024	-0.0204	0.6699	-0.0458	-0.0172	cDC1
1390.0	5267.21	-0.0521	0.0161	-0.0039	0.9678	-0.0209	Myeloid cell
1387.5	5312.71	0.0191	-0.0060	-0.0126	0.7056	-0.0229	Myeloid cell
1379.5	5227.71	-0.0728	-0.0566	0.7700	-0.0518	-0.0503	cDC1
1368.5	5803.71	-0.0496	-0.0328	0.5708	-0.0400	-0.0410	cDC1
1290.5	5657.71	-0.0601	0.0090	-0.0088	0.9189	-0.0259	Myeloid cell
1288.5	5208.21	-0.0607	-0.0380	0.7197	-0.0347	-0.0466	cDC1
1235.0	5677.71	-0.0406	0.0159	-0.0021	0.8369	-0.0090	Myeloid cell
1215.0	5471.71	-0.0390	0.0184	-0.0016	0.8838	-0.0154	Myeloid cell
1098.0	5855.71	-0.0311	0.0210	0.0009	0.7720	-0.0066	Myeloid cell
1497.5	6339.21	-0.0138	-0.0228	0.3806	-0.0150	-0.0174	Other cell
1483.0	6439.71	-0.0037	-0.0074	0.4031	-0.0130	-0.0081	cDC1
1470.5	6078.21	-0.0291	0.0119	-0.0041	0.9160	-0.0133	Myeloid cell
1463.0	6534.21	-0.0621	-0.0498	0.7109	-0.0490	-0.0481	cDC1
1451.0	6123.71	-0.0111	-0.0262	0.5688	-0.0306	-0.0229	cDC1
1442.5	6166.71	0.5620	0.0267	0.0068	0.8306	-0.0052	Double pos cDC2
1439.0	6231.71	-0.0529	-0.0485	0.4436	-0.0530	-0.0472	cDC1
1425.0	6470.21	-0.0691	-0.0598	0.7271	-0.0576	-0.0551	cDC1
1419.5	5887.71	-0.0469	-0.0077	-0.0235	0.7056	-0.0276	Myeloid cell
1418.5	5892.21	-0.0707	-0.0214	-0.0301	0.6763	-0.0437	Myeloid cell
1405.0	5951.71	-0.0490	-0.0456	0.6235	-0.0386	-0.0317	cDC1
1404.0	6258.71	-0.0614	-0.0500	0.7466	-0.0472	-0.0461	cDC1
1395.0	5923.71	-0.0803	-0.0139	-0.0124	0.7373	-0.0349	Myeloid cell
1379.5	5890.71	-0.0351	0.0143	-0.0042	0.8755	-0.0109	Myeloid cell
1366.5	5964.71	-0.0360	0.0121	0.0008	0.8574	-0.0096	Myeloid cell
1365.5	5885.21	0.0817	-0.0073	-0.0237	0.6582	-0.0098	Myeloid cell
1354.0	6102.71	0.0875	0.0558	0.4299	0.2583	-0.0329	cDC1
1333.0	6025.21	-0.0373	0.0081	-0.0092	0.7822	-0.0210	Myeloid cell
1332.5	6266.21	-0.0192	-0.0204	0.5625	-0.0173	-0.0135	cDC1
1327.5	5910.21	-0.0313	0.0108	-0.0072	0.8315	-0.0022	Myeloid cell
1323.5	5964.71	-0.0650	0.0047	-0.0130	0.9268	-0.0302	Myeloid cell
1317.0	6029.21	-0.0621	-0.0479	0.6860	-0.0337	-0.0378	cDC1
1299.0	6434.21	-0.0235	-0.0190	0.6489	-0.0220	-0.0205	cDC1
1289.0	6395.21	-0.0919	-0.0790	0.7246	-0.0678	-0.0645	cDC1
1272.5	6218.21	-0.0886	-0.0676	0.6841	-0.0704	-0.0656	cDC1
1272.5	6212.21	-0.0611	-0.0427	0.7573	-0.0407	-0.0442	cDC1
1266.0	6214.71	-0.0659	-0.0461	0.7861	-0.0404	-0.0435	cDC1
1258.5	6494.21	-0.0960	-0.0644	-0.0756	0.5981	-0.0818	Myeloid cell
1257.5	6340.21	-0.0650	-0.0066	-0.0213	0.8608	-0.0373	Myeloid cell
1250.0	6275.21	-0.0547	-0.0422	0.8042	-0.0366	-0.0337	cDC1
1230.0	6140.71	-0.0600	-0.0366	0.8335	-0.0254	-0.0325	cDC1
1214.0	6407.71	-0.0762	-0.0676	0.6841	-0.0643	-0.0621	cDC1
1214.0	6156.71	-0.0489	0.0141	-0.0030	0.9541	-0.0180	Myeloid cell
1206.5	6203.21	0.0241	0.0109	-0.0060	0.6572	-0.0069	Myeloid cell
1205.5	6218.71	-0.0297	-0.0309	0.6865	-0.0268	-0.0271	cDC1
1200.0	6210.21	0.0203	0.0124	-0.0069	0.6113	-0.0016	Myeloid cell
1191.5	6221.71	0.0634	0.0365	0.0154	0.6816	0.0039	Myeloid cell
1183.0	6324.21	-0.0065	0.0076	-0.0045	0.7261	-0.0233	Myeloid cell
1174.5	6319.71	-0.0632	-0.0093	-0.0238	0.8091	-0.0265	Myeloid cell
1169.0	6224.21	-0.0406	0.0239	0.0064	0.9785	-0.0114	Myeloid cell
1163.0	6309.21	-0.0563	-0.0432	0.7080	-0.0456	-0.0460	cDC1
1162.5	6176.71	-0.0261	0.0090	-0.0022	0.8418	-0.0112	Myeloid cell
1162.0	6195.71	0.0149	0.0156	-0.0026	0.7446	-0.0055	Myeloid cell
1155.5	6213.71	-0.0287	0.0160	-0.0017	0.7764	-0.0073	Myeloid cell
1152.0	6270.71	-0.0079	0.0293	0.0060	0.7153	0.0013	Myeloid cell
1141.0	6263.21	-0.0187	0.0134	0.0004	0.8926	-0.0083	Myeloid cell
1135.0	6226.71	-0.0953	-0.0136	0.0394	0.6133	-0.0430	Myeloid cell
1131.5	6245.21	-0.0373	0.0092	-0.0097	0.7808	-0.0174	Myeloid cell
1124.0	6532.21	0.0891	0.0035	-0.0200	0.5674	-0.0219	Myeloid cell
1101.0	6289.71	-0.0408	0.0129	-0.0028	0.8853	-0.0117	Myeloid cell
1095.5	6263.71	-0.0320	-0.0015	-0.0170	0.8076	-0.0246	Myeloid cell
1091.0	6222.71	-0.0307	0.0358	-0.0054	0.7671	-0.0133	Myeloid cell
1090.5	6269.21	0.1130	0.0177	-0.0072	0.5430	-0.0267	Myeloid cell
1089.0	6285.71	-0.0279	0.0161	0.0023	0.9419	-0.0094	Myeloid cell
1085.5	6318.71	0.1158	0.0328	-0.0268	0.5967	-0.0423	Myeloid cell
1080.0	6235.71	-0.0340	0.0208	0.0041	0.9072	-0.0084	Myeloid cell
1078.0	5980.71	-0.0637	-0.0385	0.6807	-0.0665	-0.0446	cDC1
1077.0	6258.21	0.1588	-0.0024	-0.0058	0.8257	-0.0333	Myeloid cell
1071.5	6279.21	-0.0053	0.0101	-0.0126	0.5581	-0.0017	Myeloid cell
1053.5	6342.71	-0.0534	-0.0480	0.5664	-0.0506	-0.0500	cDC1
1052.0	6285.71	-0.0454	0.0108	-0.0052	0.9087	-0.0176	Myeloid cell
1010.5	6463.71	-0.0382	-0.0458	0.7300	-0.0530	-0.0408	cDC1
1010.0	5916.21	-0.0753	-0.0525	0.6982	-0.0564	-0.0591	cDC1
1482.0	6808.21	-0.0223	-0.0329	0.4033	-0.0432	-0.0307	cDC1
1478.5	7116.21	0.5215	-0.0256	-0.0358	-0.0160	-0.0278	cDC2
1475.5	6956.21	-0.0665	-0.0508	0.7729	-0.0452	-0.0460	cDC1
1468.0	6939.21	-0.0574	-0.0486	0.7061	-0.0454	-0.0469	cDC1
1468.0	6587.21	0.6602	-0.0115	-0.0257	-0.0053	-0.0231	cDC2
1465.0	7121.71	-0.0767	-0.0699	0.6587	-0.0697	-0.0662	cDC1
1463.5	6817.21	-0.0382	-0.0300	0.5869	-0.0379	-0.0347	cDC1
1461.0	6646.71	0.5840	-0.0444	0.1367	-0.0540	-0.0406	cDC2
1457.0	7022.21	-0.0275	-0.0299	0.4070	-0.0300	-0.0276	cDC1
1423.5	6566.71	-0.0369	-0.0299	0.6309	-0.0486	-0.0338	cDC1
1421.0	6580.71	-0.0410	-0.0328	0.6240	-0.0601	-0.0494	cDC1
1417.5	6797.21	0.7422	-0.0478	-0.0540	0.0296	-0.0564	cDC2
1415.0	6968.21	-0.0870	-0.0671	0.6265	-0.0784	-0.0634	cDC1
1414.5	6842.21	0.0500	0.0026	0.5962	-0.0107	0.0072	cDC1
1410.0	7032.71	-0.0673	-0.0592	0.5942	-0.0587	-0.0560	cDC1
1392.0	7033.21	-0.0648	-0.0497	0.6040	-0.0811	-0.0609	cDC1
1383.0	7097.71	-0.0688	-0.0146	-0.0283	0.6455	-0.0521	Myeloid cell
1371.0	6690.21	-0.0517	-0.0327	0.7207	-0.0253	-0.0302	cDC1
1370.5	6791.21	-0.0295	-0.0250	0.6914	-0.0283	-0.0212	cDC1
1365.5	6710.71	-0.0587	0.0060	-0.0115	0.9194	-0.0216	Myeloid cell
1359.0	7044.71	-0.0553	-0.0355	0.7173	-0.0305	-0.0307	cDC1
1343.0	6933.71	-0.0594	-0.0105	-0.0228	0.8374	-0.0311	Myeloid cell
1313.5	7073.21	-0.0714	-0.0510	0.7930	-0.0427	-0.0441	cDC1
1311.5	6606.71	-0.0612	-0.0422	0.7617	-0.0382	-0.0395	cDC1
1301.0	7086.21	-0.0619	-0.0050	-0.0190	0.8452	-0.0270	Myeloid cell
1287.5	7046.71	-0.0390	-0.0226	0.4775	-0.0400	-0.0324	cDC1
1283.0	6610.21	-0.0522	-0.0399	0.7373	-0.0426	-0.0446	cDC1
1281.5	6615.21	-0.0387	-0.0278	0.7573	-0.0405	-0.0331	cDC1
1277.5	7090.71	-0.0840	-0.0384	-0.0474	0.7002	-0.0530	Myeloid cell
1270.5	7063.71	0.6851	-0.0267	-0.0140	0.1315	0.0467	cDC2
1246.5	6956.71	-0.0528	-0.0375	0.6587	-0.0443	-0.0446	cDC1
1238.5	6650.71	-0.0540	-0.0008	-0.0147	0.8633	-0.0237	Myeloid cell
1235.0	6693.71	-0.0533	-0.0305	0.6626	0.0172	-0.0108	cDC1
1234.5	6624.71	-0.0746	-0.0627	0.6958	-0.0608	-0.0606	cDC1
1234.0	6613.71	0.0109	-0.0079	0.3464	-0.0069	-0.0080	Other cell
1230.5	6948.21	0.0423	0.0086	0.0109	0.8228	-0.0121	Myeloid cell
1230.0	6688.21	0.2637	0.0102	-0.0056	0.6855	-0.0164	Myeloid cell
1224.5	6795.71	-0.0065	-0.0270	0.6880	-0.0546	-0.0270	cDC1
1224.0	6682.21	-0.0033	-0.0005	-0.0098	0.8154	-0.0219	Myeloid cell
1221.0	6728.21	0.0006	-0.0313	0.6099	-0.0417	-0.0277	cDC1
1215.0	6823.71	0.0521	-0.0094	0.6113	-0.0213	-0.0185	cDC1
1212.0	7104.71	-0.0641	-0.0597	0.5361	-0.0635	-0.0573	cDC1
1211.0	7077.21	0.4236	-0.0110	-0.0225	-0.0221	-0.0126	cDC2
1208.5	6902.71	-0.0875	-0.0746	0.4858	-0.0750	-0.0673	cDC1
1208.5	6636.21	-0.0086	0.0122	-0.0034	0.8032	-0.0003	Myeloid cell
1205.0	6848.21	0.7490	-0.0031	-0.0365	0.7734	-0.0466	Double pos cDC2
1202.0	6886.71	0.0054	-0.0269	0.6836	-0.0092	-0.0204	cDC1
1201.5	6737.21	-0.0172	-0.0245	0.5645	-0.0266	-0.0212	cDC1
1199.0	6655.71	-0.0498	0.0059	-0.0071	0.8721	-0.0232	Myeloid cell
1193.0	7183.71	-0.0434	-0.0377	0.4829	-0.0416	-0.0396	cDC1
1189.5	6613.21	-0.0621	-0.0508	0.7358	-0.0479	-0.0470	cDC1
1176.5	6637.71	-0.0909	-0.0696	0.6177	-0.0707	-0.0673	cDC1
1167.5	6741.71	-0.0681	-0.0567	0.5586	-0.0557	-0.0489	cDC1
1165.0	6620.21	-0.0519	-0.0439	0.7725	-0.0424	-0.0398	cDC1
1163.5	6691.71	0.0077	-0.0092	0.4136	-0.0160	-0.0137	cDC1
1163.5	6626.21	-0.0698	-0.0572	0.7344	-0.0555	-0.0544	cDC1
1163.0	6886.71	0.3718	0.0026	-0.0213	0.8340	-0.0320	Myeloid cell
1152.5	6605.71	-0.0314	-0.0284	0.5986	-0.0343	-0.0374	cDC1
1151.0	6613.71	-0.0433	0.0095	-0.0106	0.8491	-0.0160	Myeloid cell
1144.0	7183.71	-0.0104	-0.0226	0.4153	-0.0186	-0.0169	cDC1
1131.0	6834.71	-0.0675	-0.0464	0.6450	-0.0540	-0.0518	cDC1
1128.5	6667.71	-0.0188	-0.0262	0.4595	-0.0345	-0.0289	cDC1
1117.0	7018.71	-0.0262	-0.0266	0.7085	-0.0504	-0.0192	cDC1
1106.0	6912.71	-0.0646	-0.0532	0.7349	-0.0506	-0.0521	cDC1
1098.5	7137.21	-0.0975	-0.0780	0.6606	-0.0734	-0.0683	cDC1
1097.5	7130.71	-0.0396	-0.0421	0.4492	-0.0355	-0.0334	cDC1
1093.0	7175.71	0.0883	-0.0209	0.4263	0.3315	-0.0146	cDC1
1088.0	6877.71	-0.0681	-0.0537	0.7256	-0.0529	-0.0521	cDC1
1083.0	6862.71	-0.0419	0.6147	-0.0444	-0.0356	-0.0450	pDC
1072.0	7079.71	-0.0609	-0.0433	0.7476	-0.0392	-0.0421	cDC1
1067.5	7017.71	-0.0511	-0.0408	0.6562	-0.0404	-0.0378	cDC1
1049.5	6722.71	-0.0577	-0.0490	0.7598	-0.0471	-0.0449	cDC1
1039.0	6589.21	-0.0566	-0.0406	0.7900	-0.0397	-0.0409	cDC1
1032.0	6562.21	-0.0897	-0.0694	0.6499	-0.0762	-0.0677	cDC1
1014.0	6959.21	-0.0343	-0.0350	0.7583	-0.0384	-0.0374	cDC1
1006.5	6759.21	-0.0579	-0.0508	0.6504	-0.0502	-0.0480	cDC1
1000.0	6598.71	-0.0046	-0.0118	0.6016	-0.0453	-0.0356	cDC1
1497.5	7399.21	-0.0020	0.0213	0.3594	0.0859	0.0127	Other cell
1487.5	7792.71	-0.0557	-0.0428	0.7588	-0.0424	-0.0434	cDC1
1481.0	7633.21	0.0053	-0.0236	0.4575	-0.0250	-0.0305	cDC1
1476.5	7633.21	0.0330	-0.0060	0.4531	-0.0071	-0.0200	cDC1
1457.0	7667.21	-0.0336	-0.0268	0.5854	-0.0290	-0.0211	cDC1
1455.5	7505.71	0.5903	-0.0178	-0.0278	-0.0225	-0.0311	cDC2
1452.0	7317.21	-0.0513	-0.0435	0.5723	-0.0420	-0.0385	cDC1
1448.0	7363.71	-0.0330	-0.0440	0.6812	-0.0425	-0.0469	cDC1
1441.0	7382.71	-0.0329	-0.0307	0.4612	-0.0278	-0.0231	cDC1
1432.5	7710.21	-0.0301	-0.0273	0.4609	-0.0262	-0.0258	cDC1
1428.0	7517.71	-0.0037	-0.0183	0.4099	-0.0226	-0.0142	cDC1
1422.0	7513.71	-0.0257	-0.0365	0.5283	-0.0403	-0.0284	cDC1
1402.5	7595.71	-0.0162	-0.0254	0.4351	-0.0287	-0.0188	cDC1
1399.5	7724.21	-0.0639	-0.0532	0.5557	-0.0556	-0.0536	cDC1
1396.5	7653.21	0.0063	-0.0341	0.6831	-0.0312	-0.0371	cDC1
1395.0	7313.71	-0.0270	-0.0167	0.6865	0.1186	-0.0055	cDC1
1375.0	7603.21	0.7085	-0.0054	0.0611	0.0719	-0.0300	cDC2
1375.0	7588.71	-0.0620	-0.0406	0.7686	-0.0365	-0.0411	cDC1
1372.0	7609.21	0.0020	0.0129	0.0011	0.0156	0.8799	B cell
1369.0	7346.71	-0.0472	-0.0344	0.6851	-0.0367	-0.0332	cDC1
1359.0	7662.71	-0.0445	-0.0250	-0.0232	0.7871	-0.0425	Myeloid cell
1358.0	7622.71	-0.0845	-0.0597	0.5811	-0.0627	-0.0620	cDC1
1352.5	7278.71	-0.0382	-0.0398	0.6533	-0.0453	-0.0376	cDC1
1344.0	7312.21	-0.0773	-0.0626	0.5742	-0.0576	-0.0546	cDC1
1337.5	7874.71	-0.0348	-0.0217	0.6426	-0.0219	-0.0214	cDC1
1332.5	7547.21	-0.0335	-0.0272	0.6377	-0.0254	-0.0239	cDC1
1311.0	7659.21	-0.0326	-0.0340	0.7021	-0.0327	-0.0273	cDC1
1293.0	7659.21	-0.0664	-0.0467	0.6113	-0.0524	-0.0528	cDC1
1276.0	7265.71	-0.0483	-0.0400	0.7417	-0.0362	-0.0369	cDC1
1272.0	7678.71	-0.0475	-0.0361	0.6030	-0.0382	-0.0396	cDC1
1260.0	7660.21	-0.0425	-0.0495	0.5659	-0.0387	-0.0297	cDC1
1248.0	7227.71	-0.0500	-0.0333	0.6191	-0.0368	-0.0331	cDC1
1246.0	7223.21	-0.0417	-0.0403	0.6284	-0.0449	-0.0414	cDC1
1226.5	7873.21	-0.0717	0.6880	-0.0439	-0.0159	-0.0348	pDC
1220.0	7867.21	-0.0589	0.7524	-0.0496	-0.0430	-0.0443	pDC
1217.5	7880.71	-0.0858	0.5723	-0.0294	-0.0003	-0.0399	pDC
1200.5	7833.71	0.5605	0.0182	-0.0223	0.8218	-0.0226	Double pos cDC2
1190.5	7755.71	-0.0601	-0.0069	-0.0211	0.8237	-0.0278	Myeloid cell
1180.0	7386.21	-0.0358	-0.0181	-0.0339	0.7280	-0.0297	Myeloid cell
1165.5	7347.71	0.2959	0.0052	-0.0123	0.8125	-0.0402	Myeloid cell
1157.5	7640.71	-0.1036	-0.0314	-0.0442	-0.0155	0.6909	B cell
1134.0	7752.71	-0.0329	-0.0245	-0.0354	0.6763	-0.0376	Myeloid cell
1131.0	7285.71	-0.0388	-0.0417	0.5483	-0.0416	-0.0339	cDC1
1123.5	7440.21	-0.0675	-0.0054	-0.0200	-0.0006	0.9170	B cell
1121.5	7402.21	-0.0675	-0.0628	0.6772	-0.0582	-0.0533	cDC1
1121.5	7249.21	0.0587	-0.0214	0.4695	0.0053	-0.0180	cDC1
1102.5	7303.71	-0.0347	-0.0345	0.4546	-0.0339	-0.0299	cDC1
1095.5	7258.71	-0.0575	0.0054	-0.0081	0.0139	0.9766	B cell
1074.5	7647.21	-0.0303	0.0126	-0.0027	0.8994	-0.0157	Myeloid cell
1064.0	7658.21	-0.0278	0.0044	-0.0101	0.7017	-0.0164	Myeloid cell
1063.0	7711.71	-0.0136	-0.0160	-0.0308	0.6235	-0.0279	Myeloid cell
1047.5	7717.71	0.0072	-0.0261	0.6797	-0.0234	-0.0223	cDC1
1010.5	7687.71	0.0249	0.0095	-0.0047	0.7837	-0.0103	Myeloid cell
1000.0	7721.71	-0.0468	0.0066	-0.0099	0.8975	-0.0163	Myeloid cell
1000.0	7714.71	-0.0588	0.0019	-0.0147	0.8550	-0.0232	Myeloid cell
1000.0	7623.71	-0.0887	-0.0306	-0.0501	0.8105	-0.0599	Myeloid cell
1995.5	5195.71	0.7920	-0.0379	-0.0481	-0.0608	-0.0245	cDC2
1994.5	5187.71	0.2549	0.0488	0.1605	0.0484	0.0792	Other cell
1991.0	5193.21	-0.0583	-0.0537	0.5493	-0.0582	-0.0490	cDC1
1986.0	5038.71	0.5605	0.0072	0.1158	-0.0043	0.0764	cDC2
1985.5	5204.71	-0.1061	0.6318	-0.0747	-0.0191	-0.0840	pDC
1931.0	5126.71	-0.0920	-0.0835	0.6836	-0.0718	-0.0715	cDC1
1842.5	5170.21	0.3564	-0.0457	-0.0541	-0.0901	0.3860	Other cell
1834.0	5144.71	-0.0167	-0.0453	0.4788	-0.0560	-0.0273	cDC1
1769.0	5020.21	0.4175	-0.0252	-0.0471	-0.0576	0.2367	cDC2
1762.5	5005.71	-0.0630	-0.0488	0.7969	-0.0405	-0.0367	cDC1
1693.5	5188.71	-0.0514	0.0104	-0.0058	0.9258	-0.0153	Myeloid cell
1619.0	5204.71	0.3047	-0.0429	0.0669	-0.0532	0.3145	Other cell
1614.0	4998.21	-0.0853	-0.0501	0.6855	-0.0502	-0.0519	cDC1
1613.5	5201.71	-0.0905	-0.0522	0.8081	-0.0403	-0.0422	cDC1
1570.5	5025.71	0.4470	-0.0777	0.0434	-0.1016	0.2424	cDC2
1565.5	5029.71	0.7847	-0.0387	-0.0548	-0.0155	0.0508	cDC2
1502.0	5121.71	-0.0017	0.0080	-0.0097	0.1617	0.5522	B cell
1500.0	5076.71	0.1802	-0.0312	-0.0091	0.0245	0.7534	B cell
1997.5	5571.21	0.5972	-0.0255	-0.0026	0.6021	-0.0269	Double pos cDC2
1997.5	5530.71	-0.0825	-0.0146	-0.0211	0.7627	-0.0338	Myeloid cell
1997.5	5347.21	-0.0398	-0.0375	0.4688	-0.0351	-0.0320	cDC1
1997.5	5208.21	-0.0660	-0.0029	-0.0178	0.8408	-0.0307	Myeloid cell
1994.0	5504.71	-0.0445	0.0130	-0.0047	0.9277	-0.0135	Myeloid cell
1989.5	5519.71	-0.0667	0.0022	-0.0161	0.9072	-0.0309	Myeloid cell
1984.0	5485.21	-0.0640	0.0030	-0.0153	0.8740	-0.0267	Myeloid cell
1983.5	5576.71	0.2471	0.0206	0.0020	0.8701	-0.0079	Myeloid cell
1981.5	5745.71	-0.0032	-0.0185	0.6694	-0.0469	-0.0262	cDC1
1979.0	5399.71	-0.0539	0.0083	-0.0096	0.9033	-0.0201	Myeloid cell
1959.0	5292.21	0.0102	-0.0039	-0.0195	0.8716	-0.0330	Myeloid cell
1957.5	5636.21	-0.0061	-0.0119	0.0244	0.7759	-0.0398	Myeloid cell
1954.5	5436.21	-0.0389	0.0180	0.0023	0.9282	-0.0101	Myeloid cell
1951.0	5338.21	0.0024	-0.0042	0.0040	0.9102	-0.0308	Myeloid cell
1950.0	5573.71	-0.0421	-0.0091	-0.0226	0.8125	-0.0302	Myeloid cell
1943.5	5573.21	-0.0234	0.0023	-0.0113	0.8286	-0.0197	Myeloid cell
1941.0	5253.21	0.0982	-0.0046	-0.0150	0.7241	-0.0228	Myeloid cell
1936.0	5271.71	0.6216	-0.0106	-0.0359	0.5786	-0.0475	Double pos cDC2
1933.5	5663.71	-0.0565	-0.0040	-0.0177	0.8364	-0.0281	Myeloid cell
1932.0	5496.71	-0.0471	0.0166	-0.0013	0.9702	-0.0135	Myeloid cell
1931.5	5208.21	-0.0438	0.0032	-0.0129	0.8154	-0.0165	Myeloid cell
1927.0	5578.71	-0.0707	-0.0174	-0.0305	0.7354	-0.0436	Myeloid cell
1926.5	5595.71	-0.0342	0.0111	-0.0012	0.8901	-0.0143	Myeloid cell
1922.5	5514.21	-0.0143	-0.0031	-0.0148	0.7759	-0.0282	Myeloid cell
1918.5	5577.71	-0.0378	0.0049	-0.0103	0.8711	-0.0188	Myeloid cell
1913.0	5686.71	-0.0483	-0.0408	0.5850	-0.0442	-0.0413	cDC1
1912.5	5649.21	-0.0668	-0.0076	0.0056	0.6201	-0.0555	Myeloid cell
1912.0	5506.21	-0.0536	0.0105	-0.0080	0.9258	-0.0217	Myeloid cell
1907.0	5721.21	0.5425	0.0216	-0.0142	0.7075	-0.0075	Double pos cDC2
1907.0	5579.21	-0.0455	-0.0230	0.8516	-0.0107	-0.0239	cDC1
1898.5	5781.21	-0.0495	-0.0410	0.6504	-0.0682	-0.0487	cDC1
1896.0	5580.21	-0.0863	-0.0421	0.6880	-0.0330	-0.0369	cDC1
1891.0	5471.21	-0.0922	-0.0228	0.0165	0.7070	-0.0273	Myeloid cell
1880.5	5639.21	-0.0559	0.0110	-0.0078	0.9414	-0.0243	Myeloid cell
1871.5	5590.21	-0.0124	0.0035	-0.0066	0.7500	-0.0133	Myeloid cell
1869.5	5611.71	-0.0553	-0.0115	-0.0230	0.8447	-0.0246	Myeloid cell
1869.0	5255.71	0.0559	-0.0011	-0.0145	0.7754	-0.0338	Myeloid cell
1866.5	5405.21	-0.0490	-0.0036	-0.0114	0.7588	-0.0253	Myeloid cell
1860.5	5613.71	-0.0479	0.0089	-0.0067	0.9229	-0.0215	Myeloid cell
1860.5	5592.71	-0.0227	0.0049	-0.0117	0.8599	-0.0198	Myeloid cell
1855.0	5650.21	-0.0572	0.0013	-0.0148	0.8677	-0.0262	Myeloid cell
1853.0	5593.21	-0.0386	-0.0019	-0.0160	0.8193	-0.0234	Myeloid cell
1846.0	5588.21	0.0503	-0.0126	-0.0129	0.5625	-0.0586	Myeloid cell
1842.0	5634.71	-0.0336	-0.0278	-0.0439	0.6274	-0.0371	Myeloid cell
1841.0	5656.71	-0.0514	-0.0055	-0.0161	0.8516	-0.0276	Myeloid cell
1835.5	5658.71	-0.0550	-0.0507	-0.0424	0.6934	-0.0446	Myeloid cell
1835.0	5762.21	0.0125	-0.0135	0.6689	-0.0204	-0.0097	cDC1
1830.5	5600.21	-0.0342	0.0099	-0.0069	0.7935	-0.0117	Myeloid cell
1820.5	5597.71	-0.0529	0.0039	-0.0114	0.8813	-0.0229	Myeloid cell
1807.0	5667.21	-0.0420	-0.0004	-0.0144	0.8252	-0.0235	Myeloid cell
1805.5	5659.21	-0.0738	-0.0054	-0.0239	0.7998	-0.0377	Myeloid cell
1792.0	5655.71	0.1440	0.0144	0.0019	0.8887	-0.0144	Myeloid cell
1787.0	5764.71	-0.0462	-0.0339	0.5771	-0.0417	-0.0443	cDC1
1781.5	5600.71	-0.0146	0.0139	0.0008	0.8545	-0.0167	Myeloid cell
1770.0	5611.71	-0.0237	-0.0555	-0.0405	0.7041	-0.0720	Myeloid cell
1769.5	5605.71	-0.0552	0.0038	-0.0124	0.8813	-0.0249	Myeloid cell
1761.5	5660.71	-0.0494	0.0124	-0.0049	0.9263	-0.0185	Myeloid cell
1712.5	5630.21	-0.0254	0.0175	0.0002	0.7886	-0.0063	Myeloid cell
1701.0	5232.71	-0.0459	0.0069	-0.0075	0.8491	-0.0176	Myeloid cell
1678.5	5632.71	0.0380	-0.0170	-0.0316	0.6650	-0.0339	Myeloid cell
1672.5	5228.71	-0.0641	-0.0012	-0.0174	0.8804	-0.0305	Myeloid cell
1671.0	5635.21	-0.0013	0.0186	-0.0006	0.7871	-0.0009	Myeloid cell
1667.0	5620.21	-0.0400	-0.0087	-0.0012	0.7217	0.0118	Myeloid cell
1665.5	5227.21	-0.0523	-0.0066	-0.0281	0.6328	-0.0121	Myeloid cell
1665.5	5217.21	-0.0515	0.0055	-0.0118	0.8818	-0.0192	Myeloid cell
1657.5	5625.71	-0.0428	0.0106	-0.0054	0.9253	-0.0185	Myeloid cell
1657.0	5218.71	-0.0504	0.0128	-0.0033	0.6899	0.0016	Myeloid cell
1655.0	5671.71	0.0605	0.0164	0.0038	0.5327	-0.0035	Myeloid cell
1652.0	5579.21	-0.0307	0.0150	0.0009	0.7383	-0.0067	Myeloid cell
1650.5	5709.21	-0.0308	0.0109	0.0186	0.6343	-0.0063	Myeloid cell
1647.0	5223.71	-0.0397	0.0102	-0.0062	0.9097	-0.0189	Myeloid cell
1643.5	5227.21	-0.0764	-0.0109	-0.0212	0.7881	-0.0298	Myeloid cell
1628.5	5227.21	0.4585	-0.0075	0.1558	-0.0211	0.0003	cDC2
1626.5	5847.21	-0.0337	-0.0275	0.6226	-0.0298	-0.0274	cDC1
1624.0	5696.71	-0.0216	0.0068	-0.0076	0.8906	-0.0214	Myeloid cell
1624.0	5592.21	-0.0497	0.0137	-0.0048	0.9561	-0.0202	Myeloid cell
1617.5	5237.71	-0.0581	0.0046	-0.0111	0.9121	-0.0217	Myeloid cell
1609.5	5619.21	-0.0301	0.0156	-0.0016	0.9355	-0.0121	Myeloid cell
1608.0	5224.21	-0.0676	-0.0690	0.6406	-0.0641	-0.0532	cDC1
1606.5	5717.71	-0.0482	0.0026	-0.0170	0.7729	-0.0152	Myeloid cell
1598.5	5624.71	-0.0505	0.0137	-0.0039	0.9565	-0.0224	Myeloid cell
1592.5	5722.21	-0.0647	0.0064	0.0027	0.7100	-0.0098	Myeloid cell
1591.5	5707.71	-0.0398	0.0154	0.0012	0.8940	-0.0104	Myeloid cell
1588.5	5565.21	-0.0612	-0.0055	-0.0153	0.8750	-0.0271	Myeloid cell
1588.5	5266.21	-0.0320	0.0199	-0.0032	0.9565	-0.0190	Myeloid cell
1586.0	5729.21	-0.0071	0.0260	0.0135	0.9395	-0.0034	Myeloid cell
1583.0	5261.21	-0.0488	0.0074	-0.0086	0.8848	-0.0181	Myeloid cell
1582.5	5700.21	-0.0296	0.0087	-0.0048	0.8306	-0.0098	Myeloid cell
1562.5	5760.71	-0.0602	-0.0059	-0.0188	0.8457	-0.0325	Myeloid cell
1559.5	5673.21	0.9092	-0.0176	-0.0292	0.0194	-0.0318	cDC2
1555.0	5695.21	-0.0035	0.0169	-0.0041	0.7954	-0.0038	Myeloid cell
1552.5	5651.71	-0.0568	0.0029	-0.0128	0.8921	-0.0257	Myeloid cell
1552.0	5715.21	-0.0329	0.0166	0.0031	0.8384	-0.0076	Myeloid cell
1530.5	5261.71	-0.0209	0.0179	0.0026	0.8481	-0.0066	Myeloid cell
1526.0	5758.21	-0.0439	0.0128	-0.0054	0.9058	-0.0101	Myeloid cell
1517.0	5222.21	-0.0480	0.0139	-0.0056	0.9463	-0.0179	Myeloid cell
1516.5	5238.71	0.0084	0.0194	-0.0035	0.7612	0.0000	Myeloid cell
1504.0	5849.71	-0.0592	0.0000	-0.0126	0.7930	-0.0297	Myeloid cell
1500.0	5734.71	-0.0312	0.0030	-0.0171	0.6831	-0.0145	Myeloid cell
1986.5	6331.71	0.7461	-0.0271	-0.0335	0.0991	-0.0455	cDC2
1912.0	5978.71	-0.0107	-0.0135	0.4595	-0.0238	-0.0208	cDC1
1911.0	6316.71	-0.0479	0.0187	-0.0008	0.9990	-0.0216	Myeloid cell
1907.0	6084.71	0.0602	0.0213	-0.0014	0.9263	-0.0260	Myeloid cell
1897.5	6136.71	-0.0403	-0.0299	0.5923	-0.0279	-0.0296	cDC1
1875.0	6505.21	-0.0023	-0.0082	0.3765	-0.0065	-0.0079	Other cell
1859.5	6005.21	-0.0896	-0.0861	0.5400	-0.0818	-0.0718	cDC1
1835.0	5903.71	-0.0714	-0.0627	0.7285	-0.0593	-0.0559	cDC1
1812.5	6206.21	-0.0518	-0.0302	0.5371	-0.0349	-0.0310	cDC1
1796.5	6335.71	-0.0688	-0.0586	0.6367	-0.0572	-0.0552	cDC1
1765.0	6182.21	-0.0406	-0.0327	0.6191	-0.0342	-0.0311	cDC1
1765.0	6175.21	-0.0684	-0.0567	0.7441	-0.0521	-0.0508	cDC1
1752.0	6023.21	-0.0573	-0.0409	0.7715	-0.0381	-0.0397	cDC1
1730.5	6437.21	-0.0468	-0.0283	0.7231	-0.0287	-0.0307	cDC1
1727.0	6163.71	-0.0470	-0.0337	0.6362	-0.0319	-0.0311	cDC1
1706.5	6428.71	-0.0157	-0.0256	0.4397	-0.0298	-0.0240	cDC1
1692.5	5940.71	-0.0657	-0.0479	0.6484	-0.0581	-0.0575	cDC1
1691.0	6303.21	-0.0523	-0.0471	0.4746	-0.0524	-0.0470	cDC1
1683.0	6000.21	-0.0135	-0.0138	0.4302	-0.0114	-0.0131	cDC1
1675.0	6020.21	-0.0416	-0.0396	0.4990	-0.0406	-0.0375	cDC1
1658.5	5919.71	0.0908	-0.0315	0.0592	0.6011	-0.0400	Myeloid cell
1651.5	5892.71	0.0266	0.0054	-0.0042	0.6445	0.0032	Myeloid cell
1646.5	6009.21	-0.0044	0.0184	-0.0014	0.8442	-0.0071	Myeloid cell
1616.5	6123.21	0.0094	-0.0418	-0.0732	0.7153	-0.0825	Myeloid cell
1615.5	6107.21	-0.0094	-0.0061	-0.0149	0.7065	-0.0193	Myeloid cell
1592.5	6447.21	-0.0372	-0.0297	0.6016	-0.0293	-0.0266	cDC1
1588.0	6482.21	-0.0200	-0.0201	0.4199	-0.0199	-0.0189	cDC1
1587.0	5913.21	0.0833	-0.0101	-0.0341	0.7437	-0.0396	Myeloid cell
1571.0	5897.71	-0.0462	-0.0443	0.5361	-0.0446	-0.0415	cDC1
1565.0	6116.71	-0.0303	-0.0126	-0.0267	0.5674	-0.0231	Myeloid cell
1559.0	6088.71	-0.0542	-0.0375	0.8105	-0.0327	-0.0323	cDC1
1527.5	6108.21	0.0065	0.0219	0.0037	0.7812	-0.0073	Myeloid cell
1997.5	7204.21	-0.0514	0.0107	-0.0069	0.9229	-0.0197	Myeloid cell
1994.5	6546.21	-0.0617	-0.0242	0.6172	0.0845	0.0305	cDC1
1992.0	6552.71	0.0341	-0.0090	-0.0125	0.6958	-0.0057	Myeloid cell
1988.5	6562.71	-0.0465	-0.0039	-0.0196	-0.0021	0.9219	B cell
1982.5	6600.21	-0.0309	-0.0400	0.6436	-0.0422	-0.0396	cDC1
1981.5	7097.21	-0.0436	-0.0375	0.6567	-0.0351	-0.0312	cDC1
1965.5	6580.71	-0.0752	-0.0141	-0.0228	0.0692	0.6401	B cell
1960.5	6584.71	-0.0446	-0.0083	-0.0197	0.0370	0.6777	B cell
1957.0	7123.71	-0.0264	-0.0237	0.4590	-0.0175	-0.0182	cDC1
1954.0	6758.71	-0.0602	-0.0499	0.7227	-0.0505	-0.0481	cDC1
1948.0	6951.71	-0.0605	-0.0472	0.7695	-0.0424	-0.0418	cDC1
1944.5	6578.71	0.0118	0.0099	-0.0137	0.8564	-0.0203	Myeloid cell
1933.0	6572.21	0.0577	0.0270	0.2671	0.1527	-0.0002	Other cell
1931.0	7192.21	-0.0558	-0.0379	0.8135	-0.0340	-0.0352	cDC1
1927.5	6933.21	0.6221	-0.0380	-0.0500	0.1699	-0.0475	cDC2
1923.0	6788.71	-0.0649	-0.0680	0.4790	-0.0775	-0.0693	cDC1
1919.0	6566.71	-0.0664	-0.0487	0.7114	-0.0545	-0.0550	cDC1
1889.5	7027.71	-0.0834	-0.0553	0.5991	-0.0799	-0.0489	cDC1
1888.5	6720.71	-0.0097	-0.0182	0.3970	-0.0199	-0.0160	Other cell
1883.5	6873.71	-0.0529	-0.0388	0.7256	-0.0449	-0.0375	cDC1
1868.5	7047.21	-0.0365	-0.0380	0.6382	-0.0403	-0.0328	cDC1
1864.0	7014.21	-0.0476	-0.0423	0.7158	-0.0480	-0.0435	cDC1
1858.5	7015.21	0.3154	0.0478	0.0814	0.0278	0.0270	Other cell
1852.0	6702.71	-0.0688	-0.0520	0.7729	-0.0465	-0.0465	cDC1
1847.0	6978.21	0.1278	-0.0205	0.6064	-0.0012	-0.0180	cDC1
1824.0	7125.21	0.6377	0.0066	-0.0101	0.4836	0.0366	Double pos cDC2
1819.0	6710.71	-0.0329	-0.0266	0.4678	-0.0287	-0.0323	cDC1
1805.5	6785.71	-0.0738	-0.0592	0.6440	-0.0624	-0.0634	cDC1
1803.5	7093.71	-0.0414	-0.0510	0.5762	-0.0569	-0.0468	cDC1
1800.5	7135.71	0.0113	-0.0145	0.6143	-0.0420	0.0057	cDC1
1795.5	6901.71	-0.0497	-0.0371	0.7490	-0.0438	-0.0468	cDC1
1794.5	6575.71	-0.0352	-0.0178	0.5469	-0.0275	-0.0289	cDC1
1781.5	7073.71	0.0016	-0.0030	0.3599	-0.0130	0.0102	Other cell
1777.0	7133.71	-0.0710	-0.0467	0.6553	-0.0503	-0.0451	cDC1
1763.0	7027.21	-0.0376	-0.0126	-0.0322	0.7500	-0.0289	Myeloid cell
1744.5	7061.71	-0.0138	-0.0299	0.7612	-0.0280	-0.0318	cDC1
1744.5	6575.71	0.0244	0.0256	0.2242	0.0782	0.0145	Other cell
1714.0	6644.71	0.1252	-0.0151	0.6240	-0.0019	-0.0238	cDC1
1707.0	7171.71	-0.0628	-0.0507	0.6069	-0.0478	-0.0475	cDC1
1702.5	6593.71	-0.0803	-0.0128	-0.0407	0.7295	-0.0522	Myeloid cell
1702.0	6603.21	0.1686	-0.0548	0.5439	-0.0855	-0.0465	cDC1
1694.5	6670.21	-0.0572	-0.0587	0.7026	-0.0616	-0.0526	cDC1
1690.5	7013.21	-0.0348	-0.0086	-0.0340	0.5630	-0.0330	Myeloid cell
1688.5	6798.21	-0.0795	-0.0183	-0.0357	0.6992	-0.0394	Myeloid cell
1664.5	7135.21	0.0157	0.0188	0.3198	0.1472	0.0130	Other cell
1656.0	6657.71	-0.0814	-0.0735	0.5161	-0.0613	-0.0558	cDC1
1638.5	6651.21	-0.0618	-0.0488	0.7012	-0.0536	-0.0514	cDC1
1626.0	6555.71	-0.0496	-0.0546	0.6948	-0.0500	-0.0435	cDC1
1622.0	6563.71	-0.0633	-0.0500	0.6860	-0.0573	-0.0602	cDC1
1608.5	6690.71	0.0028	0.0046	0.4844	0.0148	-0.0054	cDC1
1593.0	6600.21	0.0007	-0.0015	0.4111	-0.0037	-0.0040	cDC1
1592.5	6764.71	-0.0226	-0.0268	0.4568	-0.0250	-0.0210	cDC1
1589.0	6679.71	-0.0441	-0.0303	0.4963	-0.0409	-0.0381	cDC1
1588.0	7113.21	-0.0391	-0.0287	0.7021	-0.0466	-0.0326	cDC1
1563.0	7037.21	-0.0355	-0.0324	0.7100	-0.0390	-0.0377	cDC1
1536.0	7048.71	-0.0402	-0.0364	0.4153	-0.0384	-0.0354	cDC1
1531.5	6645.21	-0.0282	-0.0338	0.5098	-0.0375	-0.0306	cDC1
1529.5	6897.71	-0.0185	-0.0213	0.5811	-0.0271	-0.0220	cDC1
1525.5	6614.21	-0.0424	-0.0262	0.6465	-0.0272	-0.0247	cDC1
1523.5	7137.21	-0.0554	-0.0436	0.7578	-0.0428	-0.0442	cDC1
1510.5	7080.71	-0.0726	-0.0541	0.6963	-0.0602	-0.0629	cDC1
1510.0	7060.71	0.0695	-0.0063	0.4741	0.3057	-0.0064	cDC1
1508.5	6960.71	-0.0676	-0.0406	0.5264	-0.0500	-0.0320	cDC1
1500.0	6956.21	-0.1116	-0.0901	0.5854	-0.0937	-0.0856	cDC1
1997.5	7363.21	-0.0571	-0.0575	0.4517	-0.0537	-0.0431	cDC1
1997.5	7242.71	0.0069	0.0257	0.0633	0.6084	0.0150	Myeloid cell
1993.5	7704.71	-0.0476	-0.0390	0.7119	-0.0385	-0.0363	cDC1
1980.5	7234.71	0.0466	0.0177	-0.0131	0.7988	-0.0279	Myeloid cell
1976.5	7239.71	-0.0177	-0.0021	-0.0136	0.8149	-0.0237	Myeloid cell
1968.5	7251.21	-0.0582	-0.0171	-0.0299	0.7676	-0.0375	Myeloid cell
1964.0	7619.71	-0.0545	-0.0386	0.4929	-0.0511	-0.0453	cDC1
1947.0	7848.21	-0.0218	-0.0276	0.7212	-0.0221	-0.0264	cDC1
1941.5	7795.71	-0.0152	-0.0444	0.6836	-0.0409	-0.0215	cDC1
1939.5	7569.21	-0.0792	-0.0482	0.6543	-0.0599	-0.0467	cDC1
1935.0	7241.71	-0.0624	-0.0359	0.8203	-0.0277	-0.0346	cDC1
1933.0	7256.71	-0.0173	-0.0203	0.4121	-0.0222	-0.0164	cDC1
1917.0	7752.71	-0.0151	-0.0340	0.5981	-0.0371	-0.0277	cDC1
1910.0	7690.21	0.1371	-0.0062	-0.0428	0.7598	-0.0546	Myeloid cell
1905.0	7682.21	-0.0239	-0.0156	-0.0225	0.8262	-0.0464	Myeloid cell
1897.0	7494.21	-0.0431	-0.0294	0.6333	-0.0236	-0.0218	cDC1
1892.5	7721.21	-0.0315	-0.0244	0.7124	-0.0255	-0.0250	cDC1
1884.0	7412.71	0.3052	0.0366	0.0164	0.8564	0.0098	Myeloid cell
1875.5	7380.71	0.4590	-0.0265	-0.0494	0.7749	-0.0645	Double pos cDC2
1859.0	7425.21	-0.0245	-0.0270	0.6987	-0.0417	-0.0401	cDC1
1850.0	7880.71	0.3325	-0.0029	-0.0121	0.7246	-0.0441	Myeloid cell
1844.0	7642.71	0.1658	0.0085	0.0088	0.8647	-0.0163	Myeloid cell
1837.0	7681.71	-0.0358	-0.0384	0.6387	-0.0416	-0.0340	cDC1
1828.0	7666.71	-0.0456	-0.0129	0.8789	-0.0105	-0.0217	cDC1
1827.5	7822.21	0.0342	0.0238	-0.0119	0.6987	-0.0237	Myeloid cell
1825.5	7419.71	-0.0748	-0.0750	0.6030	-0.0583	-0.0566	cDC1
1806.5	7361.21	-0.0586	-0.0273	-0.0546	0.6709	-0.0542	Myeloid cell
1798.0	7377.71	-0.0713	-0.0460	0.7812	-0.0387	-0.0400	cDC1
1796.0	7624.71	0.0592	0.0051	-0.0119	0.6587	-0.0202	Myeloid cell
1775.0	7775.71	-0.0259	-0.0279	0.4368	-0.0278	-0.0252	cDC1
1774.5	7575.71	-0.0895	-0.0627	0.6021	-0.0702	-0.0592	cDC1
1767.0	7363.21	-0.0821	-0.0677	0.6548	-0.0688	-0.0674	cDC1
1751.5	7456.71	-0.0309	-0.0104	0.5972	-0.0069	-0.0027	cDC1
1745.0	7215.21	0.0437	0.0225	-0.0123	0.6582	0.0042	Myeloid cell
1737.5	7878.21	-0.0720	-0.0228	-0.0391	-0.0090	0.7026	B cell
1729.5	7880.71	-0.0256	-0.0181	-0.0349	-0.0186	0.3625	Other cell
1714.0	7536.21	-0.0095	-0.0209	0.3933	-0.0262	-0.0220	Other cell
1700.0	7864.71	-0.0276	-0.0214	0.5229	-0.0178	-0.0233	cDC1
1668.0	7652.21	0.5762	-0.0497	-0.0490	0.0516	-0.0542	cDC2
1650.0	7858.21	0.0941	-0.0102	0.0211	0.5864	-0.0224	Myeloid cell
1642.5	7862.21	-0.0517	0.0062	-0.0121	0.8945	-0.0210	Myeloid cell
1634.5	7398.71	0.0106	0.0144	0.2939	0.0536	0.0086	Other cell
1612.5	7796.21	0.5176	-0.0202	-0.0340	-0.0132	-0.0112	cDC2
1567.5	7689.71	-0.0459	-0.0488	0.5298	-0.0404	-0.0404	cDC1
1560.5	7798.21	-0.0088	-0.0157	0.3762	-0.0187	-0.0160	Other cell
1553.5	7505.71	0.5742	-0.0067	-0.0288	0.1576	0.0511	cDC2
1539.0	7558.71	0.0190	0.0080	-0.0029	0.8037	-0.0156	Myeloid cell
1526.5	7638.21	-0.0281	0.0062	-0.0138	0.7148	-0.0137	Myeloid cell
1523.5	7783.71	-0.0710	-0.0512	0.6387	-0.0739	-0.0619	cDC1
1522.5	7443.71	-0.0632	-0.0544	0.4749	-0.0524	-0.0495	cDC1
1519.5	7229.21	0.0992	0.0339	0.0128	0.4131	0.0922	Myeloid cell
1517.5	7238.71	0.2859	0.0219	-0.0153	0.7959	-0.0339	Myeloid cell
1500.0	7880.71	-0.0521	0.0101	-0.0128	0.7695	-0.0311	Myeloid cell
1500.0	7673.71	0.5264	-0.0233	0.0499	0.1196	0.0427	cDC2
1500.0	7445.71	-0.0682	-0.0448	0.6533	-0.0616	-0.0450	cDC1
1500.0	7256.71	0.1953	-0.0170	0.5542	0.0336	-0.0066	cDC1
2497.5	5166.71	0.6880	0.0028	-0.0151	0.7476	-0.0349	Double pos cDC2
2449.5	4833.71	0.4927	0.0638	0.0476	0.0727	0.0593	cDC2
2291.5	5065.71	0.0098	-0.0137	0.6191	-0.0159	0.0101	cDC1
2285.0	5103.21	0.3838	0.0422	0.0071	0.3196	0.0291	Other cell
2281.0	5077.21	0.2771	0.0861	0.1382	0.0512	0.0406	Other cell
2277.0	5069.21	-0.0756	0.7085	-0.0608	-0.0449	-0.0594	pDC
2271.5	5092.21	0.9331	-0.0083	-0.0229	0.0085	-0.0247	cDC2
2262.0	5087.71	0.4517	0.0500	0.0632	0.0264	0.0348	cDC2
2262.0	5074.21	0.0421	0.0652	0.0642	0.5439	0.0263	Myeloid cell
2249.0	5099.21	0.0493	0.0390	0.0118	0.8940	0.0015	Myeloid cell
2238.0	5115.71	0.4580	-0.0272	-0.0572	-0.0352	0.3557	cDC2
2237.0	5097.71	0.0505	0.0666	0.0692	0.4346	0.0389	Myeloid cell
2231.5	5117.71	0.8916	-0.0180	-0.0392	0.0114	-0.0364	cDC2
2228.0	5102.71	0.4033	-0.0120	-0.0307	-0.0671	0.2634	cDC2
2227.5	5163.71	0.4397	-0.0363	-0.0476	-0.0754	0.2002	cDC2
2223.0	5164.71	0.7026	-0.0204	0.0059	0.0056	0.0635	cDC2
2221.5	5111.21	0.5234	0.0109	-0.0088	0.3484	-0.0100	cDC2
2221.5	5104.71	0.6709	-0.0165	-0.0199	-0.0266	0.0112	cDC2
2214.5	5108.21	0.1807	-0.0475	0.4065	-0.0829	0.0421	cDC1
2209.0	5122.21	0.0925	0.0676	0.0304	0.8906	0.0074	Myeloid cell
2198.0	5118.71	-0.1270	-0.0521	-0.0596	0.6704	-0.0710	Myeloid cell
2072.0	5106.71	0.1140	0.0048	-0.0320	0.7119	0.0086	Myeloid cell
2072.0	4870.71	0.3914	0.0605	-0.0402	0.7207	-0.0600	Myeloid cell
2014.5	4911.21	0.4062	-0.0495	0.0400	-0.0656	0.3767	cDC2
2000.0	5204.71	-0.0588	0.0005	-0.0152	0.8804	-0.0259	Myeloid cell
2496.0	5580.71	-0.1059	-0.0872	0.6313	-0.0739	-0.0709	cDC1
2493.5	5435.21	-0.0061	-0.0220	0.7207	-0.0309	-0.0026	cDC1
2482.5	5688.71	-0.0536	-0.0421	0.6260	-0.0462	-0.0425	cDC1
2482.0	5709.21	-0.0343	-0.0295	0.4497	-0.0390	-0.0383	cDC1
2481.5	5579.71	-0.0295	-0.0160	-0.0259	0.8320	-0.0392	Myeloid cell
2481.0	5536.21	-0.0792	-0.0478	-0.0560	0.5498	-0.0597	Myeloid cell
2479.0	5683.21	-0.0443	-0.0413	0.6953	-0.0475	-0.0478	cDC1
2475.0	5532.71	-0.0482	0.0032	-0.0122	0.8511	-0.0199	Myeloid cell
2473.0	5654.21	-0.0392	-0.0393	0.7197	-0.0495	0.0018	cDC1
2472.5	5556.71	0.0083	-0.0197	-0.0350	0.6602	-0.0334	Myeloid cell
2472.5	5542.21	0.7129	-0.0132	-0.0317	-0.0193	-0.0281	cDC2
2471.0	5597.71	-0.0578	0.0072	-0.0104	0.9058	-0.0248	Myeloid cell
2470.5	5574.71	-0.0280	-0.0134	0.5259	0.0831	-0.0077	cDC1
2468.5	5550.21	-0.0549	-0.0087	-0.0218	0.8481	-0.0217	Myeloid cell
2459.5	5538.71	-0.0621	-0.0476	0.7324	-0.0359	-0.0434	cDC1
2454.0	5556.21	0.0326	-0.0236	-0.0391	0.6489	-0.0346	Myeloid cell
2453.0	5562.71	-0.0438	-0.0388	0.7280	-0.0381	-0.0354	cDC1
2451.0	5471.21	-0.0012	-0.0318	0.7080	-0.0405	-0.0109	cDC1
2448.0	5709.71	-0.0035	-0.0188	0.4448	-0.0277	-0.0170	cDC1
2448.0	5506.71	0.3752	0.0401	-0.0166	0.6816	-0.0282	Myeloid cell
2447.0	5500.21	0.2825	0.0655	0.0019	0.7129	-0.0247	Myeloid cell
2445.0	5262.71	-0.0557	-0.0114	-0.0087	0.6826	-0.0369	Myeloid cell
2443.0	5530.21	-0.0572	-0.0013	-0.0170	0.8374	-0.0276	Myeloid cell
2439.5	5315.71	-0.0460	0.0108	-0.0046	0.9248	-0.0206	Myeloid cell
2435.0	5331.71	0.6953	-0.0061	-0.0165	0.1438	-0.0316	cDC2
2421.5	5526.71	-0.0357	-0.0304	0.6426	-0.0278	-0.0260	cDC1
2419.5	5464.71	-0.0652	-0.0495	0.7866	-0.0434	-0.0423	cDC1
2417.0	5574.21	-0.0261	-0.0138	0.5635	-0.0164	-0.0199	cDC1
2415.0	5274.71	0.0283	0.0050	-0.0202	0.5171	-0.0034	Myeloid cell
2413.0	5351.21	0.7568	0.0073	-0.0222	0.7896	-0.0362	Double pos cDC2
2409.0	5417.71	0.0747	-0.0183	0.5557	0.0087	0.0056	cDC1
2408.0	5530.21	-0.0537	-0.0590	0.4780	-0.0611	-0.0501	cDC1
2408.0	5457.71	0.9390	-0.0144	-0.0231	-0.0101	-0.0280	cDC2
2401.0	5368.21	0.4524	-0.0067	-0.0160	0.8530	-0.0283	Double pos cDC2
2393.5	5668.21	-0.0576	-0.0468	0.6021	-0.0566	-0.0536	cDC1
2390.0	5606.71	-0.0409	0.0008	-0.0162	0.7993	-0.0201	Myeloid cell
2389.5	5339.21	0.8218	-0.0314	-0.0424	-0.0323	-0.0379	cDC2
2387.0	5353.71	0.1138	0.0406	0.3389	0.0575	0.0253	Other cell
2386.0	5597.21	0.1779	0.0248	0.0110	0.7241	-0.0062	Myeloid cell
2383.5	5337.71	0.8418	-0.0318	-0.0368	-0.0384	-0.0420	cDC2
2381.5	5567.21	0.0475	0.0124	-0.0092	0.5420	-0.0124	Myeloid cell
2379.0	5465.71	0.2241	-0.0594	-0.0087	0.7808	-0.0887	Myeloid cell
2378.5	5341.71	0.7007	-0.0031	-0.0294	0.1052	-0.0003	cDC2
2373.0	5525.71	-0.0515	-0.0434	0.6011	-0.0428	-0.0431	cDC1
2368.5	5359.21	0.9438	-0.0347	-0.0369	-0.0428	-0.0405	cDC2
2362.0	5593.21	0.0273	0.0042	-0.0093	0.8203	-0.0273	Myeloid cell
2357.5	5353.21	0.8701	0.0267	-0.0035	0.7656	-0.0179	Double pos cDC2
2357.0	5438.21	0.1549	-0.0395	-0.0037	0.8535	-0.0687	Myeloid cell
2349.5	5755.21	-0.0399	-0.0285	0.5239	-0.0347	-0.0305	cDC1
2348.0	5545.21	-0.0735	-0.0179	-0.0250	0.8101	-0.0418	Myeloid cell
2344.5	5364.21	-0.0566	-0.0002	-0.0207	0.8599	-0.0046	Myeloid cell
2344.0	5574.21	-0.0456	0.0085	-0.0062	0.8735	-0.0141	Myeloid cell
2342.0	5585.21	-0.0468	0.0112	-0.0063	0.9277	-0.0168	Myeloid cell
2342.0	5530.21	-0.0580	0.0050	-0.0114	0.9077	-0.0256	Myeloid cell
2341.5	5546.71	0.1259	-0.0013	-0.0151	0.8613	-0.0289	Myeloid cell
2338.0	5671.71	-0.0166	-0.0184	0.6255	-0.0260	-0.0261	cDC1
2331.0	5578.71	-0.0341	-0.0014	-0.0146	0.8472	-0.0243	Myeloid cell
2330.5	5475.21	0.1963	0.0004	-0.0004	0.6260	-0.0303	Myeloid cell
2330.5	5345.21	0.2460	0.0215	0.3787	0.0005	0.0027	Other cell
2328.5	5398.21	-0.0443	0.0115	-0.0053	0.9268	-0.0155	Myeloid cell
2324.5	5597.71	-0.0562	0.0078	-0.0095	0.9321	-0.0281	Myeloid cell
2319.5	5459.21	-0.0470	0.0191	-0.0001	0.9795	-0.0173	Myeloid cell
2319.5	5367.21	0.0449	-0.0129	-0.0267	0.7188	-0.0228	Myeloid cell
2315.0	5542.71	-0.0660	-0.0063	-0.0213	0.7988	-0.0310	Myeloid cell
2312.5	5579.21	-0.0307	0.0143	0.0092	0.8394	-0.0068	Myeloid cell
2311.0	5545.71	-0.1042	-0.0449	-0.0215	0.6206	-0.0590	Myeloid cell
2308.5	5368.71	-0.0440	0.0157	-0.0028	0.9712	-0.0168	Myeloid cell
2294.0	5794.71	-0.0442	-0.0271	0.7334	-0.0305	-0.0319	cDC1
2273.0	5431.21	-0.0368	0.0110	-0.0088	0.8618	-0.0172	Myeloid cell
2270.0	5603.21	-0.0436	-0.0187	0.5449	-0.0201	-0.0209	cDC1
2263.5	5371.21	-0.0442	0.0125	-0.0002	0.8970	-0.0148	Myeloid cell
2263.0	5563.71	-0.0390	0.0191	0.0010	0.9565	-0.0089	Myeloid cell
2262.5	5408.21	-0.0076	-0.0106	-0.0232	0.8853	-0.0310	Myeloid cell
2262.5	5362.21	-0.0520	0.0054	-0.0113	0.8936	-0.0237	Myeloid cell
2255.5	5408.21	-0.0591	-0.0066	-0.0278	0.7163	-0.0388	Myeloid cell
2254.0	5599.21	0.0381	0.0095	-0.0017	0.8647	-0.0204	Myeloid cell
2253.0	5434.71	0.2391	0.0070	0.0098	0.8320	-0.0188	Myeloid cell
2249.5	5421.71	-0.0412	-0.0066	-0.0056	0.7788	-0.0198	Myeloid cell
2245.0	5693.21	-0.0022	-0.0097	0.5215	-0.0203	0.0003	cDC1
2245.0	5427.71	-0.0269	0.0026	-0.0093	0.6240	-0.0028	Myeloid cell
2242.0	5585.71	-0.0632	-0.0152	-0.0270	0.7842	-0.0346	Myeloid cell
2235.0	5587.71	-0.0351	-0.0331	-0.0428	0.7773	-0.0487	Myeloid cell
2235.0	5419.71	-0.0101	0.0252	0.0122	0.5117	0.0098	Myeloid cell
2214.0	5611.71	-0.0646	-0.0034	-0.0332	0.6582	-0.0477	Myeloid cell
2214.0	5580.21	-0.0558	0.0039	-0.0124	0.8765	-0.0251	Myeloid cell
2212.5	5375.71	-0.0483	0.0131	-0.0051	0.9282	-0.0181	Myeloid cell
2208.5	5528.21	-0.0555	-0.0100	-0.0312	0.5234	-0.0242	Myeloid cell
2207.0	5446.71	-0.0301	0.0075	-0.0056	0.8550	-0.0160	Myeloid cell
2198.0	5583.21	-0.0822	-0.0280	-0.0334	0.6646	-0.0498	Myeloid cell
2195.5	5414.71	-0.0433	-0.0023	-0.0107	0.8486	-0.0173	Myeloid cell
2187.0	5552.71	-0.0380	0.0047	-0.0096	0.8013	-0.0168	Myeloid cell
2180.0	5560.71	-0.0541	0.0010	-0.0145	0.8687	-0.0260	Myeloid cell
2173.5	5587.21	-0.0672	0.0010	-0.0156	0.8257	-0.0293	Myeloid cell
2172.0	5544.21	0.3604	-0.0109	-0.0120	0.7847	-0.0432	Myeloid cell
2166.0	5377.21	-0.0665	-0.0023	-0.0207	0.8276	-0.0299	Myeloid cell
2159.5	5372.71	-0.0091	-0.0216	0.3740	-0.0194	-0.0181	Other cell
2150.0	5569.21	-0.0479	0.0124	-0.0033	0.9482	-0.0212	Myeloid cell
2145.5	5469.71	-0.0198	-0.0313	-0.0426	0.4990	-0.0458	Myeloid cell
2145.0	5703.71	-0.0127	-0.0202	0.6016	-0.0146	-0.0228	cDC1
2145.0	5476.71	-0.0302	0.0033	-0.0177	0.7383	-0.0103	Myeloid cell
2131.0	5403.71	-0.0236	0.0156	0.0050	0.6348	-0.0079	Myeloid cell
2124.5	5554.71	-0.0783	-0.0637	0.7593	-0.0552	-0.0537	cDC1
2118.0	5557.21	-0.0867	-0.0676	0.8159	-0.0525	-0.0557	cDC1
2110.0	5690.71	-0.0627	-0.0464	0.7480	-0.0481	-0.0511	cDC1
2103.5	5534.21	-0.0175	0.0152	-0.0008	0.8535	-0.0071	Myeloid cell
2103.0	5392.21	-0.0499	0.0164	-0.0029	0.9678	-0.0201	Myeloid cell
2096.0	5555.21	-0.0425	0.0149	-0.0005	0.0136	0.9570	B cell
2095.5	5611.71	-0.0717	-0.0410	-0.0548	0.6113	-0.0641	Myeloid cell
2093.5	5408.71	-0.0527	0.0102	-0.0052	0.9531	-0.0246	Myeloid cell
2083.5	5767.71	-0.0019	-0.0054	-0.0241	0.6733	-0.0424	Myeloid cell
2083.0	5556.21	-0.0488	0.0130	-0.0021	0.0097	0.9204	B cell
2079.0	5638.71	-0.0146	0.0131	-0.0030	0.0217	0.5493	B cell
2072.5	5774.71	-0.0576	-0.0156	-0.0229	0.8062	-0.0362	Myeloid cell
2072.5	5769.21	-0.0630	-0.0090	-0.0209	0.8564	-0.0373	Myeloid cell
2058.0	5341.71	0.0095	0.0155	-0.0049	0.7778	-0.0007	Myeloid cell
2055.5	5460.21	-0.0607	0.0041	-0.0115	0.9028	-0.0282	Myeloid cell
2052.5	5599.21	0.0848	0.0102	-0.0101	0.8247	-0.0067	Myeloid cell
2047.0	5570.71	-0.0665	-0.0161	-0.0288	0.7759	-0.0382	Myeloid cell
2041.5	5572.21	-0.0632	-0.0014	-0.0168	0.8643	-0.0286	Myeloid cell
2041.0	5597.71	-0.0293	0.0102	-0.0036	0.8799	-0.0134	Myeloid cell
2041.0	5482.21	-0.0522	0.0043	-0.0106	0.9028	-0.0228	Myeloid cell
2035.0	5618.21	-0.0504	0.0117	-0.0063	0.9263	-0.0186	Myeloid cell
2026.5	5685.71	-0.0427	-0.0341	0.6396	-0.0381	-0.0407	cDC1
2021.0	5619.21	-0.0177	0.0159	-0.0030	0.7451	-0.0113	Myeloid cell
2013.5	5644.71	-0.0200	0.0204	0.0007	0.6792	-0.0042	Myeloid cell
2005.5	5343.21	-0.0522	0.0100	-0.0072	0.9316	-0.0211	Myeloid cell
2005.0	5487.21	-0.0581	0.0030	-0.0130	0.8779	-0.0252	Myeloid cell
2004.5	5287.21	-0.0502	0.0016	-0.0063	0.8418	-0.0146	Myeloid cell
2003.5	5208.21	-0.0144	-0.0044	-0.0266	0.6689	-0.0203	Myeloid cell
2000.0	5658.21	0.1089	0.0009	-0.0029	0.6255	-0.0189	Myeloid cell
2000.0	5544.71	-0.0591	0.0114	-0.0094	0.9453	-0.0292	Myeloid cell
2000.0	5229.21	-0.0443	0.0134	-0.0047	0.9160	-0.0151	Myeloid cell
2497.5	6518.21	-0.0562	-0.0481	0.7920	-0.0402	-0.0429	cDC1
2497.0	6284.71	-0.0110	0.0097	-0.0047	0.6353	-0.0005	Myeloid cell
2486.5	6431.71	-0.0726	-0.0610	0.7314	-0.0555	-0.0532	cDC1
2480.5	6051.21	-0.0421	0.0005	-0.0532	0.6382	-0.0706	Myeloid cell
2474.5	6225.21	-0.0724	-0.0601	0.7212	-0.0457	-0.0533	cDC1
2473.5	5955.71	-0.0053	-0.0060	0.6538	-0.0571	-0.0321	cDC1
2472.0	6219.21	-0.0537	-0.0432	0.7222	-0.0392	-0.0375	cDC1
2459.0	6410.21	-0.0568	-0.0474	0.7393	-0.0470	-0.0483	cDC1
2458.5	5885.21	0.2520	0.0081	0.1766	-0.0062	-0.0156	Other cell
2456.0	5999.71	-0.0629	-0.0475	0.6406	-0.0691	-0.0583	cDC1
2451.5	6225.21	-0.0409	-0.0224	0.6528	-0.0216	-0.0225	cDC1
2445.0	6154.21	-0.0341	-0.0270	0.5894	-0.0468	-0.0402	cDC1
2442.5	6410.71	-0.0990	-0.0776	0.6030	-0.0911	-0.0779	cDC1
2435.0	6000.71	-0.0684	-0.0554	0.6646	-0.0528	-0.0499	cDC1
2430.5	6510.71	-0.0399	-0.0395	0.6396	-0.0419	-0.0424	cDC1
2417.0	6490.21	-0.0526	-0.0421	0.6245	-0.0444	-0.0447	cDC1
2417.0	6420.21	-0.0461	-0.0406	0.7837	-0.0416	-0.0409	cDC1
2412.5	6497.71	-0.0421	-0.0365	0.7515	-0.0339	-0.0320	cDC1
2412.5	6320.21	-0.0420	-0.0355	0.6348	-0.0497	-0.0310	cDC1
2406.5	6206.21	-0.0468	-0.0368	0.5713	-0.0484	-0.0450	cDC1
2404.0	6257.71	-0.0532	-0.0415	0.8042	-0.0383	-0.0382	cDC1
2394.0	6487.21	-0.0608	-0.0509	0.6377	-0.0487	-0.0483	cDC1
2391.5	6482.21	-0.0582	-0.0553	0.6533	-0.0538	-0.0493	cDC1
2390.0	6506.21	-0.0391	-0.0291	0.6055	-0.0345	-0.0357	cDC1
2388.0	6107.21	-0.0429	-0.0350	0.6094	-0.0302	-0.0288	cDC1
2384.5	6251.21	-0.0480	-0.0408	0.4487	-0.0442	-0.0399	cDC1
2376.5	6411.21	-0.0538	-0.0029	-0.0322	0.7915	-0.0466	Myeloid cell
2369.5	6183.71	-0.0218	-0.0188	0.4753	-0.0213	-0.0222	cDC1
2368.5	6158.21	-0.0297	-0.0248	0.6099	-0.0320	-0.0255	cDC1
2358.5	6477.71	0.0083	-0.0148	0.4478	-0.0127	-0.0084	cDC1
2354.0	5997.21	-0.0342	-0.0335	0.5059	-0.0370	-0.0311	cDC1
2349.5	6517.71	-0.0558	-0.0316	0.8188	-0.0239	-0.0302	cDC1
2330.5	5997.21	-0.0386	-0.0378	0.6909	-0.0542	-0.0443	cDC1
2326.5	5957.71	-0.0664	-0.0602	0.6890	-0.0582	-0.0588	cDC1
2325.0	6213.71	-0.0667	-0.0538	0.7422	-0.0491	-0.0483	cDC1
2325.0	6135.21	-0.0657	-0.0530	0.7012	-0.0486	-0.0519	cDC1
2315.0	6235.71	0.0198	0.0235	0.3977	0.1254	-0.0014	Other cell
2314.5	6341.71	-0.0740	-0.0660	0.5513	-0.0651	-0.0595	cDC1
2300.0	6070.21	0.5000	0.0082	-0.0127	0.6167	-0.0246	Double pos cDC2
2292.0	5992.21	-0.0663	-0.0553	0.6064	-0.0643	-0.0609	cDC1
2288.5	6360.21	-0.0645	-0.0460	0.8003	-0.0385	-0.0405	cDC1
2288.0	5880.21	0.0893	-0.0423	0.5317	-0.0310	-0.0332	cDC1
2278.0	6480.21	-0.0292	-0.0382	0.5693	-0.0427	-0.0305	cDC1
2277.5	6381.71	0.0294	0.0198	0.0745	0.6523	0.0069	Myeloid cell
2273.5	6313.21	-0.0651	-0.0475	0.6602	-0.0482	-0.0456	cDC1
2273.5	6073.21	-0.0696	-0.0019	-0.0255	0.7949	-0.0395	Myeloid cell
2271.5	6236.21	0.1912	-0.0221	0.3220	-0.0513	-0.0446	Other cell
2262.0	6375.21	0.1714	-0.0166	-0.0247	0.5791	-0.0297	Myeloid cell
2260.5	6160.21	-0.0591	-0.0512	0.6816	-0.0493	-0.0471	cDC1
2259.0	6497.71	-0.0917	-0.0398	-0.0503	-0.0281	0.7373	B cell
2253.0	5934.21	-0.0720	-0.0583	0.7090	-0.0599	-0.0619	cDC1
2251.0	6084.71	0.1830	-0.0264	-0.0518	0.7002	-0.0646	Myeloid cell
2242.5	6368.71	0.3191	0.0163	0.2067	0.0464	-0.0226	Other cell
2240.0	6085.71	0.0323	0.0211	-0.0272	0.5811	-0.0404	Myeloid cell
2233.5	6465.71	-0.0341	-0.0160	0.7329	-0.0225	-0.0157	cDC1
2232.5	5880.71	-0.0399	-0.0340	0.6304	-0.0385	-0.0397	cDC1
2220.5	5922.21	-0.0566	-0.0421	0.7041	-0.0547	-0.0409	cDC1
2220.0	6025.71	-0.0443	-0.0359	0.7383	-0.0446	-0.0408	cDC1
2210.0	6235.21	-0.0629	-0.0500	0.7153	-0.0496	-0.0487	cDC1
2209.0	6171.21	-0.0187	-0.0083	0.5698	-0.0089	-0.0100	cDC1
2204.0	6145.71	0.0104	-0.0064	0.3450	-0.0014	-0.0015	Other cell
2198.5	6148.21	-0.0618	-0.0471	0.7515	-0.0445	-0.0464	cDC1
2198.5	6089.21	-0.0524	-0.0459	0.5264	-0.0406	-0.0386	cDC1
2190.5	6430.21	-0.0573	-0.0515	0.6562	-0.0517	-0.0498	cDC1
2188.5	6060.21	-0.0050	-0.0020	0.4526	-0.0038	-0.0056	cDC1
2185.5	6451.71	-0.0277	-0.0265	0.4727	-0.0333	-0.0289	cDC1
2181.5	6182.21	-0.0263	-0.0300	0.4304	-0.0279	-0.0267	cDC1
2181.5	6098.21	-0.0080	-0.0233	0.7070	-0.0273	-0.0172	cDC1
2177.0	5947.71	-0.0690	-0.0613	0.5659	-0.0607	-0.0567	cDC1
2172.5	5912.21	-0.0608	-0.0380	0.7891	-0.0338	-0.0339	cDC1
2169.0	6322.71	-0.0065	-0.0238	0.4519	-0.0284	-0.0210	cDC1
2157.0	6450.71	-0.0535	-0.0423	0.7036	-0.0404	-0.0388	cDC1
2147.0	6400.21	-0.0247	-0.0230	0.6401	-0.0249	-0.0261	cDC1
2145.5	6385.71	-0.0410	-0.0195	0.8574	-0.0171	-0.0238	cDC1
2144.5	6510.71	-0.0543	-0.0428	0.6284	-0.0429	-0.0438	cDC1
2133.0	6386.21	0.3237	-0.0043	-0.0328	0.8472	-0.0502	Myeloid cell
2122.0	6362.21	-0.0255	-0.0166	0.4490	-0.0165	-0.0195	cDC1
2116.0	6068.71	-0.0243	-0.0170	0.4883	-0.0210	-0.0251	cDC1
2112.5	6412.21	-0.0565	-0.0438	0.6372	-0.0351	-0.0358	cDC1
2111.0	6486.71	-0.0696	-0.0485	0.6919	-0.0621	-0.0536	cDC1
2104.0	5929.71	-0.0427	-0.0442	0.6523	-0.0420	-0.0364	cDC1
2102.5	5912.71	0.0346	-0.0024	0.6318	-0.0340	0.0103	cDC1
2096.5	6359.71	-0.0380	0.0126	-0.0053	0.8857	-0.0134	Myeloid cell
2092.0	6197.71	0.0034	-0.0146	0.6777	-0.0219	-0.0190	cDC1
2081.5	6393.21	-0.0828	-0.0619	0.6890	-0.0594	-0.0532	cDC1
2073.5	6455.21	-0.0478	-0.0047	-0.0027	0.7905	-0.0240	Myeloid cell
2071.0	6463.71	0.1716	0.0350	0.0258	0.6074	0.0018	Myeloid cell
2065.5	6488.21	-0.0153	-0.0237	0.6274	-0.0256	-0.0277	cDC1
2063.5	6284.21	-0.0474	-0.0356	0.7490	-0.0381	-0.0357	cDC1
2056.0	6466.21	-0.0007	-0.0129	-0.0308	0.5298	-0.0333	Myeloid cell
2046.5	6353.71	-0.0535	-0.0301	-0.0381	0.7344	-0.0464	Myeloid cell
2046.5	6145.21	-0.0602	-0.0481	0.5747	-0.0490	-0.0480	cDC1
2042.0	6350.71	-0.0544	0.0028	-0.0133	0.8760	-0.0184	Myeloid cell
2041.0	5998.21	-0.0646	-0.0465	0.7319	-0.0501	-0.0505	cDC1
2039.5	6015.21	-0.0446	-0.0299	0.7544	-0.0325	-0.0332	cDC1
2028.0	6148.71	-0.0317	-0.0259	0.4861	-0.0248	-0.0230	cDC1
2014.0	6420.71	0.0157	0.0105	-0.0117	0.6030	-0.0212	Myeloid cell
2008.0	6125.71	-0.0701	-0.0550	0.6133	-0.0551	-0.0533	cDC1
2000.0	6399.21	-0.0486	-0.0398	0.7207	-0.0402	-0.0401	cDC1
2497.5	7147.71	-0.0316	-0.0142	0.6104	-0.0333	-0.0239	cDC1
2491.0	6852.21	-0.0529	-0.0256	0.7891	-0.0262	-0.0323	cDC1
2486.5	6770.21	0.6748	-0.0324	-0.0232	0.0167	-0.0025	cDC2
2483.0	6895.21	-0.0834	-0.0589	0.5884	-0.0621	-0.0526	cDC1
2481.0	6973.71	0.0336	-0.0135	0.6387	-0.0255	0.0055	cDC1
2477.5	7209.21	-0.0591	-0.0456	0.5889	-0.0467	-0.0486	cDC1
2458.5	6671.71	0.1853	-0.0052	0.3323	-0.0234	-0.0201	Other cell
2449.5	7076.71	0.0053	-0.0318	0.7324	-0.0301	-0.0205	cDC1
2446.0	6967.21	-0.0576	-0.0454	0.7744	-0.0423	-0.0438	cDC1
2437.0	7200.71	-0.0925	-0.0734	0.5649	-0.0804	-0.0750	cDC1
2427.0	6681.71	-0.0673	-0.0517	0.6187	-0.0554	-0.0569	cDC1
2419.5	6792.71	-0.0745	-0.0616	0.7065	-0.0611	-0.0633	cDC1
2417.0	6607.21	0.0157	-0.0404	0.6372	-0.0274	-0.0052	cDC1
2416.5	7200.21	0.1901	0.0102	0.2224	-0.0099	-0.0029	Other cell
2415.5	6795.71	-0.0295	-0.0416	0.5874	-0.0500	-0.0358	cDC1
2413.5	7014.21	-0.0549	-0.0415	0.7319	-0.0414	-0.0413	cDC1
2408.0	6776.21	-0.0150	-0.0097	0.4534	-0.0127	-0.0137	cDC1
2405.5	6855.71	-0.0648	-0.0473	0.7856	-0.0417	-0.0437	cDC1
2396.5	6730.71	-0.0703	-0.0571	0.4780	-0.0578	-0.0541	cDC1
2385.0	7052.21	-0.0431	-0.0336	0.6201	-0.0654	-0.0060	cDC1
2384.0	6787.71	-0.0954	-0.0842	0.5493	-0.0788	-0.0749	cDC1
2381.0	7086.21	-0.0400	-0.0382	0.6909	-0.0415	-0.0422	cDC1
2377.5	6952.71	-0.0486	-0.0358	0.6802	-0.0319	-0.0314	cDC1
2372.5	6706.71	-0.0497	0.0018	-0.0142	0.8809	-0.0239	Myeloid cell
2366.5	6705.71	-0.0498	-0.0022	-0.0126	0.8105	-0.0266	Myeloid cell
2350.0	6661.21	0.1088	-0.0293	0.6846	0.0137	-0.0432	cDC1
2350.0	6589.71	-0.0451	-0.0335	0.6055	-0.0308	-0.0296	cDC1
2348.5	7057.21	-0.0491	-0.0355	0.6113	-0.0532	-0.0472	cDC1
2338.5	6692.71	-0.0400	-0.0454	0.5020	-0.0381	-0.0326	cDC1
2334.5	7049.71	-0.0621	-0.0546	0.6089	-0.0576	-0.0553	cDC1
2330.5	6622.71	-0.0195	-0.0224	0.4351	-0.0198	-0.0186	cDC1
2330.0	7155.21	-0.0391	-0.0373	0.6392	-0.0493	-0.0444	cDC1
2327.5	6858.71	-0.0692	-0.0505	0.4924	-0.0552	-0.0419	cDC1
2322.0	7076.71	-0.0246	-0.0216	0.5156	-0.0250	-0.0254	cDC1
2311.5	6662.21	0.1721	0.0673	0.0645	0.5020	0.0011	Myeloid cell
2302.5	6633.71	-0.0396	-0.0300	0.7793	-0.0324	-0.0233	cDC1
2301.0	6912.21	-0.0474	-0.0433	0.6187	-0.0447	-0.0415	cDC1
2300.0	6546.21	-0.0527	-0.0429	0.7754	-0.0411	-0.0407	cDC1
2290.5	7027.71	0.0034	-0.0148	0.5259	-0.0197	-0.0144	cDC1
2282.5	7199.21	0.0020	-0.0106	-0.0256	0.7290	-0.0249	Myeloid cell
2279.0	6745.21	-0.0513	-0.0275	0.8110	-0.0245	-0.0284	cDC1
2272.5	6575.71	-0.0396	-0.0290	0.5996	-0.0288	-0.0273	cDC1
2260.0	6809.21	-0.1031	-0.0913	0.6035	-0.0820	-0.0758	cDC1
2248.5	6741.71	-0.0417	-0.0317	0.6787	-0.0290	-0.0304	cDC1
2246.0	6716.21	-0.0534	-0.0465	0.5063	-0.0458	-0.0432	cDC1
2242.5	6673.21	-0.0999	-0.0946	0.5674	-0.0939	-0.0830	cDC1
2220.0	7190.71	0.1288	-0.0025	-0.0129	0.8579	-0.0353	Myeloid cell
2213.5	7098.71	-0.0696	-0.0549	0.7368	-0.0560	-0.0553	cDC1
2208.0	6967.21	-0.0505	-0.0427	0.6772	-0.0421	-0.0404	cDC1
2205.0	6586.21	-0.0443	-0.0389	0.6655	-0.0460	-0.0463	cDC1
2190.5	6948.71	0.7280	-0.0497	-0.0571	-0.0329	-0.0551	cDC2
2184.0	7146.21	-0.0413	-0.0242	0.8149	-0.0219	-0.0239	cDC1
2173.0	7181.71	-0.0352	-0.0384	0.5195	-0.0497	-0.0426	cDC1
2168.5	6932.71	-0.0518	-0.0422	0.7744	-0.0373	-0.0367	cDC1
2161.0	6571.71	-0.0825	0.7520	-0.0667	-0.0499	-0.0657	pDC
2160.5	6797.21	-0.0512	-0.0109	-0.0242	0.7612	-0.0288	Myeloid cell
2155.0	7121.21	-0.0637	-0.0470	0.5889	-0.0476	-0.0476	cDC1
2153.0	7112.71	-0.0504	-0.0191	-0.0349	0.8257	-0.0406	Myeloid cell
2148.0	6585.71	-0.0436	-0.0225	0.4807	-0.0381	-0.0229	cDC1
2136.0	7108.21	-0.0483	-0.0199	0.7979	-0.0232	-0.0230	cDC1
2134.0	6976.71	-0.0447	-0.0296	0.6753	-0.0367	-0.0307	cDC1
2132.0	6820.71	0.5220	0.0069	-0.0138	0.6943	-0.0318	Double pos cDC2
2129.5	6980.21	-0.0317	-0.0171	0.5596	-0.0215	-0.0219	cDC1
2126.0	6756.21	-0.0485	-0.0529	0.6450	-0.0531	-0.0484	cDC1
2124.0	7088.71	-0.0681	0.0009	-0.0156	0.9048	-0.0313	Myeloid cell
2124.0	7016.21	-0.0561	-0.0516	0.6958	-0.0491	-0.0418	cDC1
2121.5	6893.21	0.2500	0.0001	-0.0246	0.7017	-0.0394	Myeloid cell
2120.0	7125.21	-0.0140	-0.0181	0.4868	-0.0237	-0.0221	cDC1
2112.0	6568.71	-0.0897	-0.0746	0.5908	-0.0739	-0.0704	cDC1
2108.0	7122.71	-0.0323	-0.0301	0.4592	-0.0276	-0.0239	cDC1
2102.0	6850.71	-0.0500	-0.0439	0.7002	-0.0442	-0.0420	cDC1
2086.5	6817.71	-0.0384	-0.0162	0.6255	-0.0165	-0.0169	cDC1
2086.0	7100.71	0.3503	0.0003	-0.0162	0.5757	-0.0219	Myeloid cell
2081.0	6800.71	-0.0551	-0.0089	-0.0227	0.7822	-0.0315	Myeloid cell
2076.0	6779.71	-0.0320	-0.0307	0.4258	-0.0315	-0.0270	cDC1
2058.0	7139.21	0.6333	-0.0053	-0.0376	0.6924	-0.0440	Double pos cDC2
2056.5	7181.71	-0.0834	-0.0713	0.6558	-0.0656	-0.0630	cDC1
2047.5	7129.21	-0.0540	-0.0057	-0.0149	0.5850	-0.0158	Myeloid cell
2047.5	6735.21	-0.0301	-0.0230	0.4229	-0.0255	-0.0255	cDC1
2033.5	7144.71	-0.0643	-0.0073	-0.0192	0.0013	0.8970	B cell
2026.0	6931.71	-0.0532	-0.0417	0.7632	-0.0392	-0.0366	cDC1
2015.5	6770.71	-0.0215	-0.0244	0.5210	-0.0254	-0.0196	cDC1
2015.5	6554.71	-0.0658	-0.0588	0.7183	-0.0562	-0.0521	cDC1
2009.0	7162.21	0.0050	-0.0047	-0.0116	0.8403	-0.0120	Myeloid cell
2006.5	6786.71	-0.0363	-0.0317	0.7271	-0.0393	-0.0267	cDC1
2000.0	6716.71	-0.0718	-0.0300	0.6021	-0.0415	-0.0187	cDC1
2497.5	7613.71	0.1420	0.0532	0.2362	0.0161	0.0090	Other cell
2481.5	7656.71	-0.0594	-0.0561	0.6577	-0.0594	-0.0545	cDC1
2481.0	7449.71	0.6294	-0.0637	-0.0676	0.0278	-0.0681	cDC2
2479.5	7242.71	-0.0688	-0.0451	0.6675	-0.0509	-0.0380	cDC1
2475.5	7279.71	-0.0455	-0.0292	0.7319	-0.0260	-0.0271	cDC1
2475.0	7314.21	-0.0023	-0.0116	0.3579	-0.0232	-0.0180	Other cell
2465.5	7442.21	-0.0360	-0.0331	0.4207	-0.0339	-0.0320	cDC1
2463.5	7337.21	-0.0477	-0.0299	0.8013	-0.0274	-0.0307	cDC1
2452.5	7821.21	0.5298	-0.0175	-0.0242	0.1660	0.0065	cDC2
2450.5	7391.21	-0.0162	-0.0081	0.4443	-0.0101	-0.0091	cDC1
2433.0	7490.21	-0.0369	-0.0380	0.5151	-0.0440	-0.0367	cDC1
2415.5	7587.21	-0.0390	-0.0186	0.7227	-0.0266	-0.0149	cDC1
2413.5	7552.21	0.0947	-0.0228	0.5864	-0.0207	0.0010	cDC1
2385.0	7708.71	-0.0214	-0.0312	0.3494	-0.0304	-0.0237	Other cell
2380.5	7742.71	-0.0500	-0.0323	0.7900	-0.0332	-0.0347	cDC1
2371.5	7332.71	-0.0578	0.0179	0.0001	1.0078	-0.0236	Myeloid cell
2370.5	7270.21	0.5796	-0.0314	-0.0401	-0.0374	-0.0410	cDC2
2346.5	7237.71	0.7842	-0.0309	-0.0415	0.0504	-0.0156	cDC2
2343.5	7844.71	0.0195	-0.0239	0.6445	-0.0464	-0.0138	cDC1
2342.0	7301.71	-0.0264	-0.0031	0.0045	0.8740	-0.0271	Myeloid cell
2340.5	7559.21	-0.0903	-0.0852	0.5371	-0.0812	-0.0721	cDC1
2336.5	7309.71	-0.0578	0.0008	-0.0127	-0.0053	0.8638	B cell
2335.5	7563.71	-0.0604	-0.0480	0.5591	-0.0456	-0.0444	cDC1
2333.0	7772.71	-0.0757	-0.0045	-0.0288	0.7090	-0.0280	Myeloid cell
2332.5	7869.71	-0.0417	-0.0279	0.7939	-0.0348	-0.0139	cDC1
2324.5	7774.71	-0.0419	-0.0081	-0.0216	0.8086	-0.0277	Myeloid cell
2318.0	7784.71	-0.0877	-0.0262	-0.0447	0.7393	-0.0432	Myeloid cell
2313.0	7780.21	0.3547	0.0253	-0.0065	0.8960	-0.0126	Myeloid cell
2310.5	7720.71	-0.0833	-0.0391	0.6255	-0.0533	-0.0112	cDC1
2307.5	7357.71	-0.0582	-0.0427	0.6167	-0.0486	-0.0461	cDC1
2297.5	7316.21	-0.0228	-0.0334	0.3940	-0.0406	-0.0320	Other cell
2294.0	7666.21	-0.0677	-0.0134	-0.0240	0.8462	-0.0401	Myeloid cell
2290.5	7872.21	-0.0589	-0.0442	0.7236	-0.0435	-0.0426	cDC1
2253.0	7409.71	-0.0120	-0.0364	-0.0098	0.6689	-0.0740	Myeloid cell
2238.0	7419.21	-0.0188	-0.0205	0.4546	-0.0238	-0.0233	cDC1
2237.5	7509.21	-0.0599	-0.0438	0.7559	-0.0414	-0.0432	cDC1
2226.0	7359.71	-0.0447	-0.0573	0.6611	-0.0660	-0.0516	cDC1
2183.0	7283.21	-0.0582	-0.0493	0.4783	-0.0449	-0.0414	cDC1
2175.5	7215.21	-0.0643	-0.0554	0.6162	-0.0534	-0.0511	cDC1
2167.5	7287.71	0.6909	-0.0511	-0.0467	-0.0251	-0.0612	cDC2
2163.5	7308.71	0.0183	-0.0172	-0.0357	0.6069	-0.0403	Myeloid cell
2143.5	7749.21	0.1492	0.0071	-0.0370	0.7148	-0.0238	Myeloid cell
2126.5	7880.71	-0.0796	-0.0560	0.7129	-0.0411	-0.0495	cDC1
2114.5	7746.71	-0.0493	0.0169	-0.0070	0.9805	-0.0242	Myeloid cell
2097.0	7594.71	0.7544	-0.0203	-0.0393	0.4019	-0.0302	Double pos cDC2
2095.5	7727.21	-0.0326	-0.0302	0.4912	-0.0204	-0.0203	cDC1
2082.0	7534.71	-0.0441	0.0154	-0.0027	0.9409	-0.0168	Myeloid cell
2081.5	7754.71	0.0043	0.0132	-0.0052	0.8892	-0.0105	Myeloid cell
2060.5	7814.21	-0.0859	-0.0457	-0.0559	0.6152	-0.0618	Myeloid cell
2056.5	7812.71	-0.0575	-0.0019	-0.0170	0.8062	-0.0255	Myeloid cell
2054.0	7257.21	-0.0623	-0.0452	0.6963	-0.0493	-0.0452	cDC1
2047.0	7715.21	0.5601	0.0331	0.0060	0.8477	-0.0012	Double pos cDC2
2044.5	7825.21	-0.0517	0.0043	-0.0094	0.8721	-0.0179	Myeloid cell
2036.0	7510.21	-0.0551	0.0038	-0.0117	0.0120	0.9390	B cell
2035.0	7530.21	-0.0432	-0.0142	-0.0216	0.8315	-0.0256	Myeloid cell
2000.0	7627.71	-0.0710	-0.0332	-0.0511	0.6841	-0.0611	Myeloid cell
2997.5	5149.71	0.8262	0.0300	-0.0098	0.8511	-0.0179	Double pos cDC2
2855.5	5204.71	-0.1044	-0.0814	0.5308	-0.0882	-0.0748	cDC1
2791.5	5168.71	0.5605	-0.0408	-0.0505	-0.0640	0.2301	cDC2
2783.0	5187.71	-0.0016	0.0056	0.1145	0.2710	0.0048	Other cell
2748.5	5091.71	0.0387	0.0531	0.0169	1.0215	0.0529	Myeloid cell
2719.5	5195.21	-0.0157	0.0062	0.0618	0.3459	-0.0014	Other cell
2713.0	5199.71	0.3984	-0.0548	-0.0701	-0.1022	0.3018	Other cell
2702.5	5149.71	0.8843	-0.0131	-0.0432	-0.0347	0.1978	cDC2
2629.0	5015.71	0.7148	-0.0629	-0.0671	-0.0797	0.0954	cDC2
2617.5	5029.71	0.4067	-0.0231	0.2375	-0.0171	0.0956	cDC2
2617.0	5024.21	0.2600	0.0193	0.0150	0.0099	0.0333	Other cell
2582.5	5009.21	0.4907	-0.0300	-0.0562	-0.0706	0.6567	Invalid
2541.5	4958.21	0.5522	-0.0463	-0.0636	-0.0676	0.2301	cDC2
2536.5	4917.71	-0.0589	0.5649	-0.0729	-0.0752	-0.0668	pDC
2997.5	5743.71	0.1064	-0.0087	-0.0022	0.8569	-0.0352	Myeloid cell
2997.5	5738.21	0.1265	-0.0203	-0.0094	0.8970	-0.0500	Myeloid cell
2992.5	5597.71	-0.0337	0.0190	0.0001	0.9160	-0.0124	Myeloid cell
2990.5	5837.71	-0.0629	-0.0050	-0.0177	0.8711	-0.0379	Myeloid cell
2988.0	5723.21	-0.0321	-0.0041	-0.0161	0.6738	-0.0244	Myeloid cell
2986.0	5851.21	-0.0539	-0.0149	0.0315	0.6372	-0.0407	Myeloid cell
2984.0	5569.21	-0.0572	-0.0026	-0.0163	0.8350	-0.0052	Myeloid cell
2974.5	5746.71	-0.0474	0.0095	-0.0090	0.9272	-0.0222	Myeloid cell
2972.5	5798.21	-0.0527	0.0070	-0.0106	0.9233	-0.0217	Myeloid cell
2971.5	5471.71	0.4302	-0.0098	-0.0268	0.5645	-0.0340	Double pos cDC2
2969.5	5466.71	0.4570	-0.0181	-0.0261	0.5942	-0.0358	Double pos cDC2
2968.0	5761.71	-0.0463	0.0098	-0.0071	0.9404	-0.0211	Myeloid cell
2966.0	5423.71	0.3315	0.0402	-0.0237	0.6309	-0.0389	Myeloid cell
2965.5	5720.71	-0.0300	-0.0024	-0.0526	0.8164	-0.0500	Myeloid cell
2965.0	5452.71	0.3894	0.0098	-0.0203	0.6675	-0.0267	Myeloid cell
2965.0	5428.21	0.3584	0.0381	-0.0150	0.6431	-0.0381	Myeloid cell
2962.0	5837.21	-0.0562	-0.0037	-0.0149	0.8003	-0.0271	Myeloid cell
2962.0	5702.21	0.0487	0.0118	0.0056	0.7925	-0.0109	Myeloid cell
2958.0	5814.21	-0.0171	-0.0264	0.5151	-0.0367	-0.0259	cDC1
2958.0	5757.21	-0.0396	0.0047	-0.0062	0.8784	-0.0160	Myeloid cell
2954.0	5672.21	0.0487	-0.0174	0.1227	0.5371	-0.0362	Myeloid cell
2953.5	5538.21	-0.0258	0.0051	0.0173	0.9229	-0.0147	Myeloid cell
2950.5	5840.71	-0.0539	-0.0118	-0.0225	0.7944	-0.0195	Myeloid cell
2947.5	5737.71	-0.0764	-0.0598	0.7334	-0.0485	-0.0448	cDC1
2946.0	5751.71	-0.0530	0.0041	0.0508	0.5801	-0.0180	Myeloid cell
2944.5	5682.71	0.0289	0.0273	0.0145	0.8662	0.0070	Myeloid cell
2941.5	5800.21	-0.0500	-0.0103	-0.0326	0.6748	-0.0311	Myeloid cell
2939.0	5859.71	-0.0159	-0.0320	-0.0467	0.6768	-0.0557	Myeloid cell
2930.0	5843.21	-0.0534	-0.0114	-0.0269	0.7227	-0.0419	Myeloid cell
2927.5	5681.71	-0.0454	-0.0030	-0.0498	0.6436	-0.0472	Myeloid cell
2914.5	5869.21	-0.0807	-0.0065	-0.0457	0.6514	-0.0528	Myeloid cell
2914.0	5674.21	-0.0392	-0.0293	0.6064	-0.0239	-0.0216	cDC1
2912.5	5665.21	-0.0309	-0.0145	0.8569	-0.0096	-0.0126	cDC1
2906.0	5719.21	0.8003	0.0052	-0.0241	0.8672	-0.0484	Double pos cDC2
2906.0	5708.21	0.0323	0.0035	0.0061	0.7861	-0.0238	Myeloid cell
2902.0	5673.21	0.1283	-0.0287	-0.0534	0.6660	-0.0552	Myeloid cell
2901.0	5666.71	-0.0392	0.0076	0.0215	0.6782	-0.0100	Myeloid cell
2899.5	5756.71	0.0893	-0.0553	-0.0621	0.7803	-0.0789	Myeloid cell
2898.5	5567.21	-0.0444	0.0121	-0.0062	0.9102	-0.0172	Myeloid cell
2898.0	5406.21	-0.0065	0.0083	-0.0072	0.7441	-0.0122	Myeloid cell
2897.0	5868.21	-0.0372	-0.0303	0.0770	0.5635	-0.0486	Myeloid cell
2888.0	5416.21	-0.0244	0.0143	0.0172	0.6377	0.0221	Myeloid cell
2887.5	5776.21	-0.0449	0.0142	-0.0032	0.9385	-0.0136	Myeloid cell
2886.5	5606.71	-0.0246	0.0079	-0.0111	0.8032	-0.0166	Myeloid cell
2886.5	5376.71	-0.0499	-0.0321	0.5840	-0.0238	-0.0344	cDC1
2884.0	5424.21	-0.0433	0.0231	0.0022	0.9976	-0.0126	Myeloid cell
2881.5	5597.21	-0.0508	-0.0497	0.5889	0.0207	-0.0154	cDC1
2880.5	5688.21	0.0390	0.0604	0.0659	0.5107	0.0250	Myeloid cell
2878.5	5636.71	0.0152	0.0216	0.0150	0.8608	-0.0021	Myeloid cell
2875.5	5863.21	0.2859	-0.0075	-0.0009	0.7427	-0.0272	Myeloid cell
2874.5	5412.71	-0.0311	0.0187	0.0026	0.9326	-0.0114	Myeloid cell
2870.0	5270.71	0.6436	0.0004	0.0517	0.0646	-0.0252	cDC2
2868.0	5706.21	-0.0110	-0.0657	0.0259	0.7676	-0.0760	Myeloid cell
2857.5	5226.21	-0.0645	-0.0052	-0.0217	0.8506	-0.0302	Myeloid cell
2856.5	5789.21	-0.0403	0.0104	-0.0052	0.9238	-0.0164	Myeloid cell
2855.5	5640.71	-0.0537	0.0081	-0.0082	0.9463	-0.0261	Myeloid cell
2855.0	5615.71	-0.0495	-0.0427	0.7954	-0.0337	-0.0362	cDC1
2854.5	5592.21	0.0274	-0.0343	0.6201	-0.0271	-0.0325	cDC1
2851.5	5595.71	-0.0398	-0.0349	0.6128	-0.0449	-0.0396	cDC1
2851.5	5236.71	-0.0263	-0.0318	-0.0077	0.6987	-0.0616	Myeloid cell
2849.5	5777.21	-0.0427	0.0109	-0.0060	0.9209	-0.0174	Myeloid cell
2844.0	5668.21	-0.0385	-0.0285	-0.0423	0.5356	-0.0439	Myeloid cell
2841.0	5703.21	-0.0418	0.0139	-0.0020	0.9170	-0.0142	Myeloid cell
2839.5	5689.21	-0.0504	0.0152	-0.0041	0.9336	-0.0168	Myeloid cell
2839.5	5313.71	-0.0676	-0.0364	0.7651	-0.0439	-0.0472	cDC1
2838.0	5778.71	0.1162	0.0173	-0.0007	0.9048	-0.0137	Myeloid cell
2835.5	5589.21	-0.0052	-0.0228	-0.0293	0.6133	-0.0354	Myeloid cell
2833.5	5624.21	0.2881	-0.0234	-0.0441	0.7734	-0.0540	Myeloid cell
2831.5	5713.21	-0.0509	0.0180	-0.0022	0.9849	-0.0200	Myeloid cell
2826.0	5237.21	0.7134	-0.0492	-0.0553	-0.0481	-0.0595	cDC2
2822.5	5611.71	-0.0310	0.0173	-0.0110	0.9526	-0.0278	Myeloid cell
2820.5	5239.21	0.7759	-0.0396	-0.0497	0.2534	-0.0547	cDC2
2819.0	5636.21	-0.0477	0.0176	0.0012	0.9863	-0.0209	Myeloid cell
2817.5	5604.21	-0.0137	-0.0136	-0.0185	0.7144	-0.0342	Myeloid cell
2817.5	5596.71	-0.0641	-0.0037	-0.0214	0.8364	-0.0324	Myeloid cell
2816.5	5421.21	0.0293	0.0013	-0.0073	0.8340	-0.0233	Myeloid cell
2816.5	5412.71	0.4126	0.0129	-0.0158	0.9116	-0.0256	Double pos cDC2
2815.5	5582.21	-0.0537	-0.0510	0.4900	-0.0562	-0.0508	cDC1
2814.5	5599.71	-0.0651	-0.0017	-0.0209	0.8511	-0.0320	Myeloid cell
2812.5	5429.71	-0.0753	-0.0533	0.6118	-0.0436	-0.0343	cDC1
2812.0	5577.21	-0.0248	-0.0228	0.5811	-0.0232	-0.0201	cDC1
2811.5	5730.21	0.0305	-0.0242	-0.0239	0.7036	-0.0526	Myeloid cell
2811.5	5695.21	-0.0574	-0.0056	-0.0229	0.8638	-0.0243	Myeloid cell
2809.5	5661.21	0.1371	-0.0270	-0.0491	0.7529	-0.0554	Myeloid cell
2807.0	5730.21	-0.0280	0.0098	-0.0024	0.9019	-0.0095	Myeloid cell
2804.5	5658.21	0.1170	0.0522	0.1187	0.2786	0.0259	Other cell
2802.5	5239.71	-0.0366	-0.0138	-0.0057	0.6318	-0.0344	Myeloid cell
2802.0	5291.71	-0.0155	-0.0394	0.0419	0.6479	-0.0125	Myeloid cell
2801.5	5596.21	-0.0510	0.0092	-0.0085	0.9277	-0.0223	Myeloid cell
2799.5	5613.71	-0.0431	0.0125	-0.0053	0.9258	-0.0110	Myeloid cell
2796.5	5656.71	-0.0249	-0.0037	-0.0171	0.7256	-0.0162	Myeloid cell
2792.0	5594.21	0.0159	0.0207	0.0017	0.7793	0.0027	Myeloid cell
2786.0	5693.71	-0.0531	-0.0018	-0.0150	0.7959	-0.0196	Myeloid cell
2784.5	5605.71	-0.0716	-0.0100	-0.0246	0.8052	-0.0360	Myeloid cell
2781.5	5761.21	-0.0601	-0.0210	-0.0345	0.7681	-0.0413	Myeloid cell
2781.0	5784.71	0.1136	0.0296	-0.0174	0.8442	-0.0334	Myeloid cell
2780.0	5641.71	-0.0448	0.0056	-0.0143	0.9292	-0.0334	Myeloid cell
2779.5	5558.21	0.4392	-0.0421	-0.0114	0.7212	-0.0484	Double pos cDC2
2779.0	5631.21	-0.0366	-0.0160	-0.0316	0.7417	-0.0388	Myeloid cell
2777.5	5760.71	0.0055	-0.0051	-0.0271	0.5854	-0.0168	Myeloid cell
2777.5	5737.21	-0.0406	-0.0003	-0.0017	0.7441	-0.0246	Myeloid cell
2776.5	5843.21	-0.0554	-0.0497	0.6631	-0.0624	-0.0647	cDC1
2771.0	5825.21	-0.0092	-0.0145	0.6602	-0.0474	-0.0337	cDC1
2769.5	5635.71	-0.0370	0.0064	-0.0073	0.8564	-0.0148	Myeloid cell
2769.0	5428.21	-0.0451	0.0048	-0.0091	0.8887	-0.0209	Myeloid cell
2765.0	5598.21	-0.0474	-0.0198	-0.0204	0.6987	-0.0606	Myeloid cell
2764.5	5671.71	-0.0499	0.0010	-0.0135	0.8735	-0.0232	Myeloid cell
2759.5	5699.21	-0.0287	0.0176	0.0096	0.7236	-0.0013	Myeloid cell
2755.5	5579.21	0.0623	-0.0681	0.0488	0.7563	-0.0762	Myeloid cell
2752.0	5567.21	-0.0542	-0.0339	0.8022	-0.0312	-0.0335	cDC1
2749.5	5476.21	0.0191	0.0250	0.0028	0.7876	-0.0007	Myeloid cell
2748.0	5575.71	-0.1164	-0.0724	0.5820	-0.0704	-0.0592	cDC1
2747.0	5552.21	0.0994	-0.0072	-0.0188	0.8315	-0.0354	Myeloid cell
2747.0	5377.71	-0.0269	0.0144	-0.0029	0.6826	-0.0127	Myeloid cell
2745.0	5861.21	-0.0528	0.0097	-0.0460	0.6958	-0.0626	Myeloid cell
2741.0	5563.21	-0.0280	0.0066	-0.0133	0.7920	-0.0050	Myeloid cell
2740.5	5670.21	-0.0361	-0.0134	-0.0213	0.7534	-0.0209	Myeloid cell
2740.5	5577.21	0.0844	-0.0060	-0.0322	0.6421	-0.0304	Myeloid cell
2738.5	5533.21	-0.0465	-0.0053	-0.0206	-0.0059	0.9126	B cell
2735.5	5664.21	-0.0385	0.0104	-0.0048	0.9282	-0.0150	Myeloid cell
2734.5	5576.21	-0.0962	-0.0300	-0.0515	0.7134	-0.0504	Myeloid cell
2730.0	5725.71	-0.0286	0.0090	-0.0075	0.9263	-0.0240	Myeloid cell
2729.5	5654.71	-0.0580	-0.0008	-0.0163	0.8604	-0.0261	Myeloid cell
2729.0	5570.71	-0.0253	0.0161	-0.0012	0.7070	-0.0036	Myeloid cell
2723.0	5647.71	0.0626	-0.0004	0.0212	0.6592	-0.0333	Myeloid cell
2722.5	5705.71	0.0929	-0.0244	-0.0112	0.7773	-0.0641	Myeloid cell
2722.0	5664.21	-0.0113	0.0247	-0.0057	0.9390	-0.0161	Myeloid cell
2719.0	5581.21	-0.0565	0.0028	-0.0136	0.8813	-0.0241	Myeloid cell
2718.5	5621.21	-0.0567	0.0003	-0.0158	0.8799	-0.0302	Myeloid cell
2718.5	5534.21	0.1849	-0.0250	-0.0181	0.8721	-0.0614	Myeloid cell
2715.0	5665.21	-0.0429	-0.0076	-0.0436	0.7720	-0.0273	Myeloid cell
2712.0	5561.71	0.1066	-0.0188	-0.0314	0.7593	-0.0409	Myeloid cell
2709.5	5703.21	-0.0397	0.0008	-0.0137	0.7393	-0.0220	Myeloid cell
2709.5	5533.21	-0.0608	0.0078	-0.0097	0.9463	-0.0260	Myeloid cell
2708.5	5673.71	-0.0526	0.0145	-0.0047	0.9595	-0.0195	Myeloid cell
2705.0	5216.71	-0.0469	0.0148	-0.0030	0.9492	-0.0157	Myeloid cell
2701.5	5557.21	-0.0016	0.0034	-0.0126	0.8394	-0.0209	Myeloid cell
2698.5	5764.21	0.1324	0.0110	-0.0057	0.6572	-0.0069	Myeloid cell
2695.0	5213.21	0.0139	0.0174	-0.0031	0.8057	-0.0064	Myeloid cell
2694.0	5599.21	0.0035	0.0121	0.0155	0.7349	0.0044	Myeloid cell
2691.5	5634.21	0.0435	-0.0195	-0.0392	0.8286	-0.0519	Myeloid cell
2691.0	5660.71	0.0594	-0.0316	0.6685	0.0017	-0.0156	cDC1
2689.5	5625.71	-0.0533	0.0003	-0.0163	0.8613	-0.0225	Myeloid cell
2684.5	5528.21	0.0256	-0.0191	0.6016	-0.0006	-0.0180	cDC1
2682.0	5546.21	-0.0553	0.0088	-0.0091	0.9224	-0.0232	Myeloid cell
2680.0	5571.71	-0.0569	-0.0107	-0.0240	0.8213	-0.0320	Myeloid cell
2679.0	5623.71	-0.0436	0.0023	-0.0126	0.8955	-0.0264	Myeloid cell
2674.5	5605.71	-0.0605	-0.0100	-0.0236	0.8169	-0.0332	Myeloid cell
2674.5	5450.71	0.4058	-0.0237	-0.0439	0.6987	-0.0474	Double pos cDC2
2672.0	5447.21	0.5386	-0.0392	-0.0619	0.6602	-0.0613	Double pos cDC2
2662.5	5631.71	0.1180	0.0307	-0.0054	0.8389	-0.0254	Myeloid cell
2657.0	5536.71	-0.0617	0.0024	-0.0141	0.8901	-0.0273	Myeloid cell
2645.0	5526.21	0.2367	0.0210	-0.0202	0.7666	-0.0263	Myeloid cell
2641.0	5564.71	-0.0931	-0.0449	-0.0447	0.5698	-0.0455	Myeloid cell
2639.5	5387.71	-0.0470	0.0112	-0.0044	0.9136	-0.0048	Myeloid cell
2633.5	5587.71	-0.0479	-0.0113	-0.0231	0.8330	-0.0356	Myeloid cell
2628.5	5510.21	-0.0435	0.0124	-0.0001	0.8828	-0.0126	Myeloid cell
2625.0	5599.71	-0.0555	0.0066	-0.0105	0.9019	-0.0222	Myeloid cell
2612.5	5556.71	-0.0531	-0.0055	-0.0218	0.8481	-0.0217	Myeloid cell
2606.5	5398.71	0.0232	0.0365	0.0027	0.8687	-0.0245	Myeloid cell
2605.5	5542.71	0.2437	-0.0051	0.0361	0.6978	-0.0322	Myeloid cell
2601.0	5537.21	-0.0362	0.0093	-0.0061	0.8877	-0.0128	Myeloid cell
2599.0	5391.71	0.2263	0.0531	0.0204	0.9551	-0.0209	Myeloid cell
2590.0	5383.21	-0.0072	0.0099	-0.0123	0.6191	-0.0211	Myeloid cell
2587.0	5248.71	-0.0513	0.0128	-0.0045	0.9082	-0.0170	Myeloid cell
2586.0	5554.71	-0.0589	0.0063	-0.0114	0.8975	-0.0261	Myeloid cell
2581.0	5392.21	0.0010	0.0187	-0.0138	0.0015	0.4033	B cell
2578.5	5348.71	0.2351	-0.0128	-0.0186	0.7559	-0.0284	Myeloid cell
2578.0	5514.71	-0.0516	0.0014	-0.0154	0.8574	-0.0151	Myeloid cell
2578.0	5381.71	0.0411	-0.0023	0.3721	0.1471	0.0066	Other cell
2575.0	5424.21	-0.0724	-0.0580	0.7178	-0.0582	-0.0567	cDC1
2573.0	5560.71	-0.0490	-0.0176	-0.0447	0.6533	-0.0027	Myeloid cell
2572.0	5546.21	-0.0695	-0.0119	-0.0264	0.7983	-0.0351	Myeloid cell
2571.0	5360.21	0.9580	-0.0175	-0.0263	-0.0082	-0.0308	cDC2
2563.5	5414.21	-0.0213	0.0192	0.0065	0.8516	-0.0036	Myeloid cell
2563.0	5517.21	-0.0470	-0.0112	-0.0255	0.7466	-0.0327	Myeloid cell
2557.5	5731.71	0.0088	-0.0092	0.4004	-0.0187	-0.0094	cDC1
2555.5	5570.71	-0.0215	-0.0486	0.5107	-0.0528	-0.0425	cDC1
2554.0	5518.71	-0.0231	-0.0260	-0.0412	0.7192	-0.0443	Myeloid cell
2551.0	5392.71	-0.0602	-0.0024	-0.0139	0.8184	-0.0262	Myeloid cell
2550.5	5347.71	-0.0281	0.0275	0.0061	0.8491	-0.0032	Myeloid cell
2540.5	5435.71	0.9380	-0.0133	-0.0215	-0.0132	-0.0255	cDC2
2534.5	5436.21	0.2227	0.0054	-0.0190	0.2211	0.3787	Other cell
2531.0	5428.21	-0.0254	-0.0244	0.7334	-0.0197	-0.0058	cDC1
2526.0	5437.71	-0.0406	-0.0261	0.5479	-0.0308	-0.0307	cDC1
2508.0	5584.21	0.0048	0.0244	0.0267	0.5869	0.0029	Myeloid cell
2506.0	5531.21	-0.0422	-0.0229	-0.0279	0.6704	-0.0319	Myeloid cell
2503.5	5565.21	0.0345	-0.0007	-0.0098	0.8115	-0.0198	Myeloid cell
2997.5	5915.21	0.0179	0.0321	0.0078	0.6587	0.0030	Myeloid cell
2980.0	5973.21	-0.0572	0.0041	-0.0092	0.0091	0.9683	B cell
2980.0	5883.21	0.5693	-0.0179	-0.0307	0.5537	-0.0376	Double pos cDC2
2969.0	6371.21	-0.0463	0.0135	-0.0041	0.9521	-0.0199	Myeloid cell
2946.0	6312.71	-0.0561	-0.0177	-0.0261	0.7544	-0.0408	Myeloid cell
2937.5	6035.71	-0.0167	0.0141	-0.0012	0.8452	-0.0042	Myeloid cell
2934.5	6332.71	-0.0511	-0.0447	0.6294	-0.0332	-0.0330	cDC1
2931.5	6104.71	-0.0451	-0.0344	0.6260	-0.0215	-0.0240	cDC1
2930.0	6360.71	-0.0513	0.0044	-0.0112	0.8828	-0.0198	Myeloid cell
2929.0	6488.21	-0.0558	-0.0438	0.7471	-0.0412	-0.0408	cDC1
2923.5	5882.71	0.0154	0.0002	-0.0146	0.8218	-0.0228	Myeloid cell
2905.0	5892.71	0.0442	-0.0303	0.5420	-0.0178	-0.0056	cDC1
2898.0	6134.21	0.2695	-0.0054	-0.0307	0.7573	-0.0513	Myeloid cell
2895.5	5999.21	-0.0458	-0.0402	0.7734	-0.0441	-0.0399	cDC1
2893.5	6123.71	0.0081	-0.0216	0.6587	-0.0262	-0.0224	cDC1
2885.5	6020.71	-0.0285	-0.0210	0.6733	-0.0578	-0.0275	cDC1
2867.5	6379.71	-0.0344	-0.0216	0.5825	-0.0252	-0.0303	cDC1
2862.0	6194.21	-0.0275	-0.0164	0.5181	-0.0173	-0.0174	cDC1
2861.5	6404.71	-0.0231	-0.0244	0.7646	-0.0364	-0.0223	cDC1
2823.5	5892.21	-0.0118	-0.0266	0.6157	-0.0332	-0.0235	cDC1
2822.5	6379.71	-0.0272	-0.0170	0.5342	-0.0156	-0.0189	cDC1
2810.0	6538.21	0.1387	0.0153	-0.0056	0.8169	-0.0109	Myeloid cell
2807.5	6122.71	-0.0328	-0.0270	0.7266	-0.0260	-0.0284	cDC1
2806.0	6531.71	0.0769	0.0034	0.3035	0.1324	0.0080	Other cell
2800.0	6493.21	0.7559	-0.0124	-0.0295	0.5117	-0.0162	Double pos cDC2
2800.0	6371.71	-0.0672	-0.0461	0.8120	-0.0377	-0.0404	cDC1
2780.0	5971.71	-0.0549	-0.0499	0.6812	-0.0655	-0.0593	cDC1
2767.0	6426.71	-0.0351	0.0107	-0.0261	0.7427	-0.0522	Myeloid cell
2760.0	6442.71	-0.0472	0.0058	-0.0094	0.9521	-0.0290	Myeloid cell
2757.0	6368.21	-0.0640	-0.0079	-0.0192	0.7651	-0.0288	Myeloid cell
2754.5	6488.71	-0.0093	-0.0170	0.3892	-0.0152	-0.0135	Other cell
2749.0	6208.21	-0.0709	-0.0587	0.7368	-0.0536	-0.0535	cDC1
2742.5	6450.21	-0.0384	-0.0204	0.6172	-0.0185	-0.0178	cDC1
2738.5	6479.71	-0.0682	-0.0415	0.8193	-0.0316	-0.0408	cDC1
2717.5	5920.71	-0.0287	-0.0316	0.5996	-0.0424	-0.0375	cDC1
2711.0	6388.71	0.0757	0.0416	0.0010	0.8955	-0.0080	Myeloid cell
2693.5	6100.71	0.0200	-0.0224	0.6196	-0.0226	-0.0172	cDC1
2684.0	6210.71	-0.0258	-0.0275	0.6084	-0.0134	-0.0239	cDC1
2683.5	6021.21	-0.0468	0.0057	-0.0080	0.0200	0.9121	B cell
2679.5	6395.71	0.0081	-0.0080	-0.0101	0.8862	-0.0447	Myeloid cell
2675.5	6201.21	-0.0614	-0.0206	-0.0486	0.7456	-0.0489	Myeloid cell
2668.5	6516.71	0.7095	-0.0100	-0.0299	0.4763	-0.0259	Double pos cDC2
2649.0	6353.21	-0.0018	0.0220	0.6143	0.0154	-0.0059	cDC1
2600.5	6334.71	-0.0382	0.0123	-0.0010	0.8955	-0.0123	Myeloid cell
2599.0	6462.71	-0.0600	-0.0458	0.7173	-0.0425	-0.0423	cDC1
2514.0	6308.71	0.0272	0.0408	0.0194	0.7915	0.0091	Myeloid cell
2997.5	7166.71	-0.0510	-0.0300	0.8379	-0.0289	-0.0271	cDC1
2997.5	7144.21	-0.0145	-0.0107	0.5967	-0.0135	-0.0117	cDC1
2997.5	7109.21	-0.0480	-0.0417	0.7295	-0.0390	-0.0331	cDC1
2997.5	6727.21	-0.0210	-0.0360	0.7910	-0.0319	-0.0405	cDC1
2974.5	7016.71	0.0025	-0.0228	0.5723	-0.0321	-0.0203	cDC1
2971.0	7091.71	-0.0537	-0.0434	0.7925	-0.0390	-0.0359	cDC1
2967.5	6828.71	-0.0875	-0.0732	0.7085	-0.0673	-0.0662	cDC1
2962.5	6718.71	-0.0556	-0.0450	0.7754	-0.0445	-0.0435	cDC1
2962.0	7048.71	-0.0090	-0.0159	0.5786	-0.0162	-0.0103	cDC1
2961.5	6578.71	0.0147	-0.0358	0.6621	-0.0448	-0.0271	cDC1
2960.0	6710.21	-0.0577	-0.0385	0.7197	-0.0458	-0.0475	cDC1
2960.0	6585.71	-0.0333	-0.0360	0.5449	-0.0353	-0.0335	cDC1
2959.0	7118.21	-0.0533	-0.0282	0.7471	-0.0245	-0.0270	cDC1
2954.0	7105.21	0.0029	-0.0236	0.6045	-0.0309	-0.0035	cDC1
2953.0	7003.71	0.2634	-0.0232	0.2522	-0.0457	-0.0390	Other cell
2952.0	7007.71	-0.0351	-0.0297	0.7427	-0.0335	-0.0285	cDC1
2948.0	6755.71	-0.0608	-0.0437	0.7852	-0.0424	-0.0423	cDC1
2947.0	6845.71	-0.0413	-0.0398	0.6348	-0.0405	-0.0413	cDC1
2946.5	6598.21	-0.0604	-0.0067	-0.0220	0.8086	-0.0279	Myeloid cell
2945.0	7054.71	-0.0504	-0.0292	0.8560	-0.0206	-0.0289	cDC1
2944.0	6592.21	-0.0668	-0.0268	-0.0549	0.7251	-0.0589	Myeloid cell
2941.5	6764.71	-0.0903	-0.0262	-0.0430	0.7446	-0.0507	Myeloid cell
2927.5	7112.21	-0.0029	-0.0264	0.5508	-0.0341	-0.0302	cDC1
2924.5	6546.21	0.0233	-0.0159	0.5820	-0.0343	-0.0007	cDC1
2922.5	6964.21	-0.0115	0.0019	0.0204	0.6899	-0.0077	Myeloid cell
2917.5	6955.21	-0.0599	-0.0139	-0.0242	0.7349	-0.0216	Myeloid cell
2915.5	6782.71	0.0103	0.0122	-0.0070	0.7729	-0.0118	Myeloid cell
2910.5	6958.71	-0.0278	0.0099	-0.0035	0.7861	-0.0231	Myeloid cell
2910.0	7031.71	0.5703	-0.0144	-0.0257	0.1819	0.0410	cDC2
2899.0	6669.71	-0.1100	-0.0904	0.5840	-0.0910	-0.0859	cDC1
2896.0	7131.71	0.0205	-0.0483	0.7119	-0.0495	-0.0412	cDC1
2890.5	6719.71	-0.0136	-0.0439	0.6875	-0.0638	-0.0368	cDC1
2889.5	6566.21	-0.0545	-0.0552	0.5688	-0.0648	-0.0522	cDC1
2880.5	7061.71	-0.0511	0.0157	-0.0132	0.6909	-0.0030	Myeloid cell
2880.5	6996.71	-0.0797	-0.0712	0.5010	-0.0696	-0.0661	cDC1
2879.5	6916.71	0.0534	0.0035	-0.0068	0.6309	0.0193	Myeloid cell
2865.0	6832.21	-0.0307	-0.0401	0.5903	-0.0501	-0.0418	cDC1
2863.0	6928.21	-0.0228	-0.0218	0.6021	-0.0218	-0.0179	cDC1
2859.0	6846.71	0.0173	-0.0032	0.2891	0.0094	0.0032	Other cell
2857.5	7031.21	-0.0709	-0.0592	0.6021	-0.0572	-0.0564	cDC1
2852.5	6660.71	-0.0624	-0.0541	0.7432	-0.0519	-0.0501	cDC1
2845.5	6822.21	-0.0703	-0.0584	0.7202	-0.0478	-0.0480	cDC1
2842.5	6629.21	-0.0562	-0.0626	0.5532	-0.0619	-0.0498	cDC1
2839.0	6643.21	-0.0019	0.0135	0.0346	0.7075	-0.0004	Myeloid cell
2836.5	7174.71	-0.0728	-0.0623	0.6890	-0.0602	-0.0579	cDC1
2824.0	6763.21	-0.0080	-0.0164	0.5928	-0.0508	-0.0254	cDC1
2823.5	7109.21	-0.0464	-0.0375	0.5928	-0.0386	-0.0374	cDC1
2821.0	6657.21	-0.0623	-0.0539	0.7319	-0.0506	-0.0461	cDC1
2820.5	6735.21	-0.0374	-0.0300	0.4883	-0.0209	-0.0424	cDC1
2819.0	7111.21	-0.0566	-0.0473	0.7368	-0.0462	-0.0446	cDC1
2812.5	6875.71	-0.0266	-0.0359	0.5132	-0.0381	-0.0283	cDC1
2812.0	6851.71	-0.0414	-0.0078	0.5708	0.0041	-0.0301	cDC1
2811.0	7181.21	0.8384	-0.0237	-0.0351	-0.0212	-0.0306	cDC2
2808.5	6947.21	-0.0369	-0.0195	0.6226	-0.0169	-0.0159	cDC1
2808.0	6632.21	-0.0626	-0.0498	0.6040	-0.0563	-0.0538	cDC1
2806.5	6614.21	0.0015	-0.0241	0.6572	-0.0357	-0.0160	cDC1
2802.0	7058.21	-0.0387	-0.0515	0.6587	-0.0637	-0.0510	cDC1
2799.0	6592.21	-0.0322	-0.0471	0.4714	-0.0516	-0.0438	cDC1
2797.5	6776.71	-0.0834	-0.0723	0.6348	-0.0698	-0.0669	cDC1
2787.5	7004.21	-0.0002	-0.0208	0.7085	-0.0159	-0.0231	cDC1
2786.0	6934.21	-0.0135	0.0320	0.0101	0.7246	0.0035	Myeloid cell
2779.5	7129.71	-0.0624	-0.0514	0.6445	-0.0521	-0.0512	cDC1
2778.5	6720.71	-0.0078	-0.0280	0.5737	-0.0204	-0.0092	cDC1
2778.5	6707.71	-0.0505	-0.0452	0.6812	-0.0475	-0.0426	cDC1
2777.5	6696.21	-0.0213	0.0032	-0.0108	0.7754	0.0042	Myeloid cell
2772.5	6699.71	-0.0594	-0.0014	-0.0119	0.0062	0.9453	B cell
2769.0	7191.71	0.8101	-0.0393	-0.0464	-0.0376	-0.0445	cDC2
2752.5	6579.21	-0.0712	-0.0585	0.6470	-0.0614	-0.0620	cDC1
2747.5	7044.21	-0.0552	-0.0402	0.7222	-0.0423	-0.0418	cDC1
2740.0	7167.21	-0.0275	-0.0182	0.5591	-0.0261	-0.0191	cDC1
2734.0	6621.71	0.2363	-0.0042	0.0919	-0.0054	-0.0269	Other cell
2730.0	6663.21	-0.0390	-0.0398	0.6382	-0.0437	-0.0388	cDC1
2700.0	6732.71	-0.0055	-0.0044	0.4810	-0.0062	-0.0106	cDC1
2696.5	7169.71	-0.0127	-0.0200	0.5859	-0.0263	-0.0042	cDC1
2693.5	6558.71	-0.0116	-0.0224	0.4783	-0.0272	-0.0268	cDC1
2686.0	7070.71	-0.0286	-0.0271	0.7026	-0.0374	-0.0281	cDC1
2612.0	6860.21	-0.0504	-0.0373	0.5093	-0.0373	-0.0348	cDC1
2605.5	6588.21	-0.0513	-0.0198	0.8516	-0.0159	-0.0242	cDC1
2600.0	7100.71	-0.0227	-0.0181	0.5303	-0.0193	-0.0209	cDC1
2598.0	7040.21	-0.0305	-0.0244	0.4846	-0.0263	-0.0235	cDC1
2570.5	6759.21	-0.0489	0.0062	-0.0103	0.8892	-0.0190	Myeloid cell
2563.0	6728.71	-0.0513	0.0037	-0.0113	0.9165	-0.0279	Myeloid cell
2561.5	6754.21	0.1189	0.0216	-0.0231	0.7793	-0.0154	Myeloid cell
2557.5	6723.71	-0.0706	-0.0185	-0.0334	0.7715	-0.0494	Myeloid cell
2552.5	6733.71	-0.0280	-0.0241	0.5024	-0.0246	-0.0305	cDC1
2548.0	6899.21	-0.0256	-0.0262	0.4690	-0.0198	-0.0185	cDC1
2529.0	6596.71	-0.0171	-0.0255	0.7358	-0.0507	-0.0263	cDC1
2525.5	7002.71	-0.0571	-0.0446	0.7202	-0.0459	-0.0419	cDC1
2508.5	6651.71	-0.0269	-0.0286	0.4539	-0.0280	-0.0248	cDC1
2500.0	6868.21	-0.0356	-0.0240	0.5400	-0.0243	-0.0245	cDC1
2944.0	7500.21	-0.0164	-0.0409	0.6504	-0.0556	-0.0400	cDC1
2932.5	7484.71	-0.0283	-0.0448	0.6538	-0.0486	-0.0384	cDC1
2921.5	7376.71	-0.0623	-0.0004	-0.0159	0.8823	-0.0323	Myeloid cell
2918.5	7379.71	-0.0499	-0.0350	-0.0255	0.8052	-0.0459	Myeloid cell
2915.5	7584.21	-0.0033	0.0128	-0.0041	0.7007	-0.0093	Myeloid cell
2884.5	7449.21	-0.0408	0.0038	-0.0072	0.8892	-0.0238	Myeloid cell
2882.5	7285.71	-0.0197	-0.0243	0.5322	-0.0241	-0.0268	cDC1
2846.5	7479.71	0.1047	0.0133	0.0154	0.9565	-0.0182	Myeloid cell
2840.0	7514.21	0.0058	-0.0226	0.5713	-0.0297	-0.0322	cDC1
2836.0	7339.71	-0.0592	-0.0370	0.6504	-0.0355	-0.0333	cDC1
2828.5	7341.71	-0.0439	-0.0302	0.6079	-0.0243	-0.0213	cDC1
2801.5	7527.71	-0.0629	0.0068	-0.0114	0.9238	-0.0249	Myeloid cell
2799.0	7426.71	0.0098	-0.0107	0.4404	-0.0190	-0.0138	cDC1
2798.5	7318.21	0.5586	-0.0141	-0.0263	0.2334	0.0313	cDC2
2796.0	7260.71	-0.0306	-0.0292	0.4956	-0.0319	-0.0294	cDC1
2781.0	7547.71	-0.0779	-0.0650	0.5884	-0.0631	-0.0601	cDC1
2778.5	7562.21	-0.0179	-0.0281	0.7515	-0.0314	-0.0215	cDC1
2775.0	7546.71	-0.0797	-0.0709	0.5273	-0.0664	-0.0604	cDC1
2775.0	7364.21	-0.0261	-0.0184	0.5054	-0.0234	-0.0255	cDC1
2773.0	7607.21	-0.0648	0.0034	-0.0151	0.9170	-0.0300	Myeloid cell
2742.0	7591.71	-0.0069	0.0045	-0.0133	0.7524	-0.0194	Myeloid cell
2739.0	7279.21	0.0246	-0.0285	0.6572	-0.0238	-0.0236	cDC1
2715.5	7555.71	-0.0324	0.0029	-0.0166	0.9287	-0.0302	Myeloid cell
2709.5	7646.21	-0.0831	-0.0656	0.6997	-0.0573	-0.0595	cDC1
2696.0	7527.71	-0.0570	0.0005	-0.0158	0.8818	-0.0292	Myeloid cell
2684.0	7634.71	0.0244	-0.0006	0.2971	-0.0260	-0.0219	Other cell
2682.0	7691.21	-0.0312	-0.0249	0.6650	-0.0245	-0.0272	cDC1
2681.0	7528.71	-0.0445	-0.0248	0.4548	0.0200	-0.0274	cDC1
2678.0	7388.71	-0.0329	-0.0077	-0.0233	0.7344	-0.0328	Myeloid cell
2675.5	7614.71	-0.0182	-0.0199	0.4229	-0.0208	-0.0201	cDC1
2669.0	7396.71	-0.0948	-0.0611	-0.0398	0.3992	-0.0595	Other cell
2664.5	7229.21	-0.0573	-0.0037	-0.0105	0.8555	-0.0243	Myeloid cell
2648.0	7320.21	-0.0618	-0.0431	0.7856	-0.0337	-0.0406	cDC1
2640.0	7314.71	-0.0640	-0.0330	0.7314	-0.0414	-0.0438	cDC1
2625.5	7698.21	0.0517	-0.0008	-0.0108	0.5732	0.0153	Myeloid cell
2619.5	7690.71	-0.0500	-0.0058	-0.0220	0.8228	-0.0293	Myeloid cell
2600.0	7238.71	-0.0517	-0.0011	0.2864	0.3320	0.0159	Other cell
2535.5	7592.21	-0.0515	-0.0445	0.5879	-0.0405	-0.0363	cDC1
3485.5	5732.21	0.0587	-0.0266	0.5640	0.0372	0.0253	cDC1
3475.0	5724.21	-0.0125	-0.0231	0.0036	0.6743	-0.0229	Myeloid cell
3465.5	5725.71	-0.0373	-0.0374	0.4478	-0.0198	0.0194	cDC1
3456.5	5857.21	0.5659	-0.0147	-0.0276	-0.0223	0.1094	cDC2
3439.5	5856.71	0.0831	-0.0045	0.5620	-0.0047	0.0201	cDC1
3428.0	5873.71	0.9009	-0.0082	-0.0188	-0.0046	-0.0263	cDC2
3410.5	5846.21	0.6792	-0.0548	0.0101	-0.0748	-0.0697	cDC2
3245.5	5786.71	-0.0728	-0.0155	0.0009	0.7808	-0.0351	Myeloid cell
3127.5	5385.21	-0.0609	-0.0642	0.5596	-0.0598	-0.0486	cDC1
3118.0	5873.71	-0.0654	-0.0376	0.7427	-0.0011	-0.0395	cDC1
3103.0	5818.71	-0.0792	-0.0676	0.2384	-0.0134	-0.0613	Other cell
3097.0	5338.71	-0.0491	-0.0430	0.5503	-0.0413	-0.0381	cDC1
3095.0	5809.21	-0.0460	-0.0491	0.5576	-0.0598	-0.0373	cDC1
3090.5	5800.21	-0.0505	-0.0550	0.6792	-0.0592	-0.0454	cDC1
3089.0	5728.71	0.0912	-0.0531	0.5933	-0.0402	0.0324	cDC1
3088.0	5804.71	0.0388	-0.0118	0.5557	-0.0293	0.0144	cDC1
3085.5	5720.21	-0.0915	-0.0291	-0.0243	0.6416	-0.0481	Myeloid cell
3076.0	5690.21	-0.0134	-0.0222	0.4351	-0.0244	-0.0161	cDC1
3071.0	5843.71	0.3850	0.0157	0.0203	0.0398	0.3770	Other cell
3071.0	5592.71	-0.0541	0.0066	-0.0162	0.7725	-0.0083	Myeloid cell
3069.5	5524.71	0.3933	-0.0568	-0.0547	-0.0971	0.2737	Other cell
3069.0	5521.71	0.3159	-0.0263	0.0253	-0.1155	0.2223	Other cell
3065.5	5701.71	0.7681	-0.0514	-0.0665	-0.0340	0.0477	cDC2
3063.5	5590.21	-0.0966	-0.0128	0.0551	0.5962	-0.0403	Myeloid cell
3060.5	5702.21	0.5342	-0.0413	0.1329	-0.0131	0.0950	cDC2
3058.5	5718.21	0.5181	-0.0102	-0.0176	-0.0273	0.2003	cDC2
3052.5	5780.71	-0.0860	-0.0598	0.6562	-0.0661	-0.0673	cDC1
3048.5	5416.21	-0.0585	-0.0074	-0.0536	0.7461	-0.0510	Myeloid cell
3044.5	5705.71	0.0157	-0.0008	0.5630	0.0094	0.0351	cDC1
3043.5	5801.21	-0.0432	0.0025	-0.0117	0.8291	-0.0210	Myeloid cell
3040.5	5594.71	0.0039	-0.0233	0.6982	-0.0010	0.0069	cDC1
3030.0	5795.21	0.0163	0.0019	-0.0096	0.8931	-0.0277	Myeloid cell
3026.0	5412.21	-0.0529	-0.0682	0.4858	-0.0705	-0.0505	cDC1
3022.5	5765.21	-0.0338	-0.0077	-0.0435	0.7212	-0.0409	Myeloid cell
3015.5	5609.71	-0.0173	0.0289	0.0233	0.7783	-0.0027	Myeloid cell
3010.5	5597.21	0.3962	-0.0284	-0.0214	-0.0462	0.3738	Other cell
3007.5	5727.21	0.2085	0.0098	0.5195	0.0303	0.1057	cDC1
3000.0	5750.71	0.0014	0.0323	0.1277	0.4453	0.0293	Myeloid cell
3000.0	5663.21	0.6353	-0.0256	0.1885	-0.0203	0.0820	cDC2
3000.0	5581.71	-0.0451	-0.0370	0.7178	-0.0216	-0.0312	cDC1
3393.5	6287.71	0.1231	-0.0833	0.2551	0.5723	-0.0725	Myeloid cell
3390.0	6382.71	-0.0711	-0.0113	0.0649	0.0231	0.5850	B cell
3387.0	6389.21	-0.0631	-0.0073	-0.0204	-0.0043	0.8857	B cell
3384.0	6382.21	-0.0562	0.0026	-0.0159	0.0554	0.8789	B cell
3381.0	6242.21	-0.0143	-0.0322	0.5454	-0.0392	-0.0327	cDC1
3380.0	6131.21	-0.0130	-0.0143	0.4949	-0.0181	-0.0166	cDC1
3377.0	6412.21	0.0488	-0.0128	-0.0086	0.9087	-0.0453	Myeloid cell
3374.5	6378.21	-0.0620	-0.0046	-0.0172	0.8423	-0.0282	Myeloid cell
3363.5	6414.21	-0.0540	0.0077	-0.0060	0.0140	0.9590	B cell
3332.0	6374.71	0.0119	0.0016	0.4646	-0.0275	-0.0033	cDC1
3332.0	6345.71	-0.0292	-0.0350	0.3928	-0.0444	-0.0399	Other cell
3325.0	6148.21	-0.0288	-0.0416	0.6704	-0.0573	-0.0419	cDC1
3324.5	6357.71	-0.0589	-0.0467	0.7544	-0.0450	-0.0444	cDC1
3305.5	6145.21	-0.0498	-0.0054	-0.0522	0.7559	-0.0472	Myeloid cell
3301.0	6128.71	-0.0131	0.0152	0.0049	0.8579	-0.0071	Myeloid cell
3300.5	6460.21	-0.0289	-0.0382	0.6719	-0.0454	-0.0433	cDC1
3291.5	6142.71	-0.0548	0.0081	-0.0107	0.9180	-0.0246	Myeloid cell
3285.5	6305.71	0.1093	-0.0061	0.0172	0.7295	-0.0267	Myeloid cell
3285.0	6367.21	-0.0449	-0.0281	0.6738	-0.0264	-0.0261	cDC1
3280.5	6340.71	0.0107	-0.0404	0.5957	-0.0338	-0.0435	cDC1
3279.0	6431.21	-0.0462	-0.0367	0.5864	-0.0366	-0.0367	cDC1
3278.0	6305.21	-0.0287	0.0006	-0.0188	0.8540	-0.0280	Myeloid cell
3276.5	6501.21	-0.0286	-0.0180	0.6426	-0.0195	-0.0213	cDC1
3238.5	6351.71	0.0191	-0.0262	0.3340	0.2764	-0.0093	Other cell
3227.0	6321.71	-0.0536	-0.0411	0.7222	-0.0369	-0.0376	cDC1
3217.5	6068.21	-0.0455	0.0189	-0.0004	0.9746	-0.0159	Myeloid cell
3211.5	6245.71	0.0685	-0.0218	-0.0431	0.6699	-0.0455	Myeloid cell
3193.0	6057.21	-0.0632	0.0025	0.0410	0.6743	-0.0181	Myeloid cell
3186.0	6133.21	0.1775	0.0365	-0.0113	0.8599	-0.0069	Myeloid cell
3182.0	6337.21	-0.0089	-0.0173	0.3955	-0.0187	-0.0209	Other cell
3181.0	6513.21	-0.0415	-0.0400	0.7095	-0.0433	-0.0388	cDC1
3161.5	6367.71	0.0261	0.0173	-0.0028	0.2922	-0.0030	Other cell
3158.5	6034.21	0.0175	0.0031	-0.0172	0.7588	-0.0157	Myeloid cell
3153.0	6031.71	-0.0366	0.0082	-0.0085	0.8857	-0.0106	Myeloid cell
3147.5	6056.71	0.1920	0.0151	0.0193	0.8335	-0.0133	Myeloid cell
3128.5	6377.21	-0.0582	-0.0416	0.7866	-0.0395	-0.0420	cDC1
3112.0	6053.71	-0.0497	0.0012	-0.0122	0.0204	0.8706	B cell
3106.5	6010.71	-0.0515	0.0134	-0.0063	0.9526	-0.0215	Myeloid cell
3071.5	6003.71	-0.0638	-0.0037	-0.0100	0.7988	-0.0265	Myeloid cell
3045.5	5923.71	-0.0347	0.0192	0.0021	0.8740	-0.0082	Myeloid cell
3040.0	5899.21	0.0770	0.0201	-0.0067	0.4346	0.0047	Myeloid cell
3038.0	6140.71	0.1597	0.0055	-0.0207	0.5347	-0.0121	Myeloid cell
3035.0	5889.71	0.1121	-0.0094	-0.0186	0.7598	-0.0306	Myeloid cell
3030.5	5944.21	0.5278	-0.0185	-0.0492	0.6006	-0.0707	Double pos cDC2
3017.0	5932.21	-0.0110	-0.0290	0.6753	-0.0395	-0.0210	cDC1
3016.0	6322.21	-0.0181	-0.0108	0.4858	-0.0093	-0.0111	cDC1
3012.0	6001.71	-0.0536	0.0041	-0.0135	0.8721	-0.0235	Myeloid cell
3010.0	5943.21	0.1926	-0.0313	-0.0372	0.6841	-0.0518	Myeloid cell
3006.5	5920.71	-0.0381	-0.0089	-0.0217	0.7832	-0.0235	Myeloid cell
3387.5	6561.71	-0.0247	-0.0304	0.7056	-0.0373	-0.0267	cDC1
3386.5	6580.21	0.6377	-0.0256	-0.0122	0.0582	0.0411	cDC2
3339.0	6610.21	-0.0403	0.0068	0.0039	0.7524	-0.0276	Myeloid cell
3324.5	6594.21	-0.0414	-0.0291	-0.0482	0.6055	-0.0389	Myeloid cell
3323.5	6646.21	0.0615	0.0106	0.0831	0.4751	-0.0069	Myeloid cell
3320.0	6640.71	0.0343	-0.0063	-0.0198	0.8301	-0.0298	Myeloid cell
3312.5	6745.21	-0.0406	-0.0179	0.5249	-0.0197	-0.0261	cDC1
3294.5	6658.21	-0.0097	-0.0283	0.4026	-0.0348	-0.0199	cDC1
3229.0	6713.71	-0.0629	-0.0580	0.6621	-0.0612	-0.0572	cDC1
3210.5	6754.21	0.0466	0.0229	-0.0160	0.8159	0.0166	Myeloid cell
3193.0	6603.71	0.0189	0.0018	-0.0088	0.4673	-0.0135	Myeloid cell
3187.5	7190.21	-0.0538	0.8086	-0.0464	-0.0337	-0.0406	pDC
3186.0	6691.71	-0.0391	-0.0282	0.5073	-0.0342	-0.0335	cDC1
3164.0	6987.21	-0.0312	-0.0640	0.3911	-0.0558	-0.0541	Other cell
3159.0	6994.21	-0.0673	-0.0104	-0.0207	-0.0059	0.8950	B cell
3155.0	7073.21	-0.0443	0.0211	-0.0025	1.0000	-0.0231	Myeloid cell
3099.5	6843.21	-0.0470	0.0035	-0.0118	0.8325	-0.0193	Myeloid cell
3081.0	6607.21	-0.0065	-0.0116	0.3577	-0.0186	-0.0121	Other cell
3022.5	6821.21	-0.0040	0.0173	0.0052	0.0230	0.5967	B cell
3196.0	7222.21	-0.0635	-0.0044	-0.0150	0.0025	0.9277	B cell
3196.0	7215.21	-0.0180	-0.0019	-0.0227	0.2041	0.6333	B cell
3184.5	7232.21	-0.0601	0.0010	-0.0150	0.8550	-0.0246	Myeloid cell
3183.5	7225.21	-0.0401	-0.0133	0.4919	0.0338	-0.0100	cDC1
3132.0	7378.21	-0.0573	0.0020	-0.0147	0.8809	-0.0263	Myeloid cell
3128.0	7374.21	-0.0920	-0.0721	0.4170	-0.0339	-0.0453	cDC1
3125.5	7348.71	0.1971	-0.0127	-0.0175	0.8145	-0.0447	Myeloid cell
