11800.41	6333.97	-0.0154	0.0343	0.0073	0.7793	0.0050	Myeloid cell
11757.41	6553.47	-0.0644	-0.0006	-0.0161	0.8838	-0.0252	Myeloid cell
11744.41	6718.97	-0.0544	-0.0338	0.8477	-0.0238	-0.0289	cDC1
11741.91	6653.97	-0.0133	0.0145	0.0284	0.5732	0.0052	Myeloid cell
11738.41	6615.47	0.1162	-0.0367	0.0128	0.6851	-0.0789	Myeloid cell
11736.91	6589.47	0.6509	0.0057	-0.0244	0.6812	-0.0297	Double pos cDC2
11733.41	6631.47	-0.0541	0.0107	-0.0084	0.9395	-0.0206	Myeloid cell
11732.91	6690.97	-0.0033	0.0023	-0.0128	0.3142	-0.0043	Other cell
11731.41	6605.47	0.0692	0.0129	-0.0035	0.7739	-0.0209	Myeloid cell
11729.91	6759.97	-0.0417	0.0170	0.0135	0.8179	0.0253	Myeloid cell
11727.91	6712.47	-0.0458	0.0103	-0.0060	0.8965	-0.0180	Myeloid cell
11726.41	6779.47	0.0469	0.0399	0.3647	0.2374	0.0370	Other cell
11725.41	6694.97	-0.0861	-0.0177	0.0059	0.2102	0.5103	B cell
11721.91	6749.97	-0.0559	-0.0036	-0.0218	0.8315	-0.0195	Myeloid cell
11720.91	6791.47	-0.0558	0.0256	-0.0005	1.0605	-0.0133	Myeloid cell
11720.41	6723.97	0.0488	-0.0338	-0.0470	0.6860	-0.0650	Myeloid cell
11719.41	6774.97	-0.0598	-0.0099	-0.0076	0.6450	0.0913	Myeloid cell
11718.41	6800.97	-0.0526	0.0108	-0.0135	0.9268	-0.0267	Myeloid cell
11717.91	6768.97	0.0723	0.0057	-0.0039	0.5762	0.0503	Myeloid cell
11716.91	6831.97	-0.0477	0.0134	-0.0089	0.7603	0.0052	Myeloid cell
11716.41	6760.47	0.0544	-0.0082	-0.0363	0.7573	-0.0307	Myeloid cell
11714.91	6818.47	-0.0581	-0.0012	-0.0180	0.8735	-0.0183	Myeloid cell
11714.91	6735.47	0.1361	-0.0022	-0.0305	0.6670	-0.0237	Myeloid cell
11707.91	6796.47	-0.0212	-0.0036	-0.0110	0.5767	-0.0140	Myeloid cell
9609.41	5137.69	0.5781	-0.0706	-0.0726	-0.0576	-0.0581	cDC2
9546.41	5160.69	-0.0914	-0.0751	0.6631	-0.0764	-0.0726	cDC1
9699.91	5281.19	-0.0446	0.0163	-0.0076	0.7441	-0.0092	Myeloid cell
9667.91	5829.69	-0.0487	0.0018	-0.0079	0.7368	-0.0129	Myeloid cell
9662.91	5814.69	-0.0432	0.0044	-0.0056	0.8198	-0.0133	Myeloid cell
9584.91	5810.19	-0.0522	0.0116	-0.0072	0.9561	-0.0249	Myeloid cell
9573.41	5331.69	-0.0549	0.0058	-0.0097	0.8867	-0.0230	Myeloid cell
9531.91	5470.19	0.0076	0.0055	-0.0063	0.7847	-0.0161	Myeloid cell
9528.41	5592.19	-0.0524	-0.0083	-0.0241	0.8286	-0.0285	Myeloid cell
9507.91	5829.69	-0.0602	-0.0015	-0.0189	0.8643	-0.0294	Myeloid cell
9376.91	5491.19	-0.0512	-0.0165	-0.0140	0.5845	-0.0345	Myeloid cell
9365.41	5457.19	0.3169	-0.0278	-0.0483	0.6338	-0.0605	Myeloid cell
9363.41	5448.69	-0.0371	0.0086	-0.0045	0.8618	-0.0130	Myeloid cell
9354.41	5313.69	-0.0536	0.0094	-0.0081	0.9136	-0.0215	Myeloid cell
9279.41	5538.69	-0.0426	0.0144	-0.0021	0.9375	-0.0133	Myeloid cell
9705.41	5865.19	-0.0548	-0.0039	-0.0163	0.7554	-0.0220	Myeloid cell
9699.41	5933.69	-0.0928	-0.0821	0.6533	-0.0789	-0.0732	cDC1
9696.41	6269.19	-0.0482	-0.0056	-0.0300	0.5522	-0.0245	Myeloid cell
9668.91	6192.19	-0.0603	0.0105	-0.0194	0.7031	-0.0124	Myeloid cell
9668.41	6092.19	-0.0688	-0.0157	-0.0363	0.6680	-0.0383	Myeloid cell
9659.91	5850.19	-0.0633	-0.0041	-0.0183	0.8149	-0.0282	Myeloid cell
9656.41	6117.19	0.0376	-0.0176	-0.0293	0.8320	-0.0505	Myeloid cell
9646.91	6444.69	-0.0225	0.0137	-0.0079	0.6436	-0.0080	Myeloid cell
9638.91	5856.19	-0.0420	-0.0163	-0.0294	0.6147	-0.0263	Myeloid cell
9627.91	5945.19	-0.1174	-0.0202	-0.0262	0.6396	-0.0232	Myeloid cell
9623.41	5858.69	-0.0803	0.0120	-0.0138	0.7720	-0.0077	Myeloid cell
9621.91	5873.69	0.0413	0.0242	-0.0109	0.6841	-0.0096	Myeloid cell
9620.41	6250.19	0.0133	-0.0077	-0.0195	0.6143	-0.0215	Myeloid cell
9618.91	6487.19	-0.0367	0.0040	-0.0193	0.5840	-0.0074	Myeloid cell
9615.91	5855.19	-0.0995	-0.0451	-0.0617	0.5952	-0.0616	Myeloid cell
9607.91	6383.69	-0.0652	0.0021	-0.0135	0.8931	-0.0289	Myeloid cell
9606.41	5955.69	-0.0334	-0.0021	-0.0235	0.6533	-0.0180	Myeloid cell
9598.41	6372.19	-0.0195	0.0218	-0.0101	0.5879	-0.0076	Myeloid cell
9598.41	5845.19	-0.0382	0.0240	-0.0217	0.8506	-0.0193	Myeloid cell
9596.91	5851.69	-0.0019	0.0083	-0.0169	0.8452	-0.0168	Myeloid cell
9596.41	6410.19	-0.0167	-0.0076	-0.0234	0.6704	-0.0393	Myeloid cell
9593.41	5909.69	-0.0337	-0.0089	-0.0236	0.6587	-0.0153	Myeloid cell
9587.91	6373.69	-0.0680	-0.0114	-0.0261	0.8027	-0.0322	Myeloid cell
9582.41	6144.69	-0.0231	-0.0033	-0.0117	0.7861	-0.0231	Myeloid cell
9579.41	5876.19	-0.0200	-0.0064	-0.0222	0.8423	-0.0215	Myeloid cell
9573.41	5863.69	-0.0299	0.0241	-0.0060	0.6504	-0.0065	Myeloid cell
9572.91	5847.69	-0.0764	0.0012	-0.0206	0.8975	-0.0296	Myeloid cell
9569.91	6034.19	-0.0198	0.0102	-0.0200	0.6445	-0.0129	Myeloid cell
9569.41	6005.19	0.0332	0.0046	-0.0053	0.9224	-0.0284	Myeloid cell
9568.91	5871.69	-0.0656	0.0074	-0.0206	0.7446	-0.0222	Myeloid cell
9567.41	6069.19	0.1604	0.0622	-0.0395	0.7661	-0.0484	Myeloid cell
9565.91	5848.19	-0.0538	0.0044	-0.0169	0.8281	-0.0197	Myeloid cell
9563.91	5875.69	0.0616	0.0019	-0.0181	0.6812	-0.0206	Myeloid cell
9555.91	5929.19	-0.0126	0.0192	-0.0071	0.6113	-0.0022	Myeloid cell
9553.91	6073.69	-0.0150	0.0121	-0.0122	0.6777	-0.0132	Myeloid cell
9552.91	6146.19	0.1016	-0.0145	-0.0271	0.5830	-0.0491	Myeloid cell
9551.91	5870.19	-0.0512	0.0063	-0.0101	0.9009	-0.0184	Myeloid cell
9549.41	6259.69	-0.0445	0.0062	-0.0113	0.9082	-0.0252	Myeloid cell
9542.41	6034.19	-0.0516	0.0214	-0.0052	0.9644	-0.0166	Myeloid cell
9535.91	5850.19	0.0038	0.0167	0.0003	0.9116	-0.0098	Myeloid cell
9533.41	6403.69	-0.0378	0.0184	-0.0063	0.6860	-0.0059	Myeloid cell
9530.91	6006.69	-0.0583	-0.0139	-0.0239	0.8237	-0.0174	Myeloid cell
9530.41	6498.69	-0.0331	-0.0149	-0.0271	0.7432	-0.0343	Myeloid cell
9529.91	6134.69	-0.0428	0.0196	-0.0135	0.8271	-0.0194	Myeloid cell
9527.41	6142.19	-0.0037	-0.0043	-0.0156	0.8628	-0.0324	Myeloid cell
9526.41	6379.69	0.0445	-0.0155	-0.0247	0.6680	-0.0338	Myeloid cell
9525.91	6332.19	-0.0603	-0.0014	-0.0139	0.8257	-0.0229	Myeloid cell
9525.91	5850.19	-0.0471	-0.0011	-0.0104	0.8340	-0.0143	Myeloid cell
9511.91	5883.19	-0.0457	0.0079	-0.0051	0.8931	-0.0182	Myeloid cell
9506.91	5833.19	-0.0841	-0.0057	-0.0295	0.5962	-0.0142	Myeloid cell
9504.41	6458.69	0.1345	0.0056	-0.0179	0.8257	-0.0307	Myeloid cell
9494.91	6071.69	-0.0484	0.0046	-0.0205	0.6626	-0.0111	Myeloid cell
9493.91	6361.19	-0.0608	0.0197	-0.0078	0.9868	-0.0239	Myeloid cell
9493.91	5900.69	-0.0411	0.0152	-0.0051	0.8057	-0.0112	Myeloid cell
9490.41	5888.69	-0.0461	0.0109	-0.0079	0.9067	-0.0182	Myeloid cell
9487.91	6114.69	0.0258	0.0031	-0.0265	0.7734	-0.0311	Myeloid cell
9484.41	5924.19	-0.0367	0.0113	-0.0064	0.9072	-0.0167	Myeloid cell
9483.91	5959.19	-0.0524	-0.0038	-0.0123	0.8291	-0.0234	Myeloid cell
9482.41	6178.69	-0.0420	0.0268	-0.0070	0.8809	-0.0182	Myeloid cell
9481.41	5898.19	-0.0589	0.0022	-0.0133	0.8857	-0.0263	Myeloid cell
9472.91	6191.19	-0.0507	-0.0078	-0.0237	0.7979	-0.0276	Myeloid cell
9472.91	6182.69	-0.1063	-0.0019	-0.0471	0.7256	-0.0338	Myeloid cell
9471.91	6322.69	0.0697	0.0118	-0.0191	0.5649	-0.0181	Myeloid cell
9470.91	6440.69	-0.0239	0.0038	-0.0135	0.6743	-0.0194	Myeloid cell
9469.41	6176.69	-0.1261	-0.0461	-0.0590	0.6421	-0.0560	Myeloid cell
9468.41	6419.69	-0.0497	0.0022	-0.0106	0.8325	-0.0174	Myeloid cell
9465.91	6103.69	-0.0884	-0.0052	-0.0232	0.6514	-0.0165	Myeloid cell
9460.41	5951.69	-0.0571	0.0017	-0.0131	0.8467	-0.0227	Myeloid cell
9444.91	5967.19	-0.0764	0.0150	-0.0209	0.7188	-0.0172	Myeloid cell
9440.91	6232.19	-0.0562	0.0056	-0.0120	0.8755	-0.0205	Myeloid cell
9439.41	6001.69	-0.0517	0.0066	-0.0116	0.9385	-0.0225	Myeloid cell
9437.41	6036.19	-0.0620	0.0034	-0.0167	0.8525	-0.0237	Myeloid cell
9432.41	5975.69	-0.0941	-0.0214	-0.0406	0.6675	-0.0320	Myeloid cell
9430.41	6281.69	-0.0561	0.0025	-0.0165	0.8838	-0.0267	Myeloid cell
9429.41	6220.69	-0.0729	-0.0113	-0.0293	0.6338	-0.0203	Myeloid cell
9429.41	5919.69	-0.0848	-0.0216	-0.0302	0.7183	-0.0353	Myeloid cell
9424.91	5955.69	-0.0476	0.0094	-0.0172	0.9438	-0.0313	Myeloid cell
9421.91	6120.19	-0.0531	0.0092	-0.0059	0.9248	-0.0213	Myeloid cell
9421.41	5959.19	-0.0746	-0.0257	-0.0450	0.7578	-0.0457	Myeloid cell
9420.41	5966.19	-0.0797	-0.0240	-0.0477	0.6489	-0.0484	Myeloid cell
9418.91	6251.69	-0.0470	0.0183	-0.0033	0.9146	-0.0179	Myeloid cell
9418.91	6210.19	-0.0517	0.0047	-0.0112	0.9038	-0.0235	Myeloid cell
9417.91	5939.19	-0.0263	0.0182	-0.0143	0.8110	-0.0198	Myeloid cell
9417.41	6154.69	-0.0523	-0.0006	-0.0150	0.8823	-0.0259	Myeloid cell
9416.91	5932.19	-0.1044	-0.0314	-0.0484	0.7026	-0.0477	Myeloid cell
9411.41	5967.19	-0.0648	-0.0090	-0.0320	0.7690	-0.0321	Myeloid cell
9407.91	5992.19	-0.0466	0.0108	-0.0153	0.7100	-0.0084	Myeloid cell
9407.91	5929.19	-0.0411	0.0143	-0.0136	0.8276	-0.0310	Myeloid cell
9402.41	5947.69	0.0028	0.0089	-0.0128	0.6245	-0.0138	Myeloid cell
9399.41	5889.69	-0.0421	0.0089	-0.0094	0.8281	-0.0180	Myeloid cell
9395.41	6139.19	-0.0502	0.0236	-0.0092	0.7700	-0.0123	Myeloid cell
9394.41	5993.19	-0.0647	-0.0020	-0.0247	0.8418	-0.0306	Myeloid cell
9393.41	6069.69	-0.0496	-0.0114	-0.0364	0.6191	-0.0266	Myeloid cell
9392.91	5874.69	-0.0677	-0.0061	-0.0270	0.6865	-0.0232	Myeloid cell
9389.41	6089.69	-0.0426	0.0099	-0.0066	0.7437	-0.0122	Myeloid cell
9389.41	6028.69	-0.0641	0.0010	-0.0159	0.8369	-0.0206	Myeloid cell
9385.41	6120.69	-0.0560	0.0096	-0.0082	0.9048	-0.0193	Myeloid cell
9381.41	6176.69	-0.0281	0.0114	-0.0024	0.7134	-0.0073	Myeloid cell
9373.91	6091.69	-0.0261	-0.0190	-0.0265	0.6772	-0.0576	Myeloid cell
9371.41	5934.69	-0.0330	0.0077	-0.0074	0.6870	-0.0098	Myeloid cell
9369.91	6056.69	-0.0392	0.0217	-0.0038	0.8359	-0.0081	Myeloid cell
9369.41	6072.19	-0.0594	0.0002	-0.0143	0.8257	-0.0213	Myeloid cell
9365.91	5973.19	-0.0451	0.0137	-0.0058	0.9321	-0.0170	Myeloid cell
9362.41	5874.19	-0.0469	-0.0077	-0.0235	0.8247	-0.0363	Myeloid cell
9358.91	6128.69	-0.0533	0.0105	-0.0085	0.8643	-0.0176	Myeloid cell
9354.91	6039.69	-0.0645	0.0141	-0.0122	0.9395	-0.0239	Myeloid cell
9340.41	5989.19	-0.0569	0.0270	-0.0058	1.0156	-0.0204	Myeloid cell
9335.41	5930.69	-0.0343	0.0041	-0.0103	0.6353	-0.0077	Myeloid cell
9335.41	5894.19	-0.0600	0.0051	-0.0109	0.8965	-0.0255	Myeloid cell
9329.91	5874.69	-0.0561	0.0037	-0.0128	0.7349	-0.0212	Myeloid cell
9326.91	5956.69	-0.0477	0.0137	-0.0037	0.9370	-0.0151	Myeloid cell
9320.41	6057.69	-0.0439	0.0044	-0.0071	0.7417	-0.0104	Myeloid cell
9318.91	6015.19	-0.0599	0.0052	-0.0165	0.7622	-0.0135	Myeloid cell
9318.91	5941.19	-0.0617	0.0082	-0.0101	0.8911	-0.0201	Myeloid cell
9305.41	6014.69	-0.0519	0.0145	-0.0055	0.9673	-0.0215	Myeloid cell
9291.41	5943.69	-0.0554	0.0082	-0.0095	0.9253	-0.0207	Myeloid cell
9265.41	5903.69	-0.0359	0.0131	-0.0062	0.9165	-0.0135	Myeloid cell
9705.41	6561.69	-0.0330	0.0131	-0.0065	0.8931	-0.0124	Myeloid cell
9686.41	6605.19	0.2062	0.0157	-0.0085	0.6377	-0.0221	Myeloid cell
9683.41	6805.69	-0.0495	0.0039	-0.0082	0.8730	-0.0205	Myeloid cell
9678.41	6959.69	-0.0499	0.0112	-0.0082	0.9141	-0.0189	Myeloid cell
9663.91	6990.69	-0.0563	0.0001	-0.0111	0.8311	-0.0195	Myeloid cell
9662.41	6651.19	-0.0290	0.0174	-0.0073	0.9058	-0.0207	Myeloid cell
9658.41	6559.69	-0.0542	-0.0108	-0.0212	0.6279	-0.0235	Myeloid cell
9656.91	6716.19	-0.0472	0.0126	-0.0034	0.9517	-0.0192	Myeloid cell
9656.41	6658.69	-0.0858	0.0172	-0.0148	0.9277	-0.0187	Myeloid cell
9654.91	6611.69	-0.0778	-0.0098	-0.0234	0.6777	-0.0164	Myeloid cell
9646.91	6551.19	-0.0569	0.0305	-0.0008	1.0205	-0.0141	Myeloid cell
9645.41	6744.19	-0.0633	-0.0057	-0.0176	0.7310	-0.0213	Myeloid cell
9643.91	6590.69	-0.0629	-0.0031	-0.0171	0.7476	-0.0235	Myeloid cell
9640.41	6557.69	-0.0752	0.0268	-0.0113	0.7505	-0.0096	Myeloid cell
9637.91	6863.69	-0.0463	-0.0381	-0.0583	0.6826	-0.0564	Myeloid cell
9636.41	6918.19	-0.0687	0.0001	-0.0219	0.8696	-0.0263	Myeloid cell
9634.91	6602.19	-0.0839	-0.0141	-0.0352	0.5649	-0.0233	Myeloid cell
9633.91	6561.69	-0.0430	0.0077	-0.0081	0.7383	-0.0108	Myeloid cell
9624.91	6663.69	-0.0172	0.0186	-0.0061	0.7051	-0.0034	Myeloid cell
9624.41	7120.19	-0.0706	-0.0460	-0.0109	0.5083	-0.0560	Myeloid cell
9622.91	7046.19	-0.0837	-0.0619	0.8213	-0.0460	-0.0498	cDC1
9618.91	6954.19	-0.0445	0.0197	-0.0010	0.9858	-0.0139	Myeloid cell
9617.91	7043.19	-0.0757	-0.0626	0.7666	-0.0519	-0.0529	cDC1
9617.41	7069.69	-0.0347	0.0157	-0.0115	0.7441	-0.0143	Myeloid cell
9616.91	6660.19	-0.0329	0.0124	-0.0021	0.8716	-0.0060	Myeloid cell
9616.41	6643.19	-0.0833	-0.0262	-0.0380	0.7168	-0.0462	Myeloid cell
9614.41	6985.19	-0.0659	-0.0040	-0.0282	0.7114	-0.0160	Myeloid cell
9612.41	6645.69	-0.0646	0.0094	-0.0155	0.9326	-0.0251	Myeloid cell
9609.41	6740.69	-0.0223	-0.0087	-0.0332	0.7217	-0.0508	Myeloid cell
9606.41	6825.19	-0.0692	0.0125	-0.0173	0.8252	-0.0198	Myeloid cell
9605.91	6803.69	-0.0490	0.0000	-0.0153	0.8091	-0.0271	Myeloid cell
9602.91	6876.69	-0.0470	0.0136	-0.0071	0.9761	-0.0197	Myeloid cell
9599.41	7028.19	-0.0433	0.0007	-0.0155	0.7349	-0.0138	Myeloid cell
9594.41	7090.69	-0.0652	-0.0007	-0.0207	0.8496	-0.0199	Myeloid cell
9594.41	6812.19	-0.0721	-0.0082	-0.0177	0.7168	-0.0194	Myeloid cell
9589.91	6730.69	-0.0049	0.0241	-0.0049	0.5532	0.0033	Myeloid cell
9587.41	7067.19	-0.0428	0.0041	-0.0023	0.8081	-0.0142	Myeloid cell
9587.41	6958.69	-0.0471	0.0089	-0.0092	0.8931	-0.0191	Myeloid cell
9587.41	6603.19	-0.0569	0.0036	-0.0171	0.8613	-0.0260	Myeloid cell
9583.41	6739.19	-0.0658	0.0045	-0.0167	0.7466	-0.0242	Myeloid cell
9583.41	6539.69	0.3413	-0.0224	-0.0313	0.6333	-0.0602	Myeloid cell
9578.91	7086.69	-0.0282	0.0209	-0.0098	0.9585	-0.0208	Myeloid cell
9575.41	6739.19	-0.0427	0.0108	-0.0156	0.8174	-0.0099	Myeloid cell
9567.41	6722.19	-0.0385	0.0092	-0.0112	0.7939	-0.0144	Myeloid cell
9559.91	6732.69	-0.0341	0.0245	-0.0050	0.9805	-0.0159	Myeloid cell
9555.91	6993.19	-0.0513	-0.0059	-0.0142	0.6919	-0.0139	Myeloid cell
9555.91	6552.19	-0.0363	0.0017	-0.0189	0.5449	-0.0163	Myeloid cell
9547.41	6610.19	-0.0547	0.0415	0.0073	1.0820	-0.0047	Myeloid cell
9535.91	6612.69	-0.0533	0.0201	-0.0053	0.9526	-0.0135	Myeloid cell
9530.91	6656.69	-0.0558	0.0083	-0.0077	0.9355	-0.0257	Myeloid cell
9528.91	6502.19	-0.0422	0.0247	-0.0045	0.9937	-0.0182	Myeloid cell
9510.91	6517.19	-0.0362	-0.0094	-0.0455	0.6948	-0.0136	Myeloid cell
9481.41	6520.69	-0.0422	0.0129	-0.0037	0.8477	-0.0121	Myeloid cell
9705.41	7608.69	0.0098	0.0441	0.0018	0.8887	-0.0072	Myeloid cell
9705.41	7562.19	-0.0071	0.0007	-0.0134	0.9087	-0.0220	Myeloid cell
9705.41	7440.69	-0.1062	-0.0113	-0.0377	0.7676	-0.0380	Myeloid cell
9701.41	7646.19	-0.0051	0.0127	-0.0074	0.6504	-0.0064	Myeloid cell
9701.41	7548.19	-0.0350	-0.0087	-0.0130	0.7832	-0.0302	Myeloid cell
9701.41	7499.19	0.0191	-0.0368	-0.0676	0.5723	-0.0549	Myeloid cell
9700.41	7567.19	-0.0500	0.0120	-0.0183	0.6191	-0.0123	Myeloid cell
9699.91	7659.19	-0.0447	0.0175	-0.0074	0.7358	-0.0131	Myeloid cell
9698.91	7510.19	-0.0216	0.0185	-0.0085	0.6909	-0.0039	Myeloid cell
9697.41	7665.69	-0.0569	0.0080	-0.0125	0.9116	-0.0265	Myeloid cell
9696.41	7674.19	-0.0526	0.0056	-0.0117	0.9077	-0.0227	Myeloid cell
9695.41	7471.19	-0.0275	0.0167	-0.0075	0.7305	-0.0077	Myeloid cell
9693.41	7585.19	-0.0014	0.0102	-0.0188	0.8262	-0.0099	Myeloid cell
9692.41	7767.19	-0.0473	0.0345	-0.0001	0.9761	-0.0095	Myeloid cell
9691.91	7528.19	-0.0640	-0.0014	-0.0220	0.6475	-0.0131	Myeloid cell
9690.41	7674.69	-0.0509	-0.0143	-0.0275	0.6934	-0.0231	Myeloid cell
9689.41	7398.69	-0.0427	0.0179	-0.0098	0.7515	-0.0097	Myeloid cell
9686.41	7484.19	-0.0454	0.0319	0.0019	1.0488	-0.0167	Myeloid cell
9685.91	7677.19	-0.0284	0.0140	0.0118	0.6636	-0.0008	Myeloid cell
9685.41	7659.69	-0.0565	0.0011	-0.0179	0.8501	-0.0261	Myeloid cell
9684.91	7429.69	-0.0534	0.0004	-0.0191	0.8237	-0.0194	Myeloid cell
9682.41	7726.19	-0.0382	0.0011	-0.0163	0.7832	-0.0249	Myeloid cell
9681.41	7472.19	-0.0175	-0.0022	-0.0186	0.5918	-0.0163	Myeloid cell
9678.91	7787.19	-0.0496	0.0049	-0.0088	0.8525	-0.0182	Myeloid cell
9677.91	7560.69	-0.0420	0.0170	-0.0018	0.9780	-0.0180	Myeloid cell
9668.41	7645.69	-0.0587	0.0175	-0.0117	0.8403	-0.0130	Myeloid cell
9663.91	7238.69	0.0975	-0.0078	0.0047	0.7773	-0.0061	Myeloid cell
9661.91	7572.19	-0.0651	0.0021	-0.0143	0.8569	-0.0252	Myeloid cell
9657.91	7497.19	-0.0412	-0.0564	0.4414	-0.0506	-0.0222	cDC1
9655.41	7606.19	-0.0667	-0.0058	-0.0199	0.8589	-0.0354	Myeloid cell
9655.41	7586.19	-0.0755	0.0240	-0.0227	0.7715	0.0207	Myeloid cell
9646.91	7583.19	-0.0551	0.0165	-0.0077	0.9458	-0.0190	Myeloid cell
9628.41	7714.19	-0.0156	0.0206	0.0002	0.7085	-0.0093	Myeloid cell
9627.91	7698.19	-0.0286	0.0255	0.0121	0.9160	-0.0017	Myeloid cell
9626.91	7417.69	-0.0640	-0.0133	-0.0333	0.7378	-0.0522	Myeloid cell
9624.91	7464.19	-0.0703	-0.0137	-0.0290	0.7500	-0.0366	Myeloid cell
9623.41	7469.69	-0.0472	0.0125	-0.0121	0.9150	-0.0220	Myeloid cell
9622.91	7572.69	-0.0359	0.0118	-0.0176	0.5312	-0.0054	Myeloid cell
9622.91	7415.69	-0.0956	-0.0210	-0.0419	0.6758	-0.0482	Myeloid cell
9620.41	7660.69	-0.0721	-0.0334	-0.0503	0.5093	-0.0476	Myeloid cell
9616.41	7559.69	-0.0640	-0.0194	-0.0422	0.6689	-0.0126	Myeloid cell
9612.91	7540.19	-0.0565	0.0206	-0.0062	0.9170	-0.0160	Myeloid cell
9610.91	7215.19	-0.0797	-0.0069	-0.0230	0.7812	-0.0232	Myeloid cell
9607.91	7646.69	-0.0404	0.0158	-0.0035	0.9429	-0.0145	Myeloid cell
9607.91	7417.19	-0.0865	0.0301	-0.0039	0.7280	-0.0131	Myeloid cell
9602.91	7625.19	-0.0766	0.0240	-0.0074	0.9453	-0.0190	Myeloid cell
9595.91	7631.19	-0.0029	-0.0045	-0.0147	0.8760	-0.0285	Myeloid cell
9594.91	7452.69	0.0033	0.0282	-0.0103	0.9268	-0.0160	Myeloid cell
9594.91	7303.19	-0.0630	-0.0085	-0.0215	0.8213	-0.0331	Myeloid cell
9594.41	7552.19	0.1752	-0.0220	-0.0326	0.7153	-0.0431	Myeloid cell
9593.91	7575.19	-0.0720	-0.0053	-0.0257	0.8286	-0.0164	Myeloid cell
9593.41	7568.69	-0.0659	-0.0027	-0.0190	0.8403	-0.0261	Myeloid cell
9592.41	7414.69	-0.0487	0.0144	-0.0042	0.9346	-0.0167	Myeloid cell
9589.91	7627.69	-0.0495	0.0111	-0.0084	0.7983	-0.0189	Myeloid cell
9585.91	7590.69	-0.0989	-0.0417	-0.0453	0.6377	-0.0643	Myeloid cell
9585.41	7494.69	-0.0858	-0.0052	-0.0191	0.7427	-0.0243	Myeloid cell
9581.91	7594.19	-0.0648	0.0063	-0.0129	0.9014	-0.0289	Myeloid cell
9580.91	7694.19	-0.0905	-0.0328	-0.0480	0.7441	-0.0502	Myeloid cell
9580.41	7685.69	-0.0550	0.0194	-0.0085	0.9741	-0.0215	Myeloid cell
9578.41	7458.19	0.2947	-0.0107	-0.0279	0.6016	-0.0327	Myeloid cell
9576.41	7350.19	-0.0063	0.0185	-0.0218	0.6396	-0.0280	Myeloid cell
9575.41	7771.19	0.0824	-0.0009	-0.0186	0.7563	-0.0291	Myeloid cell
9573.91	7594.19	-0.0144	0.0039	-0.0100	0.8423	-0.0162	Myeloid cell
9572.41	7523.19	-0.0591	-0.0114	-0.0257	0.8076	-0.0363	Myeloid cell
9571.91	7485.69	-0.0460	0.0177	0.0031	0.9375	-0.0141	Myeloid cell
9571.41	7682.69	-0.0597	0.0002	-0.0152	0.8682	-0.0248	Myeloid cell
9567.91	7604.19	-0.0507	0.0088	-0.0096	0.8916	-0.0206	Myeloid cell
9567.91	7597.69	-0.0779	0.0025	-0.0543	0.7031	-0.0097	Myeloid cell
9558.91	7575.69	-0.0507	0.0047	-0.0093	0.8213	-0.0187	Myeloid cell
9554.91	7541.19	-0.0469	0.0111	-0.0026	0.8823	-0.0139	Myeloid cell
9551.41	7754.19	-0.0508	-0.0145	-0.0215	0.6196	-0.0293	Myeloid cell
9537.91	7548.19	-0.0474	-0.0145	-0.0175	0.6226	-0.0345	Myeloid cell
9530.91	7778.19	-0.0105	0.0250	0.0000	0.6577	0.0040	Myeloid cell
10107.41	5150.69	0.5859	-0.0077	-0.0238	0.0377	-0.0167	cDC2
9922.41	5061.19	-0.0537	-0.0300	0.7202	-0.0224	-0.0238	cDC1
9838.41	5084.69	0.6816	-0.0247	-0.0203	0.1082	-0.0491	cDC2
10205.41	5814.19	0.1187	0.0169	-0.0050	0.8652	-0.0190	Myeloid cell
10192.41	5816.19	-0.0315	0.0103	-0.0135	0.7188	-0.0144	Myeloid cell
10188.41	5792.69	-0.0463	0.0011	-0.0246	0.5713	-0.0145	Myeloid cell
10188.41	5555.19	0.0037	-0.0181	-0.0253	0.8525	-0.0436	Myeloid cell
10175.91	5796.19	-0.0431	0.0133	-0.0083	0.9321	-0.0172	Myeloid cell
10098.91	5811.19	-0.0688	0.0076	-0.0161	0.6909	-0.0159	Myeloid cell
10028.91	5811.19	-0.0259	0.0119	-0.0158	0.6138	-0.0037	Myeloid cell
10019.91	5394.19	-0.0551	-0.0009	-0.0161	0.8677	-0.0255	Myeloid cell
9994.41	5829.69	0.0131	-0.0252	-0.0225	0.7837	-0.0522	Myeloid cell
9958.41	5822.69	-0.0453	0.0081	-0.0134	0.6660	-0.0101	Myeloid cell
9927.91	5824.69	-0.0573	-0.0074	-0.0276	0.8237	-0.0282	Myeloid cell
9842.41	5537.69	-0.0051	0.0012	-0.0170	0.8213	-0.0269	Myeloid cell
9750.41	5271.69	-0.0438	-0.0132	-0.0270	0.8120	-0.0361	Myeloid cell
10205.41	5889.19	0.6450	-0.0173	-0.0340	0.1519	0.0399	cDC2
10181.41	6142.19	-0.0136	0.0062	-0.0227	0.5454	-0.0145	Myeloid cell
10170.91	5889.19	-0.0417	-0.0138	-0.0384	0.6665	-0.0353	Myeloid cell
10164.41	5897.19	-0.0286	0.0178	-0.0105	0.7104	-0.0059	Myeloid cell
10161.41	5833.19	-0.0406	0.0144	-0.0080	0.7627	-0.0068	Myeloid cell
10121.41	5864.69	-0.0446	-0.0042	-0.0180	0.7271	-0.0172	Myeloid cell
10113.91	5885.69	-0.0146	0.0235	-0.0079	0.6157	-0.0017	Myeloid cell
10100.91	5898.69	-0.0231	0.0161	-0.0151	0.6792	-0.0050	Myeloid cell
10018.91	5940.69	0.0041	0.0167	-0.0119	0.5630	-0.0031	Myeloid cell
10000.91	5842.69	-0.0510	0.0021	-0.0271	0.5332	-0.0165	Myeloid cell
9962.91	5921.69	0.0223	-0.0027	-0.0194	0.5552	-0.0090	Myeloid cell
9947.91	5880.19	-0.0451	0.0094	-0.0041	0.8105	-0.0136	Myeloid cell
9947.41	5888.19	-0.0674	0.0017	-0.0261	0.6431	-0.0188	Myeloid cell
9941.41	5833.19	-0.0768	-0.0264	-0.0324	0.5605	-0.0237	Myeloid cell
9930.91	5833.19	-0.0390	0.0240	-0.0148	0.7871	-0.0121	Myeloid cell
9897.91	5833.19	-0.0513	0.0124	-0.0066	0.9429	-0.0207	Myeloid cell
9885.41	5903.19	-0.0521	0.0126	-0.0039	0.9131	-0.0156	Myeloid cell
9873.41	6050.19	-0.0493	0.0080	-0.0051	0.8853	-0.0210	Myeloid cell
9869.41	5897.19	-0.0375	0.0094	-0.0097	0.7451	-0.0113	Myeloid cell
9859.91	5925.69	-0.0362	0.0176	-0.0092	0.5703	-0.0075	Myeloid cell
9825.41	5986.19	-0.0343	-0.0314	-0.0596	0.6436	-0.0551	Myeloid cell
9821.91	5992.19	-0.0034	-0.0049	-0.0209	0.8340	-0.0320	Myeloid cell
9805.91	5931.69	-0.0106	-0.0159	-0.0337	0.6230	-0.0209	Myeloid cell
9801.41	5925.19	-0.0511	0.0015	-0.0125	0.0202	0.7588	B cell
9800.91	5935.19	0.0363	0.0059	0.0036	0.3064	0.4336	B cell
9796.91	5913.19	0.0128	0.0141	-0.0205	0.7690	-0.0288	Myeloid cell
9790.91	5911.69	-0.0436	-0.0148	-0.0249	0.7021	-0.0360	Myeloid cell
9783.41	5909.69	-0.0487	0.0116	-0.0175	0.7554	-0.0185	Myeloid cell
9780.41	5995.19	0.0408	0.0324	-0.0119	0.8979	-0.0197	Myeloid cell
9777.91	5916.19	0.1014	0.0213	-0.0087	0.6533	0.0008	Myeloid cell
9777.41	5959.69	-0.0023	-0.0388	-0.0136	0.0938	0.4819	B cell
9773.41	5966.19	-0.0406	-0.0124	-0.0206	0.0630	0.6519	B cell
9767.91	6030.69	-0.0476	0.0060	-0.0199	0.6396	-0.0070	Myeloid cell
9766.91	5969.19	0.0206	0.0247	-0.0020	0.5371	0.0362	Myeloid cell
9762.91	5857.19	-0.0363	-0.0030	-0.0124	0.6836	-0.0278	Myeloid cell
9762.41	5927.69	0.3330	-0.0348	-0.0712	0.6802	-0.0710	Myeloid cell
9756.91	6001.69	0.0365	-0.0174	-0.0407	0.6733	-0.0265	Myeloid cell
9754.91	5857.19	-0.0365	0.0203	-0.0036	0.8491	-0.0251	Myeloid cell
9751.91	5928.19	0.1395	-0.0011	-0.0306	0.7437	-0.0382	Myeloid cell
9743.91	5928.69	0.0653	0.0030	-0.0134	0.5605	-0.0100	Myeloid cell
9731.91	5844.69	-0.0633	-0.0015	-0.0184	0.8291	-0.0212	Myeloid cell
9729.91	5911.69	0.0034	0.0045	-0.0066	0.7578	-0.0021	Myeloid cell
9722.91	6459.19	-0.0453	0.0074	-0.0098	0.6606	-0.0047	Myeloid cell
9722.91	5949.69	-0.0498	0.0066	-0.0217	0.6812	-0.0186	Myeloid cell
9721.41	6217.69	-0.0435	0.0094	-0.0153	0.6577	-0.0006	Myeloid cell
9719.91	6096.19	-0.0510	0.0039	-0.0102	0.8315	-0.0141	Myeloid cell
9709.41	6157.19	-0.1030	-0.0380	-0.0469	0.6553	-0.0601	Myeloid cell
9707.91	5863.19	-0.0329	-0.0086	-0.0290	0.4805	-0.0262	Myeloid cell
10188.41	6934.19	-0.0291	0.0042	-0.0180	0.6978	-0.0145	Myeloid cell
10131.41	6764.69	-0.0282	0.0012	-0.0160	0.5967	-0.0140	Myeloid cell
10128.41	6790.69	0.7144	-0.0323	-0.0464	0.3496	-0.0535	cDC2
10122.41	6828.19	-0.0051	0.0091	-0.0202	0.6104	-0.0142	Myeloid cell
10098.41	6697.69	-0.0508	0.0007	-0.0241	0.6577	-0.0203	Myeloid cell
10066.41	6633.19	-0.0168	0.0209	-0.0050	0.9062	-0.0169	Myeloid cell
9996.91	6535.69	-0.0219	-0.0229	-0.0460	0.6211	-0.0435	Myeloid cell
9932.41	6916.69	-0.0455	0.0036	-0.0107	0.7896	-0.0135	Myeloid cell
9900.41	6509.69	-0.0468	0.0130	-0.0041	0.9224	-0.0191	Myeloid cell
9894.41	6679.69	-0.0609	-0.0398	0.7939	-0.0341	-0.0388	cDC1
9891.91	6712.19	-0.0656	-0.0135	-0.0266	0.7529	-0.0264	Myeloid cell
9886.91	6711.69	-0.0339	0.0028	-0.0264	0.5547	-0.0164	Myeloid cell
9870.41	6930.19	-0.0081	0.0065	-0.0201	0.5859	-0.0047	Myeloid cell
9813.41	6611.69	0.0486	-0.0228	-0.0286	0.6792	-0.0477	Myeloid cell
9808.91	7145.69	0.4985	0.0007	-0.0123	0.1025	-0.0374	cDC2
9806.91	6522.69	-0.0467	0.0141	-0.0076	0.9106	-0.0173	Myeloid cell
9804.41	6982.69	-0.0560	-0.0109	-0.0256	0.8179	-0.0301	Myeloid cell
9795.91	7104.69	0.1390	-0.0293	-0.0348	0.6440	-0.0530	Myeloid cell
9790.91	6517.69	0.0634	-0.0294	-0.0549	0.7153	-0.0544	Myeloid cell
9782.91	6502.19	-0.0676	-0.0165	-0.0293	0.0187	0.7051	B cell
9773.91	6777.69	-0.0151	0.0026	-0.0120	0.6333	-0.0105	Myeloid cell
9757.91	6705.69	-0.0522	0.0014	-0.0243	0.6445	-0.0180	Myeloid cell
10200.41	7414.69	-0.0409	0.0136	-0.0106	0.7612	-0.0138	Myeloid cell
10187.41	7603.19	-0.0374	0.0125	-0.0011	0.8809	-0.0131	Myeloid cell
10186.41	7381.19	0.0726	-0.0185	-0.0473	0.6768	-0.0478	Myeloid cell
10180.41	7527.69	-0.0661	0.0127	-0.0132	0.8267	-0.0212	Myeloid cell
10176.91	7518.19	-0.0607	0.0001	-0.0244	0.6768	-0.0221	Myeloid cell
10173.41	7540.69	-0.0917	-0.0256	0.0052	0.6938	-0.0458	Myeloid cell
10162.41	7623.19	-0.0444	0.0276	-0.0042	0.9258	-0.0113	Myeloid cell
10155.41	7636.69	0.0927	0.0010	-0.0028	0.8320	-0.0321	Myeloid cell
10149.91	7624.69	-0.0467	0.0090	-0.0104	0.7344	0.0255	Myeloid cell
10149.41	7409.69	0.0477	0.0299	-0.0056	0.9082	-0.0055	Myeloid cell
10147.41	7532.69	-0.0681	-0.0006	-0.0246	0.7363	-0.0240	Myeloid cell
10146.91	7558.69	-0.0021	0.0014	-0.0129	0.9097	-0.0324	Myeloid cell
10141.41	7554.69	-0.0459	0.0271	-0.0097	0.6909	-0.0142	Myeloid cell
10137.41	7531.69	-0.0568	0.0108	-0.0154	0.7217	-0.0199	Myeloid cell
10122.91	7642.69	-0.0323	0.0053	-0.0098	0.8281	-0.0180	Myeloid cell
10117.91	7664.19	-0.0361	0.0156	-0.0031	0.9556	-0.0169	Myeloid cell
10096.41	7481.19	-0.0203	0.0220	-0.0100	0.6196	-0.0050	Myeloid cell
10095.91	7596.69	-0.0795	-0.0319	-0.0511	0.6606	-0.0439	Myeloid cell
10090.41	7656.19	-0.0436	-0.0062	-0.0135	0.6782	-0.0189	Myeloid cell
10090.41	7182.69	-0.0436	0.0115	-0.0025	0.8813	-0.0166	Myeloid cell
10084.41	7674.69	-0.0398	-0.0151	-0.0302	0.8135	-0.0413	Myeloid cell
10081.91	7590.19	-0.0614	-0.0034	-0.0183	0.8867	-0.0328	Myeloid cell
10076.91	7470.69	-0.0560	0.0030	-0.0159	0.8032	-0.0196	Myeloid cell
10069.41	7681.69	-0.0834	-0.0260	-0.0436	0.6470	-0.0206	Myeloid cell
10061.91	7697.19	-0.0440	0.0224	0.0035	0.9521	-0.0098	Myeloid cell
10044.91	7626.69	-0.0700	-0.0102	-0.0180	0.7725	-0.0246	Myeloid cell
10030.91	7617.19	0.0029	-0.0140	-0.0373	0.7241	-0.0075	Myeloid cell
10028.41	7643.19	-0.0465	-0.0054	-0.0273	0.6831	-0.0307	Myeloid cell
10016.91	7737.19	-0.0471	0.0183	-0.0002	0.9575	-0.0156	Myeloid cell
10014.91	7574.19	-0.0210	0.0200	0.0066	0.5278	0.0151	Myeloid cell
10001.91	7726.19	-0.0456	0.0196	-0.0110	1.0000	-0.0293	Myeloid cell
9986.91	7741.19	0.3118	0.0108	-0.0217	0.7476	-0.0306	Myeloid cell
9984.91	7485.69	-0.0551	-0.0159	-0.0367	0.6616	-0.0281	Myeloid cell
9983.41	7448.19	-0.0018	0.0040	-0.0156	0.7720	-0.0316	Myeloid cell
9979.41	7657.19	-0.0363	0.0004	-0.0074	0.6450	-0.0138	Myeloid cell
9976.41	7773.69	-0.0503	0.0198	-0.0022	1.0146	-0.0231	Myeloid cell
9965.41	7507.19	-0.0374	-0.0030	-0.0054	0.6196	-0.0125	Myeloid cell
9962.41	7752.69	-0.0296	0.0154	-0.0138	0.7021	-0.0181	Myeloid cell
9959.91	7565.69	-0.0585	-0.0024	-0.0166	0.7861	-0.0208	Myeloid cell
9956.41	7759.69	-0.0908	0.0274	-0.0231	0.7393	-0.0089	Myeloid cell
9945.91	7768.69	-0.0535	-0.0123	-0.0351	0.6187	-0.0281	Myeloid cell
9939.91	7810.19	-0.0557	0.0233	-0.0078	1.0117	-0.0269	Myeloid cell
9936.91	7550.19	-0.0575	0.0133	-0.0139	0.8472	-0.0188	Myeloid cell
9932.41	7810.19	-0.0391	0.0154	-0.0026	0.9380	-0.0133	Myeloid cell
9928.91	7549.19	-0.0111	-0.0050	-0.0172	0.8491	-0.0231	Myeloid cell
9924.41	7756.69	-0.0615	0.0183	-0.0163	0.8936	-0.0258	Myeloid cell
9921.91	7721.19	-0.0746	-0.0171	-0.0377	0.5952	-0.0239	Myeloid cell
9912.91	7694.69	-0.0697	-0.0099	-0.0307	0.7061	-0.0404	Myeloid cell
9912.91	7656.69	-0.0446	-0.0143	-0.0263	0.7964	-0.0358	Myeloid cell
9910.91	7739.69	-0.0668	-0.0115	-0.0305	0.6909	-0.0304	Myeloid cell
9899.41	7725.69	-0.0483	0.0064	-0.0144	0.7949	-0.0137	Myeloid cell
9898.91	7809.69	-0.0506	-0.0192	-0.0356	0.7725	-0.0405	Myeloid cell
9896.91	7818.19	0.0572	0.0289	-0.0106	0.9341	-0.0195	Myeloid cell
9892.41	7779.19	-0.0547	-0.0339	-0.0559	0.7153	-0.0522	Myeloid cell
9885.41	7677.69	0.1620	-0.0060	-0.0206	0.7422	-0.0317	Myeloid cell
9869.91	7789.69	-0.0269	0.0213	-0.0029	0.9482	-0.0183	Myeloid cell
9868.41	7238.19	-0.0951	-0.0936	0.6318	-0.0723	-0.0736	cDC1
9864.91	7794.69	0.2172	-0.0146	-0.0146	0.9038	-0.0530	Myeloid cell
9856.91	7798.69	-0.0389	0.6138	-0.0302	0.0147	0.0236	pDC
9856.91	7493.69	-0.0260	0.0040	-0.0136	0.7329	-0.0043	Myeloid cell
9854.91	7723.69	0.0290	0.0294	0.0006	0.7466	-0.0020	Myeloid cell
9853.91	7789.69	-0.0109	0.0202	-0.0140	0.6118	-0.0179	Myeloid cell
9853.91	7434.19	0.2964	-0.0106	-0.0437	0.5679	-0.0476	Myeloid cell
9851.41	7802.69	0.0058	0.0230	0.0042	0.0471	0.6289	B cell
9849.41	7728.69	-0.0735	0.0187	-0.0171	0.7559	-0.0298	Myeloid cell
9846.91	7439.69	-0.0527	0.0165	-0.0052	0.9575	-0.0153	Myeloid cell
9846.41	7790.69	-0.0217	-0.0009	-0.0187	0.5908	-0.0127	Myeloid cell
9845.41	7733.19	-0.0503	0.0017	-0.0257	0.8438	-0.0295	Myeloid cell
9839.41	7810.69	-0.0623	-0.0073	-0.0211	0.8462	-0.0312	Myeloid cell
9838.91	7756.69	-0.0565	0.0054	-0.0130	0.9023	-0.0238	Myeloid cell
9838.91	7738.69	-0.0964	0.0228	-0.0235	0.8916	-0.0276	Myeloid cell
9838.41	7617.19	-0.0589	0.0227	-0.0065	0.9521	-0.0157	Myeloid cell
9837.91	7821.19	-0.0656	0.0049	-0.0205	0.7617	-0.0192	Myeloid cell
9837.41	7766.19	-0.0382	0.0116	-0.0101	0.9302	-0.0231	Myeloid cell
9837.41	7731.69	-0.0715	-0.0249	-0.0319	0.8081	-0.0469	Myeloid cell
9837.41	7184.19	-0.1102	-0.0141	-0.0233	0.7085	-0.0254	Myeloid cell
9834.41	7466.69	-0.0311	-0.0213	-0.0253	0.6772	-0.0349	Myeloid cell
9833.91	7716.19	-0.0510	0.0113	-0.0163	0.7256	-0.0134	Myeloid cell
9831.91	7263.69	-0.0009	0.0087	-0.0125	0.6919	-0.0182	Myeloid cell
9829.91	7794.19	-0.1245	-0.0409	-0.0254	0.6416	-0.0696	Myeloid cell
9827.91	7411.69	-0.0491	-0.0040	-0.0135	0.8286	-0.0257	Myeloid cell
9826.41	7723.69	-0.0275	0.0286	-0.0075	0.8525	-0.0134	Myeloid cell
9820.41	7413.19	-0.1032	-0.0088	-0.0406	0.7207	-0.0407	Myeloid cell
9816.91	7407.19	-0.0355	-0.0010	-0.0169	0.8301	-0.0208	Myeloid cell
9814.91	7620.19	0.0522	0.0185	-0.0093	0.5537	-0.0003	Myeloid cell
9814.41	7426.69	-0.0474	0.0054	-0.0097	0.8618	-0.0178	Myeloid cell
9813.41	7476.69	0.0801	-0.0018	-0.0164	0.8901	-0.0331	Myeloid cell
9808.41	7685.69	-0.0184	0.0057	-0.0165	0.9028	-0.0258	Myeloid cell
9807.91	7610.19	-0.0497	-0.0310	-0.0597	0.6025	-0.0656	Myeloid cell
9807.91	7221.19	-0.0753	-0.0138	-0.0336	0.6396	-0.0263	Myeloid cell
9803.91	7692.19	0.2053	0.0042	-0.0238	0.8589	-0.0330	Myeloid cell
9800.41	7662.69	-0.0191	0.0115	-0.0117	0.5840	-0.0007	Myeloid cell
9795.91	7600.19	-0.0520	0.0156	-0.0093	0.9536	-0.0204	Myeloid cell
9795.41	7438.19	-0.0529	-0.0071	-0.0221	0.7524	-0.0274	Myeloid cell
9791.91	7606.69	-0.0522	-0.0161	-0.0288	0.6699	-0.0355	Myeloid cell
9790.41	7831.69	0.0041	0.0271	-0.0118	0.9800	-0.0201	Myeloid cell
9788.91	7741.69	-0.0487	0.0092	-0.0087	0.9077	-0.0180	Myeloid cell
9785.91	7814.69	-0.0594	-0.0073	-0.0227	0.7290	-0.0169	Myeloid cell
9778.41	7180.69	0.0113	0.0182	0.0099	0.5835	-0.0053	Myeloid cell
9776.41	7464.19	-0.0390	-0.0126	-0.0283	0.7603	-0.0342	Myeloid cell
9774.91	7418.19	-0.0367	0.0070	-0.0150	0.6846	-0.0136	Myeloid cell
9772.91	7677.19	-0.0332	-0.0329	-0.0552	0.6484	-0.0458	Myeloid cell
9763.91	7455.19	0.0130	-0.0094	-0.0261	0.6162	-0.0217	Myeloid cell
9754.41	7578.69	-0.0461	0.0051	-0.0172	0.7207	-0.0118	Myeloid cell
9754.41	7404.19	0.1622	-0.0200	-0.0410	0.7881	-0.0490	Myeloid cell
9752.91	7228.19	-0.1031	-0.0286	-0.0449	0.6162	-0.0493	Myeloid cell
9751.91	7410.69	0.5205	0.0024	-0.0312	0.6753	-0.0425	Double pos cDC2
9747.41	7625.19	-0.0496	0.0008	-0.0127	0.8721	-0.0228	Myeloid cell
9747.41	7475.19	-0.0100	0.0068	-0.0101	0.5479	-0.0079	Myeloid cell
9741.41	7531.69	-0.0260	0.0169	-0.0078	0.6182	-0.0012	Myeloid cell
9739.41	7650.19	-0.0839	-0.0067	-0.0280	0.6895	-0.0171	Myeloid cell
9738.41	7721.69	-0.0043	0.0115	-0.0118	0.4763	-0.0034	Myeloid cell
9725.41	7407.19	-0.0322	-0.0117	-0.0415	0.8647	-0.0359	Myeloid cell
9720.91	7491.19	-0.0419	0.0091	-0.0173	0.6333	-0.0093	Myeloid cell
9720.41	7386.69	-0.0581	0.0098	-0.0100	0.9116	-0.0219	Myeloid cell
9719.41	7404.69	-0.0394	0.0101	-0.0017	0.7456	-0.0099	Myeloid cell
9716.41	7434.69	-0.0637	0.0062	-0.0135	0.9189	-0.0223	Myeloid cell
9711.91	7564.69	-0.0375	0.0057	-0.0171	0.8330	-0.0246	Myeloid cell
9707.91	7608.19	-0.0518	0.0121	-0.0063	0.8940	-0.0164	Myeloid cell
9707.91	7440.19	-0.1102	0.0030	-0.0279	0.6851	-0.0188	Myeloid cell
9707.91	7432.69	-0.0441	-0.0041	-0.0217	0.8652	-0.0324	Myeloid cell
10563.91	5073.19	0.6465	-0.0756	-0.0800	0.0052	-0.0837	cDC2
10533.91	5112.19	-0.0144	-0.0153	0.5054	-0.0143	-0.0153	cDC1
10423.91	5025.19	-0.0531	0.8242	-0.0468	-0.0345	-0.0427	pDC
10384.91	5110.69	-0.0390	-0.0415	0.7339	-0.0440	-0.0323	cDC1
10380.41	5047.69	0.5845	-0.0614	-0.0655	-0.0344	-0.0555	cDC2
10366.91	5074.19	0.9233	-0.0159	-0.0322	0.0475	-0.0256	cDC2
10322.91	5077.19	0.6934	-0.0240	-0.0327	-0.0390	-0.0370	cDC2
10291.91	5042.69	0.6445	-0.0284	-0.0413	0.1196	-0.0375	cDC2
10267.41	5048.69	-0.0444	-0.0926	-0.0952	-0.0835	0.5728	B cell
10258.41	5135.19	-0.0659	-0.0284	-0.0336	-0.0294	0.6753	B cell
10233.91	5006.19	0.7026	-0.0655	-0.0695	-0.0518	-0.0641	cDC2
10648.41	5823.19	-0.0082	0.0076	-0.0167	0.5957	-0.0060	Myeloid cell
10619.91	5782.69	-0.0051	-0.0164	-0.0265	0.6572	-0.0318	Myeloid cell
10573.91	5803.19	-0.0050	-0.0047	-0.0219	0.8516	-0.0321	Myeloid cell
10559.41	5281.19	0.0220	0.0456	-0.0497	0.6602	-0.0527	Myeloid cell
10541.41	5806.69	-0.0251	0.0120	-0.0052	0.8506	-0.0159	Myeloid cell
10480.41	5802.19	-0.0536	0.0012	-0.0123	0.8047	-0.0199	Myeloid cell
10469.91	5778.19	-0.0275	0.0041	-0.0177	0.7485	-0.0203	Myeloid cell
10464.91	5807.69	-0.0127	0.0001	-0.0201	0.6763	-0.0175	Myeloid cell
10461.91	5727.69	-0.0701	-0.0059	-0.0262	0.7705	-0.0231	Myeloid cell
10449.91	5809.69	-0.0607	0.0002	-0.0181	0.8784	-0.0266	Myeloid cell
10432.41	5721.69	-0.0252	0.0065	-0.0170	0.7881	-0.0222	Myeloid cell
10432.41	5715.69	-0.0772	-0.0015	-0.0296	0.6743	-0.0295	Myeloid cell
10426.41	5785.19	-0.0526	-0.0098	-0.0233	0.7979	-0.0298	Myeloid cell
10413.91	5750.19	-0.0217	0.0289	-0.0061	0.9419	-0.0156	Myeloid cell
10409.41	5800.19	0.0447	0.0079	-0.0202	0.6265	-0.0189	Myeloid cell
10390.41	5691.19	-0.0373	0.0170	0.0020	0.9258	-0.0104	Myeloid cell
10382.41	5787.19	-0.0156	0.0260	-0.0029	0.7129	0.0002	Myeloid cell
10380.91	5720.19	-0.0204	-0.0179	-0.0266	0.6064	-0.0325	Myeloid cell
10373.91	5733.19	-0.0878	0.0184	-0.0220	0.6914	-0.0226	Myeloid cell
10365.41	5735.69	-0.0386	0.0157	-0.0031	0.9487	-0.0138	Myeloid cell
10350.91	5732.69	-0.0536	0.0064	-0.0104	0.8999	-0.0216	Myeloid cell
10343.41	5696.19	-0.0460	0.0061	-0.0081	0.8398	-0.0176	Myeloid cell
10338.41	5790.69	-0.0468	0.0141	-0.0037	0.9277	-0.0173	Myeloid cell
10332.91	5760.69	-0.0675	-0.0221	-0.0481	0.6328	-0.0429	Myeloid cell
10312.91	5747.69	-0.0514	0.0202	-0.0015	0.9883	-0.0172	Myeloid cell
10298.41	5783.19	-0.0477	0.0125	-0.0054	0.9277	-0.0174	Myeloid cell
10263.41	5739.69	-0.0498	-0.0051	-0.0184	0.7520	-0.0182	Myeloid cell
10256.91	5778.69	0.3486	0.0084	-0.0267	0.8647	-0.0412	Myeloid cell
10253.91	5774.69	-0.0587	-0.0135	-0.0326	0.8076	-0.0338	Myeloid cell
10252.41	5731.69	-0.0530	0.0083	-0.0087	0.8989	-0.0191	Myeloid cell
10691.41	6214.69	0.6050	-0.0116	-0.0394	0.7593	-0.0547	Double pos cDC2
10668.91	6076.19	0.0359	0.0163	-0.0181	0.6875	-0.0180	Myeloid cell
10645.41	6422.69	-0.0341	0.0221	0.0010	0.8853	-0.0142	Myeloid cell
10636.41	5995.19	-0.0261	0.0121	-0.0167	0.6885	-0.0146	Myeloid cell
10630.91	6035.19	0.0348	-0.0223	-0.0132	0.8213	-0.0433	Myeloid cell
10613.41	5861.19	-0.0571	-0.0010	-0.0158	0.8384	-0.0266	Myeloid cell
10607.91	6230.19	-0.0269	-0.0023	-0.0231	0.6099	-0.0190	Myeloid cell
10604.91	6456.69	-0.0511	0.0046	-0.0137	0.8970	-0.0243	Myeloid cell
10599.41	6207.19	-0.0701	0.0084	-0.0164	0.8691	-0.0220	Myeloid cell
10592.91	6207.19	-0.1437	-0.0302	-0.0514	0.6431	-0.0441	Myeloid cell
10587.91	5904.69	0.0911	0.0005	-0.0207	0.7271	-0.0282	Myeloid cell
10587.41	6246.69	-0.0628	0.0135	-0.0127	0.9165	-0.0191	Myeloid cell
10587.41	6105.19	-0.0508	0.0116	-0.0081	0.9497	-0.0242	Myeloid cell
10584.41	6253.69	-0.1047	-0.0197	-0.0468	0.7109	-0.0451	Myeloid cell
10583.91	6191.19	-0.0563	-0.0138	-0.0334	0.7358	-0.0403	Myeloid cell
10583.41	6359.69	-0.0556	-0.0352	0.6704	-0.0415	-0.0464	cDC1
10579.91	6194.69	-0.0321	-0.0188	-0.0367	0.7554	-0.0384	Myeloid cell
10575.91	6228.69	-0.0449	0.0128	-0.0121	0.8057	-0.0100	Myeloid cell
10568.41	5977.19	-0.0193	-0.0100	-0.0385	0.6377	-0.0222	Myeloid cell
10555.41	5852.19	0.6016	-0.0022	-0.0277	0.7549	-0.0491	Double pos cDC2
10537.91	6280.69	-0.0110	-0.0159	-0.0402	0.8179	-0.0440	Myeloid cell
10534.41	6226.69	-0.0273	0.0254	-0.0039	0.8530	-0.0123	Myeloid cell
10501.91	5841.69	-0.0295	0.0158	-0.0082	0.7729	-0.0170	Myeloid cell
10465.91	6444.19	0.0323	0.0105	-0.0158	0.8442	-0.0265	Myeloid cell
10419.91	6272.69	0.2163	-0.0033	-0.0226	0.6924	-0.0069	Myeloid cell
10414.91	6383.69	-0.0216	0.0060	-0.0186	0.6787	-0.0357	Myeloid cell
10412.91	5847.19	-0.0452	-0.0182	-0.0397	0.6758	-0.0595	Myeloid cell
10411.41	6277.69	-0.0615	-0.0213	-0.0348	0.0041	0.6367	B cell
10406.91	6281.69	-0.0556	-0.0202	-0.0401	0.6577	-0.0404	Myeloid cell
10406.91	5864.69	-0.0388	0.0092	-0.0030	0.8662	-0.0137	Myeloid cell
10406.41	5849.19	-0.0322	0.0141	-0.0063	0.9033	-0.0150	Myeloid cell
10383.41	5877.19	-0.0217	0.0117	-0.0164	0.6445	-0.0117	Myeloid cell
10380.91	6312.19	0.0074	-0.0002	-0.0181	0.5820	-0.0163	Myeloid cell
10375.91	6255.19	0.1658	-0.0054	-0.0303	0.7256	0.0250	Myeloid cell
10343.91	6388.69	0.2673	-0.0097	-0.0206	0.7280	-0.0388	Myeloid cell
10319.41	5836.69	0.2573	-0.0112	-0.0345	0.7061	-0.0523	Myeloid cell
10250.41	5853.69	-0.0567	-0.0112	-0.0304	0.5420	-0.0273	Myeloid cell
10243.91	6218.69	0.0564	0.0003	-0.0145	0.7422	-0.0247	Myeloid cell
10243.41	6380.19	-0.0742	-0.0256	-0.0486	0.6196	-0.0385	Myeloid cell
10232.41	6379.19	0.0360	-0.0110	-0.0232	0.8184	-0.0344	Myeloid cell
10226.91	6162.19	0.0068	-0.0010	-0.0133	0.8223	-0.0251	Myeloid cell
10215.91	6342.19	0.0069	0.0045	-0.0148	0.7500	-0.0174	Myeloid cell
10698.91	7003.19	-0.0565	0.0026	-0.0145	0.8608	-0.0260	Myeloid cell
10689.41	6507.19	-0.0669	0.0014	-0.0258	0.5776	-0.0064	Myeloid cell
10683.91	6916.19	-0.0842	-0.0143	-0.0262	0.7144	-0.0450	Myeloid cell
10677.91	6872.19	-0.0609	-0.0095	-0.0302	0.6802	-0.0192	Myeloid cell
10668.91	6841.19	-0.0166	0.0144	-0.0179	0.6182	-0.0119	Myeloid cell
10662.41	6767.69	-0.0748	-0.0255	-0.0477	0.6074	-0.0462	Myeloid cell
10652.91	6768.69	-0.0372	0.0205	-0.0039	0.9321	-0.0123	Myeloid cell
10651.91	6842.69	-0.0149	0.0110	-0.0140	0.6372	-0.0072	Myeloid cell
10645.41	6502.19	-0.0511	0.0070	-0.0027	0.8252	-0.0149	Myeloid cell
10644.41	6918.19	0.0808	-0.0002	-0.0137	0.8418	-0.0319	Myeloid cell
10637.41	6502.19	-0.0111	0.0017	-0.0258	0.6274	-0.0304	Myeloid cell
10634.41	6567.19	-0.0135	0.0224	-0.0072	0.7090	-0.0063	Myeloid cell
10630.91	6925.69	-0.0779	-0.0523	0.8335	-0.0403	-0.0488	cDC1
10621.41	6875.19	-0.0948	-0.0721	0.8359	-0.0528	-0.0590	cDC1
10601.41	7003.69	-0.0286	0.0131	-0.0148	0.5601	-0.0051	Myeloid cell
10575.41	6873.69	-0.0668	-0.0417	0.8833	-0.0261	-0.0399	cDC1
10555.91	6754.69	-0.0230	-0.0106	-0.0285	0.7456	-0.0293	Myeloid cell
10492.41	6998.19	-0.0544	-0.0071	-0.0169	0.6636	-0.0206	Myeloid cell
10486.41	7109.69	0.0081	0.0047	-0.0133	0.8652	-0.0156	Myeloid cell
10449.91	6521.69	-0.0293	0.0077	-0.0116	0.7139	-0.0115	Myeloid cell
10420.41	6842.69	-0.0598	-0.0298	0.9561	-0.0125	-0.0301	cDC1
10379.91	6770.69	-0.0566	-0.0298	0.9277	-0.0161	-0.0319	cDC1
10379.41	7102.19	-0.0330	-0.0065	-0.0315	0.5854	-0.0218	Myeloid cell
10360.91	6799.19	-0.0873	-0.0873	0.5894	-0.0673	-0.0660	cDC1
10358.91	6792.69	-0.0623	-0.0369	0.8926	-0.0249	-0.0349	cDC1
10342.41	6773.19	-0.0753	-0.0537	0.8115	-0.0376	-0.0432	cDC1
10340.41	6778.69	-0.0737	-0.0570	0.7764	-0.0401	-0.0457	cDC1
10330.41	6600.19	-0.1294	-0.0169	-0.0080	0.5752	-0.0095	Myeloid cell
10323.41	6612.19	-0.0330	-0.0047	-0.0236	0.7637	-0.0221	Myeloid cell
10322.91	7139.19	0.1000	0.0139	-0.0183	0.6909	-0.0177	Myeloid cell
10307.41	6973.19	-0.0444	-0.0142	-0.0273	0.7993	-0.0328	Myeloid cell
10280.41	6692.69	0.0039	-0.0246	-0.0540	0.6743	-0.0530	Myeloid cell
10216.91	6989.19	-0.0479	0.0139	-0.0040	0.9604	-0.0206	Myeloid cell
10698.91	7242.69	0.0406	-0.0119	0.0024	0.8364	-0.0325	Myeloid cell
10681.41	7248.69	-0.0167	0.0108	-0.0109	0.9043	-0.0203	Myeloid cell
10680.41	7420.19	-0.0180	-0.0142	-0.0363	0.7729	0.0065	Myeloid cell
10673.41	7411.19	-0.0363	0.0054	-0.0235	0.8403	-0.0250	Myeloid cell
10670.91	7435.69	-0.0894	-0.0087	-0.0109	0.6768	-0.0163	Myeloid cell
10668.91	7443.19	-0.0528	0.0122	-0.0092	0.9170	-0.0167	Myeloid cell
10665.91	7414.69	-0.0566	0.0257	-0.0163	1.0273	-0.0179	Myeloid cell
10658.41	7410.69	-0.0392	0.0207	-0.0024	0.9702	-0.0143	Myeloid cell
10653.91	7403.69	0.1669	-0.0371	-0.0566	0.5996	-0.0560	Myeloid cell
10648.91	7409.69	-0.0368	0.0172	-0.0007	0.9473	-0.0125	Myeloid cell
10648.91	7303.19	-0.0606	0.0046	-0.0125	0.9111	-0.0299	Myeloid cell
10640.91	7261.19	-0.0476	0.0089	-0.0111	0.8340	-0.0188	Myeloid cell
10620.41	7433.19	-0.0147	-0.0135	-0.0128	0.8159	-0.0354	Myeloid cell
10618.41	7292.19	-0.0320	0.0179	-0.0082	0.6904	0.0001	Myeloid cell
10605.41	7337.19	0.4565	-0.0282	-0.0344	0.2915	-0.0170	cDC2
10603.41	7293.19	-0.0458	-0.0120	-0.0268	0.6123	-0.0268	Myeloid cell
10585.41	7298.69	-0.0682	-0.0416	-0.0682	0.6948	-0.0611	Myeloid cell
10580.41	7309.69	-0.0687	0.0260	-0.0126	0.6406	0.0071	Myeloid cell
10576.91	7391.19	-0.0415	-0.0129	-0.0400	0.6128	-0.0263	Myeloid cell
10575.91	7353.19	-0.0182	0.0032	-0.0192	0.7314	-0.0164	Myeloid cell
10575.41	7370.69	-0.0561	-0.0283	-0.0424	0.7012	-0.0476	Myeloid cell
10569.91	7332.19	-0.0396	0.0189	-0.0162	0.5928	0.0057	Myeloid cell
10569.91	7304.19	-0.0296	-0.0088	-0.0288	0.6978	-0.0261	Myeloid cell
10567.91	7407.19	-0.0344	0.0156	0.0053	0.8267	-0.0093	Myeloid cell
10560.41	7316.19	-0.0673	0.0025	0.0363	0.5586	-0.0138	Myeloid cell
10560.41	7306.69	-0.0839	0.0173	-0.0132	0.9434	-0.0257	Myeloid cell
10553.41	7310.19	-0.0420	0.0053	-0.0163	0.8125	-0.0221	Myeloid cell
10550.91	7407.69	-0.0385	0.0190	-0.0093	0.8130	-0.0146	Myeloid cell
10546.41	7336.69	-0.0567	-0.0060	-0.0212	0.8564	-0.0331	Myeloid cell
10531.91	7397.19	-0.0685	0.0023	-0.0197	0.7671	-0.0254	Myeloid cell
10531.41	7390.69	-0.0346	0.0146	-0.0142	0.7070	-0.0134	Myeloid cell
10526.41	7406.69	-0.0425	0.0181	-0.0131	0.8584	-0.0181	Myeloid cell
10523.41	7399.69	-0.0279	0.0297	-0.0102	0.7271	0.0022	Myeloid cell
10522.41	7330.69	-0.0458	0.0116	-0.0075	0.9150	-0.0189	Myeloid cell
10510.91	7358.69	-0.0549	-0.0085	-0.0251	0.8481	-0.0369	Myeloid cell
10494.41	7487.19	-0.0373	0.0175	0.0046	0.9224	-0.0105	Myeloid cell
10489.41	7388.69	-0.0402	0.0162	-0.0118	0.9595	-0.0281	Myeloid cell
10485.91	7400.19	-0.0280	0.0209	-0.0118	0.6943	-0.0094	Myeloid cell
10479.91	7385.69	-0.0676	0.0099	-0.0252	0.6650	-0.0255	Myeloid cell
10470.91	7328.69	0.0048	0.0140	-0.0161	0.6929	-0.0174	Myeloid cell
10463.41	7469.69	0.0093	0.0134	0.0029	0.8750	-0.0118	Myeloid cell
10451.41	7492.69	-0.0390	-0.0152	-0.0134	0.8188	-0.0366	Myeloid cell
10444.91	7415.69	-0.0450	0.0032	-0.0143	0.8701	-0.0186	Myeloid cell
10440.91	7410.19	-0.0677	0.0073	-0.0223	0.7148	-0.0209	Myeloid cell
10381.91	7212.19	-0.0275	0.0226	-0.0083	0.7144	-0.0045	Myeloid cell
10350.41	7364.19	-0.0533	0.0062	-0.0101	0.8848	-0.0185	Myeloid cell
10342.41	7189.19	0.1367	0.0049	-0.0090	0.6167	0.0001	Myeloid cell
10338.91	7474.19	-0.0604	-0.0105	-0.0238	0.8271	-0.0362	Myeloid cell
10332.91	7509.19	0.1709	-0.0119	-0.0326	0.6406	-0.0341	Myeloid cell
10329.91	7513.69	0.3992	-0.0221	-0.0401	0.6890	-0.0477	Myeloid cell
10325.41	7403.19	-0.0395	0.0004	-0.0161	0.8799	-0.0368	Myeloid cell
10318.41	7417.19	-0.0131	-0.0062	-0.0206	0.8647	-0.0297	Myeloid cell
10300.91	7362.19	-0.0669	0.0093	-0.0186	0.8003	-0.0182	Myeloid cell
10296.41	7499.19	-0.0394	0.0129	-0.0098	0.8013	-0.0103	Myeloid cell
10277.41	7457.19	-0.0363	0.0183	-0.0089	0.7188	-0.0107	Myeloid cell
10272.91	7565.69	-0.0844	-0.0071	-0.0328	0.6543	-0.0195	Myeloid cell
10271.41	7464.19	-0.0619	0.0186	-0.0122	0.8594	-0.0185	Myeloid cell
10263.91	7445.19	-0.0496	0.0191	-0.0062	0.9019	-0.0133	Myeloid cell
10262.41	7488.69	0.0652	0.0027	-0.0125	0.8984	-0.0280	Myeloid cell
10223.41	7557.69	-0.0391	0.0100	-0.0168	0.6455	-0.0095	Myeloid cell
10207.91	7590.69	-0.0786	-0.0312	-0.0394	0.7461	-0.0516	Myeloid cell
11205.41	5682.19	-0.0923	-0.0553	0.0262	0.7021	-0.0553	Myeloid cell
11205.41	5654.19	-0.0373	-0.0121	-0.0292	0.6064	0.0084	Myeloid cell
11205.41	5587.69	0.0062	0.0197	-0.0072	0.7671	-0.0061	Myeloid cell
11202.41	5646.69	-0.0555	0.0113	-0.0116	0.9272	-0.0235	Myeloid cell
11198.91	5598.19	-0.0154	0.0015	-0.0044	0.7910	-0.0136	Myeloid cell
11187.91	5607.19	0.7979	-0.0199	-0.0281	-0.0230	-0.0291	cDC2
11184.41	5597.69	0.9062	-0.0158	-0.0234	-0.0159	-0.0309	cDC2
11180.91	5829.69	-0.0431	0.0077	-0.0141	0.7661	-0.0175	Myeloid cell
11177.91	5653.69	0.0003	-0.0061	-0.0199	0.7148	-0.0262	Myeloid cell
11172.91	5712.19	0.0091	0.0022	-0.0141	0.8638	-0.0234	Myeloid cell
11172.91	5650.19	-0.0712	0.0105	-0.0245	0.7246	-0.0290	Myeloid cell
11166.91	5710.69	-0.0521	-0.0041	-0.0164	0.8281	-0.0317	Myeloid cell
11166.91	5646.69	-0.0428	0.0169	0.0003	0.9263	-0.0130	Myeloid cell
11165.91	5655.19	-0.1011	-0.0083	-0.0298	0.7749	-0.0232	Myeloid cell
11165.41	5810.69	-0.0551	0.0024	-0.0144	0.8760	-0.0272	Myeloid cell
11159.91	5815.19	-0.0789	0.0246	-0.0095	1.0176	-0.0253	Myeloid cell
11154.91	5670.69	-0.0468	-0.0287	-0.0396	0.5713	-0.0381	Myeloid cell
11154.41	5825.19	-0.0309	0.0134	-0.0117	0.6221	-0.0142	Myeloid cell
11142.41	5690.19	-0.0788	-0.0014	-0.0314	0.7461	-0.0370	Myeloid cell
11141.41	5653.69	-0.0460	-0.0249	-0.0317	0.6284	-0.0406	Myeloid cell
11138.91	5805.69	-0.0639	-0.0109	-0.0323	0.6035	-0.0248	Myeloid cell
11136.41	5821.19	-0.0586	0.0121	-0.0059	0.9370	-0.0183	Myeloid cell
11136.41	5688.69	-0.0527	0.0112	-0.0108	0.9165	-0.0243	Myeloid cell
11132.41	5739.69	-0.0514	0.0101	-0.0106	0.9243	-0.0256	Myeloid cell
11130.91	5683.69	-0.0536	0.0113	-0.0105	0.8579	-0.0195	Myeloid cell
11125.41	5801.69	0.0070	0.0247	-0.0008	0.8989	-0.0184	Myeloid cell
11118.41	5623.69	-0.0514	0.0105	-0.0120	0.9189	-0.0224	Myeloid cell
11114.41	5615.69	-0.0324	0.0086	-0.0130	0.6387	-0.0128	Myeloid cell
11111.41	5758.19	-0.0276	-0.0050	-0.0234	0.8472	-0.0306	Myeloid cell
11108.91	5636.69	-0.0421	0.0184	0.0027	0.9473	-0.0157	Myeloid cell
11106.41	5812.19	0.1305	0.0228	-0.0112	0.6655	-0.0087	Myeloid cell
11106.41	5786.19	-0.0200	0.0103	-0.0058	0.7432	-0.0125	Myeloid cell
11102.41	5819.69	-0.0485	0.0276	-0.0013	0.9492	-0.0084	Myeloid cell
11100.91	5825.69	-0.0404	0.0040	-0.0115	0.6309	-0.0220	Myeloid cell
11100.41	5672.69	-0.0572	0.0008	-0.0343	0.6270	-0.0299	Myeloid cell
11085.91	5788.19	0.1406	-0.0234	-0.0304	0.7798	-0.0468	Myeloid cell
11083.91	5794.19	0.2357	-0.0003	-0.0093	0.8447	-0.0185	Myeloid cell
11080.41	5777.19	-0.0137	-0.0086	-0.0193	0.5752	-0.0280	Myeloid cell
11071.41	5801.69	-0.0469	-0.0042	-0.0147	0.5332	-0.0219	Myeloid cell
11070.91	5774.69	-0.0383	0.0159	-0.0017	0.9473	-0.0121	Myeloid cell
11069.91	5795.69	-0.0255	0.0060	-0.0174	0.6353	0.0002	Myeloid cell
11066.91	5801.69	-0.0257	-0.0067	-0.0254	0.5010	-0.0227	Myeloid cell
11040.41	5777.69	-0.0368	0.0156	-0.0082	0.7944	-0.0139	Myeloid cell
11012.91	5788.69	-0.0500	0.0165	-0.0020	0.9565	-0.0185	Myeloid cell
10980.41	5807.19	-0.0676	0.0123	-0.0127	0.9297	-0.0209	Myeloid cell
10976.41	5799.69	-0.0411	0.0180	-0.0103	0.6743	-0.0059	Myeloid cell
10972.91	5766.69	-0.0961	-0.0114	-0.0338	0.5957	-0.0276	Myeloid cell
10944.41	5781.69	-0.0122	0.0224	0.0064	0.9214	-0.0080	Myeloid cell
10942.91	5789.69	0.1655	0.0396	0.0022	1.0039	-0.0145	Myeloid cell
10940.91	5819.19	-0.0521	0.0012	-0.0234	0.6636	-0.0180	Myeloid cell
10933.41	5829.69	0.2627	-0.0269	-0.0424	0.7314	-0.0426	Myeloid cell
10913.91	5782.69	-0.0549	-0.0054	-0.0206	0.8594	-0.0354	Myeloid cell
10895.91	5820.19	-0.0163	0.0102	-0.0062	0.5981	-0.0004	Myeloid cell
10881.91	5782.19	-0.0504	0.0069	-0.0105	0.8818	-0.0183	Myeloid cell
10877.41	5826.19	-0.0278	0.0087	-0.0090	0.7998	-0.0139	Myeloid cell
10866.41	5768.69	-0.0424	0.0159	-0.0022	0.9595	-0.0170	Myeloid cell
10852.41	5800.19	-0.0655	0.0018	-0.0199	0.8257	-0.0254	Myeloid cell
10833.41	5808.69	0.0194	-0.0002	-0.0258	0.8330	-0.0378	Myeloid cell
10816.91	5769.69	-0.0525	0.0133	-0.0039	0.9463	-0.0218	Myeloid cell
10793.91	5815.69	-0.0646	-0.0696	-0.0693	0.5151	-0.0809	Myeloid cell
10774.91	5816.19	-0.0400	0.0178	-0.0114	0.9419	-0.0171	Myeloid cell
10763.91	5791.19	-0.0546	0.0024	-0.0161	0.8794	-0.0146	Myeloid cell
10750.41	5793.19	-0.0436	0.0171	-0.0026	0.9595	-0.0162	Myeloid cell
11200.91	6097.69	0.0126	-0.0041	-0.0228	0.8081	-0.0341	Myeloid cell
11189.41	6238.19	0.1967	-0.0076	-0.0198	0.6680	-0.0303	Myeloid cell
11182.91	5906.19	0.0463	0.0147	-0.0130	0.7837	-0.0144	Myeloid cell
11175.41	5902.69	-0.0463	0.0063	-0.0093	0.8774	-0.0187	Myeloid cell
11167.41	5836.19	-0.0634	-0.0084	-0.0274	0.7866	-0.0309	Myeloid cell
11164.41	6120.69	0.6406	-0.0155	-0.0252	0.0287	-0.0355	cDC2
11159.91	6226.69	-0.0500	-0.0028	-0.0187	0.8701	-0.0304	Myeloid cell
11129.91	5833.19	-0.0439	-0.0061	-0.0170	0.7930	-0.0277	Myeloid cell
11128.41	5868.69	-0.0689	0.0003	-0.0284	0.6758	-0.0246	Myeloid cell
11114.91	6289.69	0.0216	0.0210	-0.0446	0.6279	-0.0368	Myeloid cell
11094.41	5833.19	-0.0452	-0.0215	-0.0464	0.6353	-0.0458	Myeloid cell
11056.91	5875.19	-0.0491	0.0069	-0.0116	0.8770	-0.0197	Myeloid cell
10992.41	5940.69	-0.0126	-0.0070	-0.0535	0.6792	-0.0583	Myeloid cell
10989.91	6052.19	-0.0549	-0.0351	0.8330	-0.0249	-0.0345	cDC1
10980.41	6141.69	0.0075	-0.0033	-0.0426	0.7119	-0.0571	Myeloid cell
10944.41	5984.69	-0.0880	-0.0119	-0.0350	0.8398	-0.0396	Myeloid cell
10943.41	5965.19	-0.0510	0.0111	-0.0067	0.9419	-0.0224	Myeloid cell
10941.91	6189.69	-0.0192	0.0221	0.0022	0.8657	-0.0118	Myeloid cell
10933.41	5834.19	0.0089	-0.0127	-0.0249	0.4087	0.0773	Myeloid cell
10930.91	5875.19	-0.0598	-0.0430	0.6714	-0.0389	-0.0404	cDC1
10929.91	5847.19	-0.0324	-0.0186	-0.0234	0.2927	0.3491	Other cell
10927.41	5878.69	-0.0649	-0.0426	0.7695	-0.0374	-0.0436	cDC1
10927.41	5855.69	-0.0121	-0.0359	-0.0470	0.4995	0.0273	Myeloid cell
10920.41	5880.19	0.0085	-0.0301	0.5664	-0.0237	0.0176	cDC1
10918.41	6211.69	-0.0501	-0.0017	-0.0203	0.8506	-0.0265	Myeloid cell
10914.91	5885.19	-0.0543	-0.0207	0.8877	-0.0123	-0.0251	cDC1
10911.91	5833.19	-0.0272	-0.0091	-0.0284	0.7676	-0.0198	Myeloid cell
10904.41	5836.69	-0.0714	0.0233	-0.0183	0.6890	-0.0199	Myeloid cell
10903.41	5907.69	0.0432	0.0260	-0.0092	0.6558	0.0054	Myeloid cell
10896.41	5839.69	0.0576	0.0098	-0.0040	0.8838	-0.0174	Myeloid cell
10893.91	5953.19	-0.0610	-0.0023	-0.0176	0.8364	-0.0308	Myeloid cell
10864.91	5841.19	-0.0415	0.0017	-0.0191	0.6177	-0.0150	Myeloid cell
10853.41	5902.19	0.4709	-0.0020	-0.0317	0.8096	-0.0399	Double pos cDC2
10848.41	6199.69	0.0255	-0.0150	-0.0427	0.6401	-0.0482	Myeloid cell
10836.41	5946.19	0.0199	-0.0032	-0.0157	0.7163	-0.0263	Myeloid cell
10836.41	5874.69	0.0535	-0.0014	-0.0240	0.7285	-0.0197	Myeloid cell
10829.91	5850.69	0.0982	-0.0224	-0.0223	0.5698	-0.0371	Myeloid cell
10815.91	5898.69	-0.0677	-0.0163	-0.0287	-0.0072	0.8218	B cell
10813.91	6341.69	-0.0077	0.0318	0.0021	0.7212	0.0022	Myeloid cell
10776.91	5875.69	-0.0142	-0.0237	-0.0416	0.7114	-0.0482	Myeloid cell
10771.91	5871.19	-0.0282	-0.0040	-0.0232	0.7764	-0.0335	Myeloid cell
10765.91	6008.19	-0.0221	-0.0011	-0.0149	0.6353	-0.0234	Myeloid cell
10756.91	5986.69	-0.0380	0.0090	-0.0170	0.7710	-0.0218	Myeloid cell
10744.41	5853.19	-0.0659	-0.0337	-0.0543	0.6367	-0.0494	Myeloid cell
10742.91	6304.69	0.1052	0.0166	-0.0108	0.7690	-0.0086	Myeloid cell
10738.41	5862.19	-0.0298	0.0209	-0.0100	0.7344	-0.0132	Myeloid cell
10735.41	6420.69	0.0048	0.0103	-0.0133	0.8398	-0.0219	Myeloid cell
10723.41	5860.19	0.0372	-0.0155	-0.0309	0.6860	-0.0338	Myeloid cell
10707.91	6436.19	-0.0801	-0.0634	0.7964	-0.0523	-0.0477	cDC1
11205.41	6847.19	-0.0660	-0.0356	0.8740	-0.0255	-0.0316	cDC1
11198.41	6626.19	-0.0306	-0.0144	-0.0308	0.5439	-0.0285	Myeloid cell
11166.91	7008.19	-0.0256	0.0047	-0.0083	0.0170	0.6494	B cell
11162.91	6661.19	0.0950	0.0050	-0.0090	0.6914	-0.0193	Myeloid cell
11134.91	6592.19	0.1794	0.0232	-0.0089	0.7710	-0.0190	Myeloid cell
11128.91	6580.19	0.0801	-0.0004	-0.0217	0.6494	-0.0296	Myeloid cell
11102.91	6644.69	0.1255	-0.0087	-0.0217	0.7114	-0.0360	Myeloid cell
11098.91	6572.69	-0.0300	0.0201	-0.0084	0.9258	-0.0190	Myeloid cell
11096.91	6854.19	-0.0667	-0.0426	0.7573	-0.0349	-0.0413	cDC1
11092.91	6634.69	-0.0480	-0.0161	0.8887	-0.0079	-0.0220	cDC1
11040.91	7009.69	-0.0374	0.0078	-0.0056	0.0212	0.7769	B cell
11030.41	6776.69	0.7378	-0.0249	-0.0481	0.5645	-0.0389	Double pos cDC2
10968.91	6568.69	-0.0066	0.0005	-0.0215	0.9224	-0.0352	Myeloid cell
10965.41	7079.19	-0.0697	-0.0438	0.8789	-0.0356	-0.0312	cDC1
10960.41	6570.69	-0.0446	0.0020	-0.0161	0.8457	-0.0221	Myeloid cell
10945.91	7111.19	0.0002	0.0268	-0.0049	0.6045	0.0027	Myeloid cell
10939.91	6976.19	0.5586	-0.0094	-0.0190	0.0598	-0.0212	cDC2
10931.41	6608.19	-0.0305	0.0064	-0.0486	0.6289	-0.0483	Myeloid cell
10930.41	6909.69	-0.0550	-0.0291	0.8784	-0.0190	-0.0307	cDC1
10913.41	6976.69	0.0033	-0.0189	-0.0481	0.7061	-0.0110	Myeloid cell
10912.41	6862.19	-0.0323	0.0131	-0.0028	0.0265	0.8403	B cell
10900.91	7126.69	-0.0400	0.0033	-0.0209	0.6030	-0.0064	Myeloid cell
10893.91	6973.69	-0.0677	-0.0377	0.9424	-0.0233	-0.0369	cDC1
10893.91	6502.19	-0.0236	0.0057	-0.0207	0.5732	-0.0074	Myeloid cell
10806.41	7032.19	-0.0528	-0.0130	-0.0370	0.7124	-0.0449	Myeloid cell
10799.41	6952.19	0.0139	0.0021	-0.0491	0.7139	-0.0450	Myeloid cell
10795.91	7030.69	-0.0641	0.0078	-0.0193	0.7607	-0.0154	Myeloid cell
10790.41	7013.69	0.2037	-0.0352	-0.0403	0.7480	-0.0750	Myeloid cell
10778.91	6508.19	0.0226	0.0016	-0.0093	0.6333	-0.0098	Myeloid cell
10761.41	7072.19	-0.0485	0.0145	-0.0067	0.9971	-0.0277	Myeloid cell
10760.41	6681.69	0.0798	0.0170	-0.0189	0.6577	-0.0026	Myeloid cell
10722.41	6797.19	0.9912	-0.0159	-0.0211	-0.0193	-0.0204	cDC2
10715.91	7126.69	-0.0067	0.0075	-0.0132	0.5840	-0.0096	Myeloid cell
10707.91	6922.69	-0.0168	-0.0295	-0.0193	0.8052	-0.0390	Myeloid cell
11192.91	7297.19	-0.0429	0.0201	-0.0043	0.8530	-0.0125	Myeloid cell
11192.41	7459.19	0.0352	0.0416	-0.0025	0.7695	-0.0289	Myeloid cell
11192.41	7396.19	-0.0601	-0.0075	-0.0170	0.7935	-0.0214	Myeloid cell
11186.91	7260.69	-0.0227	0.0115	-0.0149	0.6514	-0.0104	Myeloid cell
11171.41	7211.19	-0.0224	-0.0307	-0.0525	0.6279	-0.0472	Myeloid cell
11169.41	7190.19	-0.0493	-0.0021	-0.0219	0.8408	-0.0234	Myeloid cell
11161.41	7358.19	-0.0197	0.0193	-0.0085	0.5811	-0.0057	Myeloid cell
11158.41	7296.69	-0.0456	0.0318	0.0002	1.0020	-0.0104	Myeloid cell
11154.41	7448.19	-0.0312	0.0152	-0.0109	0.6499	-0.0083	Myeloid cell
11146.41	7318.69	0.1453	-0.0289	-0.0480	0.6211	-0.0523	Myeloid cell
11140.41	7438.19	-0.0297	0.0181	-0.0068	0.6226	-0.0054	Myeloid cell
11130.91	7271.19	-0.0170	-0.0156	-0.0286	0.8330	-0.0409	Myeloid cell
11127.41	7171.19	-0.0262	0.0088	-0.0101	0.7158	-0.0097	Myeloid cell
11112.91	7421.69	-0.0610	-0.0022	-0.0331	0.7334	-0.0278	Myeloid cell
11105.91	7422.69	-0.0380	0.0310	0.0002	0.9697	-0.0073	Myeloid cell
11101.91	7357.19	0.2336	-0.0028	-0.0269	0.5776	-0.0338	Myeloid cell
11079.41	7325.69	-0.0718	-0.0323	-0.0429	0.7144	-0.0473	Myeloid cell
11072.41	7330.69	-0.0543	-0.0068	-0.0328	0.5449	-0.0232	Myeloid cell
11068.91	7366.69	-0.0407	0.0039	-0.0071	0.8257	-0.0168	Myeloid cell
11028.41	7336.69	-0.0282	-0.0070	-0.0213	0.7314	-0.0334	Myeloid cell
11012.41	7236.19	-0.0515	0.0123	-0.0052	0.9487	-0.0215	Myeloid cell
11006.91	7443.19	-0.1118	-0.0230	-0.0320	0.6479	-0.0179	Myeloid cell
10997.91	7399.19	-0.0528	0.0041	-0.0113	0.8530	-0.0189	Myeloid cell
10989.91	7402.69	-0.0597	-0.0221	-0.0456	0.6343	-0.0419	Myeloid cell
10979.91	7421.69	-0.0441	0.0161	0.0039	0.7085	-0.0193	Myeloid cell
10974.91	7306.69	-0.0468	0.0016	-0.0149	0.7993	-0.0224	Myeloid cell
10972.41	7439.19	-0.0483	0.0022	-0.0154	0.7700	-0.0138	Myeloid cell
10960.91	7231.69	-0.1009	-0.0135	-0.0306	0.6782	-0.0154	Myeloid cell
10952.91	7433.19	-0.0871	0.0093	-0.0252	0.7329	-0.0157	Myeloid cell
10949.91	7425.19	-0.0692	-0.0094	-0.0312	0.6289	-0.0198	Myeloid cell
10946.91	7432.19	-0.0535	0.0049	-0.0168	0.7271	-0.0164	Myeloid cell
10939.91	7345.69	-0.0733	-0.0490	0.9048	-0.0315	-0.0450	cDC1
10935.91	7223.19	-0.0923	-0.0206	-0.0170	0.6025	-0.0321	Myeloid cell
10912.91	7330.69	-0.0348	0.0207	-0.0117	0.8701	-0.0199	Myeloid cell
10904.41	7327.19	-0.0437	0.0004	-0.0132	0.7686	-0.0176	Myeloid cell
10898.41	7360.69	-0.0297	-0.0193	-0.0413	0.6899	-0.0437	Myeloid cell
10869.91	7434.19	-0.0203	0.0225	-0.0117	0.8423	-0.0178	Myeloid cell
10849.91	7175.19	-0.0263	-0.0098	-0.0314	0.6475	-0.0085	Myeloid cell
10841.91	7262.19	-0.0468	0.0049	-0.0062	0.8438	-0.0144	Myeloid cell
10796.91	7283.19	-0.0316	-0.0090	-0.0298	0.7344	-0.0320	Myeloid cell
10794.41	7258.69	0.1522	0.0051	-0.0249	0.7725	-0.0327	Myeloid cell
10793.41	7306.69	-0.0514	0.0140	-0.0085	0.9507	-0.0226	Myeloid cell
10780.91	7320.69	-0.1071	0.0200	-0.0307	0.9043	-0.0226	Myeloid cell
10779.91	7359.69	-0.0428	0.0049	-0.0103	0.7461	-0.0178	Myeloid cell
10777.41	7349.19	-0.0643	-0.0074	-0.0173	-0.0064	0.9297	B cell
10776.91	7296.19	-0.0460	0.0065	-0.0116	0.6631	-0.0141	Myeloid cell
10773.91	7324.69	-0.0901	0.0172	-0.0181	0.8872	-0.0271	Myeloid cell
10772.41	7317.19	-0.0663	0.0056	-0.0190	0.8638	-0.0254	Myeloid cell
10769.91	7256.69	-0.0573	-0.0033	-0.0167	0.7578	-0.0226	Myeloid cell
10767.41	7351.19	-0.0500	0.0050	-0.0107	0.8286	-0.0227	Myeloid cell
10766.91	7359.19	-0.0588	0.0088	-0.0142	0.9180	-0.0230	Myeloid cell
10766.91	7196.69	-0.0723	0.0258	-0.0068	0.9717	-0.0142	Myeloid cell
10761.91	7331.19	-0.0234	0.0130	-0.0024	0.5039	0.0018	Myeloid cell
10760.91	7351.69	-0.0583	0.0199	-0.0115	0.7983	-0.0145	Myeloid cell
10759.41	7196.19	-0.0486	0.0020	-0.0105	0.8369	-0.0206	Myeloid cell
10742.91	7293.19	-0.0440	0.0019	-0.0098	0.8076	-0.0169	Myeloid cell
10736.41	7339.69	-0.1006	0.0146	-0.0208	0.6782	-0.0246	Myeloid cell
10734.41	7333.69	-0.0403	0.0149	-0.0081	0.8784	-0.0176	Myeloid cell
10729.41	7342.69	-0.0038	-0.0042	-0.0205	0.7544	-0.0259	Myeloid cell
10718.41	7390.69	-0.0551	-0.0075	-0.0229	0.6426	-0.0255	Myeloid cell
10716.91	7294.19	0.1548	0.0073	-0.0187	0.5137	0.0586	Myeloid cell
10714.41	7300.69	0.0455	0.0186	-0.0161	0.8154	-0.0133	Myeloid cell
10710.41	7221.69	-0.0933	-0.0316	-0.0472	0.6538	-0.0461	Myeloid cell
10707.91	7301.69	-0.0513	-0.0004	-0.0120	0.7954	-0.0289	Myeloid cell
11549.41	5684.69	-0.0305	0.0075	-0.0079	0.8091	-0.0094	Myeloid cell
11468.91	5666.19	-0.0423	-0.0093	-0.0200	0.8013	-0.0276	Myeloid cell
11440.41	5592.19	-0.0274	0.0098	-0.0037	0.8589	-0.0133	Myeloid cell
11436.41	5701.19	-0.0508	0.0106	-0.0034	0.8862	-0.0201	Myeloid cell
11430.41	5705.69	-0.0445	-0.0070	-0.0238	0.7842	-0.0251	Myeloid cell
11411.91	5581.69	-0.0532	0.0112	-0.0072	0.9346	-0.0203	Myeloid cell
11408.41	5554.19	-0.0562	0.0116	-0.0092	0.9370	-0.0181	Myeloid cell
11400.41	5589.69	-0.0558	0.0171	-0.0173	0.8765	-0.0072	Myeloid cell
11400.41	5556.69	-0.0643	0.0251	-0.0026	0.9805	-0.0149	Myeloid cell
11398.91	5609.19	-0.0596	0.0048	-0.0143	0.8979	-0.0250	Myeloid cell
11394.41	5703.69	-0.0428	-0.0202	-0.0330	0.7456	-0.0400	Myeloid cell
11393.91	5540.69	-0.0311	-0.0078	-0.0097	0.5835	-0.0201	Myeloid cell
11387.41	5684.19	-0.0071	0.0106	-0.0086	0.8794	-0.0125	Myeloid cell
11385.91	5578.69	-0.0376	0.0090	-0.0076	0.8389	-0.0164	Myeloid cell
11383.41	5608.19	-0.0646	0.0067	0.0526	0.6074	-0.0101	Myeloid cell
11381.41	5690.69	-0.0793	0.0176	-0.0112	0.8232	-0.0193	Myeloid cell
11379.91	5516.19	0.0075	0.0397	0.0130	0.6196	0.0136	Myeloid cell
11374.41	5586.69	-0.0189	0.0046	-0.0086	0.6719	-0.0088	Myeloid cell
11372.91	5539.69	-0.0440	0.0097	-0.0078	0.8940	-0.0140	Myeloid cell
11368.91	5492.19	-0.0577	0.0282	0.0019	1.0312	-0.0153	Myeloid cell
11367.41	5651.69	-0.0068	0.0332	0.0137	0.0601	0.7266	B cell
11365.91	5698.69	-0.0540	0.0135	-0.0039	0.9658	-0.0217	Myeloid cell
11360.91	5701.19	-0.0636	-0.0254	-0.0304	0.7583	-0.0489	Myeloid cell
11356.41	5650.69	-0.0709	0.0094	-0.0151	0.9209	-0.0235	Myeloid cell
11351.41	5714.69	-0.0105	0.0127	-0.0092	0.8604	-0.0185	Myeloid cell
11350.91	5596.19	-0.0641	0.0018	0.0148	0.7202	-0.0090	Myeloid cell
11349.91	5545.19	-0.0512	-0.0124	-0.0356	0.7056	-0.0337	Myeloid cell
11348.41	5651.19	-0.0724	-0.0102	-0.0215	0.7627	0.0347	Myeloid cell
11346.41	5549.69	0.1382	-0.0087	-0.0363	0.7500	-0.0361	Myeloid cell
11345.41	5608.19	-0.0501	-0.0035	-0.0159	0.8535	-0.0249	Myeloid cell
11344.91	5741.19	-0.0541	0.0149	-0.0058	0.9536	-0.0219	Myeloid cell
11344.91	5717.69	-0.0424	0.0229	-0.0030	0.9272	-0.0110	Myeloid cell
11344.91	5653.19	-0.0866	-0.0374	-0.0462	-0.0293	0.7578	B cell
11344.41	5485.69	-0.0267	0.0211	0.0070	0.9453	-0.0053	Myeloid cell
11338.91	5443.69	-0.0048	0.0367	0.0046	0.7422	0.0048	Myeloid cell
11336.91	5598.19	-0.0407	0.0233	-0.0095	0.7798	-0.0159	Myeloid cell
11334.91	5568.19	-0.0735	-0.0104	-0.0033	0.7866	-0.0317	Myeloid cell
11328.91	5596.69	-0.0097	0.0084	-0.0092	0.8022	-0.0112	Myeloid cell
11324.91	5601.69	-0.0165	0.0070	-0.0179	0.7192	0.0019	Myeloid cell
11322.91	5676.69	-0.1005	0.0205	-0.0097	1.0312	-0.0237	Myeloid cell
11320.91	5607.69	-0.0658	0.0208	-0.0101	0.9653	-0.0202	Myeloid cell
11318.91	5673.69	-0.0892	-0.0240	-0.0394	0.7588	-0.0476	Myeloid cell
11318.91	5573.69	-0.0518	0.0087	-0.0129	0.9092	-0.0242	Myeloid cell
11314.41	5609.69	-0.0415	0.0046	-0.0156	0.8013	-0.0117	Myeloid cell
11313.91	5740.19	-0.0306	0.0014	-0.0222	0.8730	0.0337	Myeloid cell
11312.41	5675.19	-0.0536	0.0049	-0.0162	0.8945	-0.0293	Myeloid cell
11309.91	5731.69	-0.0605	0.0182	-0.0105	0.9019	-0.0169	Myeloid cell
11308.91	5755.19	-0.0607	-0.0041	-0.0193	0.8540	-0.0283	Myeloid cell
11307.41	5685.19	-0.0828	0.0251	-0.0143	0.9214	-0.0238	Myeloid cell
11305.41	5618.19	-0.0594	0.0140	-0.0167	0.7656	-0.0165	Myeloid cell
11302.41	5610.19	-0.0638	0.0121	-0.0123	0.8003	-0.0241	Myeloid cell
11301.91	5676.69	-0.0571	0.0038	-0.0137	0.8735	-0.0238	Myeloid cell
11301.91	5647.19	-0.0716	-0.0009	-0.0213	0.8682	-0.0307	Myeloid cell
11298.91	5582.69	-0.0540	0.0153	-0.0054	0.9473	-0.0201	Myeloid cell
11297.41	5653.19	-0.0622	-0.0044	-0.0210	0.8589	-0.0171	Myeloid cell
11296.41	5769.19	-0.0150	0.0184	-0.0043	0.4963	0.0038	Myeloid cell
11294.91	5708.69	-0.0143	0.0268	-0.0087	0.6582	-0.0087	Myeloid cell
11294.91	5608.19	-0.0313	0.0181	-0.0082	0.7231	-0.0096	Myeloid cell
11293.91	5746.69	-0.0406	0.0182	-0.0013	0.6836	-0.0157	Myeloid cell
11282.41	5747.69	-0.0266	0.0122	-0.0080	0.5981	-0.0046	Myeloid cell
11279.91	5765.19	-0.0756	0.0114	-0.0108	0.8003	-0.0267	Myeloid cell
11272.91	5771.69	-0.0493	0.0214	-0.0033	1.0205	-0.0199	Myeloid cell
11266.41	5685.19	-0.0430	0.0150	-0.0103	0.9194	-0.0300	Myeloid cell
11256.91	5613.19	0.1095	0.0211	-0.0036	0.6543	-0.0127	Myeloid cell
11256.91	5584.69	-0.0268	0.0143	-0.0094	0.7188	-0.0113	Myeloid cell
11253.91	5605.19	0.0157	0.0006	-0.0178	0.5859	-0.0047	Myeloid cell
11249.41	5620.19	-0.0723	0.0068	-0.0175	0.8384	-0.0227	Myeloid cell
11239.91	5623.19	-0.0677	-0.0068	-0.0244	0.8394	-0.0354	Myeloid cell
11238.41	5796.19	0.0041	0.0277	-0.0096	0.9253	-0.0146	Myeloid cell
11238.41	5764.69	-0.0617	-0.0190	-0.0142	0.7949	-0.0384	Myeloid cell
11233.91	5636.69	0.0080	-0.0099	-0.0326	0.7520	-0.0462	Myeloid cell
11233.91	5630.69	-0.0510	0.0176	-0.0109	0.8584	-0.0157	Myeloid cell
11227.91	5766.69	-0.0434	-0.0022	-0.0248	0.6680	-0.0196	Myeloid cell
11227.91	5676.69	-0.0505	0.0203	-0.0044	1.0107	-0.0198	Myeloid cell
11227.41	5591.19	-0.0373	0.0189	-0.0004	0.9570	-0.0107	Myeloid cell
11222.41	5672.19	-0.0491	0.0061	-0.0092	0.8921	-0.0180	Myeloid cell
11221.41	5734.19	-0.0020	-0.0029	-0.0146	0.6279	-0.0164	Myeloid cell
11221.41	5726.69	-0.0074	0.0077	-0.0105	0.8315	-0.0145	Myeloid cell
11219.41	5806.19	-0.0928	-0.0399	-0.0524	0.7500	-0.0591	Myeloid cell
11216.91	5739.19	-0.0323	0.0132	-0.0143	0.7646	-0.0109	Myeloid cell
11215.41	5601.19	-0.0405	0.0044	-0.0076	0.8867	-0.0136	Myeloid cell
11207.91	5681.69	0.0813	0.0072	-0.0003	0.7227	0.0234	Myeloid cell
11207.91	5585.19	-0.0447	0.0146	-0.0042	0.8823	-0.0139	Myeloid cell
11671.91	6219.69	-0.0275	0.0234	-0.0001	0.8511	-0.0048	Myeloid cell
11654.41	6210.69	0.0367	-0.0026	-0.0130	0.9048	-0.0347	Myeloid cell
11647.91	6424.69	-0.0034	0.0121	-0.0039	0.8770	-0.0134	Myeloid cell
11618.41	6445.69	-0.0357	0.0098	-0.0074	0.8940	-0.0110	Myeloid cell
11601.91	6283.19	-0.0443	-0.0302	-0.0445	0.6592	-0.0436	Myeloid cell
11586.41	6486.69	-0.0343	0.0122	-0.0051	0.8750	-0.0063	Myeloid cell
11582.91	6330.69	0.1205	0.0138	-0.0136	0.7695	-0.0287	Myeloid cell
11581.91	6304.69	-0.0144	0.0086	-0.0095	0.8579	-0.0145	Myeloid cell
11581.41	6457.19	0.0527	-0.0038	-0.0211	0.6611	-0.0233	Myeloid cell
11568.91	6489.69	-0.0469	0.0225	-0.0009	1.0049	-0.0210	Myeloid cell
11563.91	6458.69	-0.0443	0.0134	-0.0066	0.9209	-0.0213	Myeloid cell
11540.91	6459.19	-0.0437	0.0065	-0.0143	0.8042	-0.0165	Myeloid cell
11538.41	6228.19	0.0567	-0.0341	-0.0428	0.6050	-0.0410	Myeloid cell
11520.91	6477.19	-0.0849	-0.0231	-0.0091	0.6016	-0.0304	Myeloid cell
11498.41	6447.19	0.0737	0.0081	0.0047	0.8325	-0.0101	Myeloid cell
11481.41	6369.69	-0.0496	-0.0116	-0.0253	0.5923	-0.0288	Myeloid cell
11473.41	6249.69	-0.0467	0.0069	-0.0101	0.8955	-0.0211	Myeloid cell
11472.41	6426.69	-0.0396	0.0173	0.0031	0.9121	-0.0100	Myeloid cell
11471.91	6172.19	-0.0191	-0.0116	-0.0270	0.7539	-0.0327	Myeloid cell
11471.41	6402.69	-0.0252	0.0047	-0.0040	0.8223	-0.0110	Myeloid cell
11466.41	6170.69	-0.0462	0.0006	0.1755	0.4033	-0.0339	Myeloid cell
11465.91	6232.69	0.0062	-0.0239	-0.0406	0.7412	-0.0529	Myeloid cell
11462.91	6498.69	0.1053	-0.0057	-0.0167	0.7158	-0.0380	Myeloid cell
11458.41	6202.69	-0.0175	-0.0183	-0.0298	0.6851	-0.0328	Myeloid cell
11452.91	6466.19	-0.0379	0.0290	-0.0076	0.8906	-0.0094	Myeloid cell
11443.91	6251.69	0.0318	-0.0172	-0.0402	0.5615	-0.0331	Myeloid cell
11441.91	6106.69	-0.0523	0.0002	-0.0163	0.7676	-0.0180	Myeloid cell
11441.41	6421.69	-0.0275	0.0051	-0.0127	0.7422	-0.0129	Myeloid cell
11439.91	6474.69	0.0486	0.0048	-0.0238	0.6167	-0.0156	Myeloid cell
11437.91	6102.19	-0.0504	0.0116	-0.0123	0.7119	-0.0046	Myeloid cell
11433.41	6422.19	-0.0359	0.0137	-0.0003	0.8955	-0.0112	Myeloid cell
11432.91	6407.69	-0.0630	-0.0218	-0.0403	0.6455	-0.0475	Myeloid cell
11427.41	6481.19	-0.0378	0.0113	-0.0173	0.6045	0.0003	Myeloid cell
11426.91	6412.19	-0.0707	-0.0385	-0.0542	0.4700	-0.0464	Myeloid cell
11426.91	6370.19	0.0088	-0.0078	-0.0228	0.7197	-0.0279	Myeloid cell
11421.41	6371.19	0.0713	-0.0169	-0.0424	0.6108	-0.0443	Myeloid cell
11387.41	6338.19	-0.0484	0.0095	-0.0059	0.8955	-0.0189	Myeloid cell
11369.41	6451.69	-0.0425	0.0102	-0.0086	0.8633	-0.0163	Myeloid cell
11347.41	6350.19	-0.0183	-0.0181	-0.0298	0.7612	-0.0342	Myeloid cell
11344.91	6344.19	-0.0249	0.0163	-0.0128	0.7139	-0.0123	Myeloid cell
11323.41	6202.19	-0.0470	0.0146	-0.0022	0.9565	-0.0184	Myeloid cell
11318.41	6443.19	0.0092	0.0081	-0.0188	0.5361	-0.0085	Myeloid cell
11311.91	6498.69	-0.0202	0.0258	0.0029	0.6890	0.0006	Myeloid cell
11305.41	6134.69	-0.0398	0.0059	-0.0146	0.8105	-0.0187	Myeloid cell
11300.41	6345.19	0.0812	0.0128	-0.0186	0.7290	-0.0186	Myeloid cell
11300.41	6165.19	-0.0213	0.0222	-0.0103	0.6660	-0.0061	Myeloid cell
11286.41	6412.19	-0.0345	0.0168	-0.0086	0.7646	-0.0103	Myeloid cell
11269.91	6307.69	0.0026	0.0239	-0.0064	0.6191	-0.0042	Myeloid cell
11262.41	6292.19	0.2913	-0.0171	-0.0392	0.5381	-0.0474	Myeloid cell
11225.91	5843.69	0.0213	-0.0048	-0.0109	0.8564	-0.0301	Myeloid cell
11224.41	5836.69	-0.0388	-0.0117	-0.0300	0.8066	-0.0326	Myeloid cell
11219.41	5847.19	-0.0316	0.0242	-0.0079	0.7993	-0.0143	Myeloid cell
11214.91	6187.19	-0.0352	0.0186	-0.0104	0.6719	-0.0048	Myeloid cell
11689.41	6525.19	0.6372	-0.0298	0.0213	-0.0247	-0.0124	cDC2
11683.91	6525.69	-0.0908	-0.0911	0.6255	-0.0799	-0.0701	cDC1
11671.91	6568.19	-0.0567	0.0043	-0.0128	0.8911	-0.0267	Myeloid cell
11666.41	6604.69	-0.0390	0.0138	-0.0055	0.8950	-0.0141	Myeloid cell
11662.41	6655.19	-0.0760	-0.0187	-0.0245	0.7505	-0.0338	Myeloid cell
11651.41	6677.69	-0.0562	0.0095	-0.0138	0.9321	-0.0233	Myeloid cell
11641.41	6677.19	-0.0720	-0.0109	-0.0199	0.7505	-0.0282	Myeloid cell
11641.41	6623.19	-0.0463	0.0222	-0.0020	0.9692	-0.0113	Myeloid cell
11637.91	6637.69	-0.0585	0.0089	-0.0114	0.9185	-0.0237	Myeloid cell
11636.41	6679.69	-0.0499	0.0169	-0.0072	0.9370	-0.0197	Myeloid cell
11632.91	6527.69	-0.0284	0.0057	-0.0128	0.8848	-0.0175	Myeloid cell
11631.41	6658.69	-0.0806	0.0106	-0.0186	0.6816	-0.0128	Myeloid cell
11626.91	6654.19	-0.0494	0.0025	0.0087	0.7935	-0.0066	Myeloid cell
11624.41	6802.19	-0.0598	-0.0011	-0.0172	0.8511	-0.0286	Myeloid cell
11623.91	6830.69	-0.0649	0.0065	-0.0208	0.7603	-0.0173	Myeloid cell
11622.41	6811.69	-0.0760	0.0037	-0.0262	0.8057	-0.0285	Myeloid cell
11618.41	6830.69	-0.0505	-0.0116	-0.0280	0.7910	-0.0223	Myeloid cell
11616.41	6805.69	-0.0548	0.0169	-0.0130	0.8433	-0.0197	Myeloid cell
11615.41	6772.69	-0.0714	-0.0108	-0.0303	0.8159	-0.0392	Myeloid cell
11614.41	6788.19	-0.0282	0.0242	-0.0021	0.7935	-0.0039	Myeloid cell
11612.41	6816.19	0.0070	0.0249	0.0066	0.5566	0.0077	Myeloid cell
11608.91	6779.19	-0.0573	0.0126	-0.0122	0.9399	-0.0258	Myeloid cell
11607.91	6865.69	-0.0540	0.0146	-0.0045	0.9438	-0.0230	Myeloid cell
11605.41	6694.19	0.0063	0.0178	-0.0080	0.8101	-0.0169	Myeloid cell
11604.91	6899.19	-0.0552	0.0028	-0.0072	0.8364	-0.0210	Myeloid cell
11602.41	6945.19	-0.0712	-0.0004	-0.0179	0.9048	-0.0351	Myeloid cell
11600.91	6752.69	-0.0358	-0.0203	-0.0425	0.6587	-0.0505	Myeloid cell
11593.91	7032.19	-0.0626	-0.0038	-0.0197	0.8325	-0.0348	Myeloid cell
11593.41	6710.19	-0.0430	0.0022	-0.0138	0.7334	-0.0189	Myeloid cell
11586.41	6979.69	-0.0168	-0.0026	0.0075	0.7646	-0.0030	Myeloid cell
11586.41	6822.69	-0.0840	-0.0182	-0.0078	0.5620	-0.0368	Myeloid cell
11586.41	6729.19	-0.0493	0.0087	-0.0063	0.8784	-0.0164	Myeloid cell
11585.91	6692.19	-0.0412	0.0255	0.0049	0.9951	-0.0112	Myeloid cell
11583.91	6530.19	-0.0557	0.0110	-0.0057	0.9395	-0.0260	Myeloid cell
11582.91	6839.19	-0.0330	0.0217	0.0016	0.8218	-0.0095	Myeloid cell
11581.91	6936.19	-0.0463	0.0091	-0.0059	0.9053	-0.0191	Myeloid cell
11577.41	6827.19	-0.0479	0.0177	-0.0021	0.9712	-0.0189	Myeloid cell
11574.41	6707.19	-0.0196	0.0075	-0.0097	0.9126	-0.0183	Myeloid cell
11572.41	6943.19	-0.0570	-0.0177	0.0397	0.6919	-0.0203	Myeloid cell
11569.91	7003.69	-0.0602	0.0033	-0.0119	0.8940	-0.0260	Myeloid cell
11568.41	6758.69	-0.0424	0.0213	-0.0015	1.0039	-0.0211	Myeloid cell
11568.41	6559.19	-0.0240	0.0125	-0.0069	0.6494	0.0013	Myeloid cell
11566.91	6969.19	-0.0433	0.0025	-0.0181	0.7705	-0.0236	Myeloid cell
11556.91	7019.19	-0.0447	-0.0032	-0.0151	0.8311	-0.0335	Myeloid cell
11554.91	6736.19	-0.0724	-0.0467	-0.0679	0.6401	-0.0664	Myeloid cell
11552.91	7011.69	-0.0627	0.0011	-0.0159	0.8804	-0.0283	Myeloid cell
11550.91	7094.69	-0.0296	0.0151	-0.0018	0.7954	-0.0093	Myeloid cell
11549.41	6787.19	-0.0508	0.0246	-0.0074	1.0312	-0.0292	Myeloid cell
11548.91	6986.69	-0.0441	-0.0133	-0.0226	0.8076	-0.0390	Myeloid cell
11548.91	6737.69	-0.0188	-0.0050	-0.0227	0.8594	-0.0351	Myeloid cell
11548.41	6932.19	-0.0457	0.0039	-0.0132	0.9131	-0.0250	Myeloid cell
11542.41	7047.69	0.0817	-0.0195	-0.0435	0.5928	-0.0313	Myeloid cell
11540.41	6507.19	-0.0345	0.0127	-0.0012	0.8281	-0.0095	Myeloid cell
11537.41	6521.19	-0.0439	0.0371	0.0072	1.0361	-0.0089	Myeloid cell
11536.41	7049.19	-0.0555	-0.0061	-0.0235	0.8286	-0.0276	Myeloid cell
11529.91	6761.19	-0.0570	-0.0041	-0.0154	0.7812	-0.0213	Myeloid cell
11529.41	7114.69	-0.0490	0.0117	-0.0039	0.9404	-0.0208	Myeloid cell
11526.41	6875.19	0.0139	-0.0081	-0.0247	0.8062	-0.0358	Myeloid cell
11526.41	6794.19	-0.0343	0.0078	-0.0201	0.7334	-0.0210	Myeloid cell
11524.41	6877.69	0.2124	-0.0057	-0.0243	0.7480	-0.0389	Myeloid cell
11523.41	7146.69	-0.0312	0.0073	-0.0100	0.8647	-0.0236	Myeloid cell
11516.41	7047.19	-0.0686	0.0012	-0.0152	0.8994	-0.0307	Myeloid cell
11512.91	6583.19	-0.0354	0.0137	-0.0001	0.9097	-0.0139	Myeloid cell
11510.41	6662.69	-0.0439	0.0044	-0.0115	0.7900	-0.0134	Myeloid cell
11498.91	7118.19	0.0583	-0.0004	-0.0139	0.8745	-0.0303	Myeloid cell
11494.91	7009.69	-0.0243	-0.0136	-0.0040	0.8169	-0.0304	Myeloid cell
11492.91	6597.19	-0.0111	0.0017	-0.0119	0.7666	-0.0206	Myeloid cell
11486.91	7135.19	-0.0471	0.0140	-0.0053	0.9468	-0.0187	Myeloid cell
11483.41	7048.69	-0.0489	0.0151	-0.0126	0.9634	-0.0317	Myeloid cell
11483.41	6676.69	-0.0364	0.0014	-0.0156	0.8838	-0.0287	Myeloid cell
11476.91	6715.69	0.0446	0.0013	-0.0076	0.7378	-0.0190	Myeloid cell
11473.91	6543.69	0.0123	-0.0170	-0.0285	0.6357	0.0178	Myeloid cell
11471.91	7008.19	-0.0574	0.0086	-0.0088	0.9512	-0.0306	Myeloid cell
11467.91	6502.19	-0.0654	-0.0393	-0.0557	0.6763	-0.0525	Myeloid cell
11466.91	6808.69	-0.0622	0.0029	-0.0294	0.6221	-0.0296	Myeloid cell
11465.91	6508.69	-0.0449	0.0117	-0.0127	0.8755	-0.0195	Myeloid cell
11464.41	6773.19	-0.0412	0.0191	-0.0090	0.7812	-0.0126	Myeloid cell
11462.41	6502.19	-0.0412	0.0184	-0.0130	0.9077	-0.0199	Myeloid cell
11456.91	6679.69	0.0523	-0.0048	-0.0002	0.6353	-0.0171	Myeloid cell
11451.91	6859.69	0.0256	0.0183	-0.0062	0.9409	-0.0138	Myeloid cell
11441.41	7084.69	-0.0346	0.0258	-0.0035	1.0205	-0.0229	Myeloid cell
11440.41	6881.19	-0.0460	-0.0003	-0.0189	0.6631	-0.0171	Myeloid cell
11440.41	6844.69	-0.0215	-0.0108	-0.0314	0.5801	-0.0153	Myeloid cell
11422.91	6986.69	-0.0581	0.0039	-0.0126	0.8926	-0.0275	Myeloid cell
11422.91	6700.69	-0.0210	-0.0044	-0.0224	0.8711	-0.0312	Myeloid cell
11418.91	6693.69	-0.0385	0.0081	-0.0209	0.5791	-0.0149	Myeloid cell
11416.41	6893.19	-0.0168	-0.0156	-0.0236	0.6221	-0.0289	Myeloid cell
11415.41	7111.19	-0.0240	-0.0114	-0.0159	0.8154	-0.0338	Myeloid cell
11402.91	7140.69	-0.0415	0.0068	-0.0041	0.8408	-0.0111	Myeloid cell
11402.91	6907.19	-0.0496	-0.0042	-0.0270	0.5840	-0.0184	Myeloid cell
11401.41	6982.19	0.0785	0.0176	-0.0133	0.5918	-0.0051	Myeloid cell
11401.41	6714.19	-0.0421	0.0112	-0.0130	0.6372	-0.0006	Myeloid cell
11362.41	7149.19	-0.0605	-0.0029	-0.0195	0.8008	-0.0203	Myeloid cell
11334.41	6778.19	0.0283	-0.0004	-0.0204	0.6196	-0.0166	Myeloid cell
11327.91	6793.69	0.0897	-0.0233	-0.0428	0.7446	-0.0445	Myeloid cell
11311.41	6502.19	-0.0225	0.0061	-0.0072	0.8008	-0.0158	Myeloid cell
11302.91	6882.69	-0.0502	-0.0026	-0.0168	0.8687	-0.0261	Myeloid cell
11301.41	6905.19	-0.0040	-0.0109	-0.0344	0.5630	-0.0198	Myeloid cell
11292.41	6809.69	-0.0594	-0.0406	0.8403	-0.0256	-0.0365	cDC1
11284.91	6755.69	-0.0460	0.0225	-0.0095	0.6870	-0.0073	Myeloid cell
11272.41	6877.19	-0.1014	-0.0368	-0.0591	0.6133	-0.0536	Myeloid cell
11236.41	6707.19	-0.0399	0.0133	-0.0056	0.9326	-0.0150	Myeloid cell
11228.41	6586.69	-0.0092	0.0028	-0.0147	0.8823	-0.0258	Myeloid cell
11221.41	7009.69	-0.0513	0.0088	-0.0123	0.8159	-0.0203	Myeloid cell
11218.41	7077.69	-0.0383	-0.0021	-0.0251	0.5742	-0.0186	Myeloid cell
11211.91	6847.69	-0.0894	-0.0770	0.5815	-0.0709	-0.0662	cDC1
11207.91	6845.19	-0.0811	-0.0600	0.7192	-0.0509	-0.0486	cDC1
11493.91	7173.69	-0.0484	0.0069	-0.0112	0.8594	-0.0186	Myeloid cell
11492.41	7185.69	-0.0668	0.0216	-0.0150	0.7573	-0.0186	Myeloid cell
11484.41	7189.19	-0.0646	0.0100	-0.0102	0.9302	-0.0242	Myeloid cell
11474.41	7188.69	-0.0334	0.0065	-0.0001	0.5620	-0.0081	Myeloid cell
11442.41	7171.19	-0.0475	-0.0060	-0.0113	0.8320	-0.0254	Myeloid cell
11424.91	7343.19	-0.0168	0.0161	0.0011	0.5942	-0.0021	Myeloid cell
11388.41	7189.69	-0.0407	0.0288	0.0040	0.9990	-0.0066	Myeloid cell
11369.91	7171.19	-0.0428	0.0207	0.0003	0.8882	-0.0115	Myeloid cell
11366.91	7211.69	-0.0218	0.0251	-0.0065	0.7217	-0.0045	Myeloid cell
11363.41	7227.19	-0.0826	0.0369	-0.0314	0.9038	0.1493	Myeloid cell
11362.41	7234.69	-0.0488	0.0202	-0.0105	0.9004	-0.0113	Myeloid cell
11359.91	7214.19	-0.0390	-0.0015	-0.0174	0.5547	-0.0140	Myeloid cell
11342.41	7195.69	-0.0580	0.0011	-0.0126	0.8477	-0.0235	Myeloid cell
11309.41	7289.69	-0.0504	0.0118	-0.0035	0.9146	-0.0188	Myeloid cell
11300.41	7447.69	-0.0565	0.0029	-0.0099	0.0050	0.9517	B cell
11298.91	7342.19	-0.0349	0.0003	-0.0030	0.6758	-0.0007	Myeloid cell
11296.41	7205.69	-0.0380	0.0144	-0.0059	0.7793	-0.0101	Myeloid cell
11288.41	7227.19	-0.0428	0.0199	-0.0057	0.9751	-0.0233	Myeloid cell
11280.41	7326.69	-0.0555	0.0303	-0.0003	1.0107	-0.0117	Myeloid cell
11280.41	7190.69	-0.0611	-0.0204	-0.0229	0.7910	-0.0370	Myeloid cell
11274.41	7224.19	-0.1090	-0.0193	-0.0432	0.6626	-0.0475	Myeloid cell
11252.91	7383.69	-0.0288	0.0144	0.0023	0.9038	-0.0115	Myeloid cell
11246.91	7334.69	-0.0380	0.0154	0.0017	0.9155	-0.0135	Myeloid cell
11239.41	7208.69	-0.0500	-0.0047	-0.0172	0.7480	-0.0201	Myeloid cell
11235.41	7270.69	-0.0358	0.0158	-0.0041	0.9634	-0.0182	Myeloid cell
11222.41	7269.69	-0.0586	-0.0118	-0.0258	0.6821	-0.0257	Myeloid cell
11214.41	7374.19	-0.0349	0.0228	-0.0001	0.8960	-0.0080	Myeloid cell
11212.91	7337.69	-0.0530	-0.0070	-0.0219	0.8120	-0.0285	Myeloid cell
