1128.65	3021.21	-0.0444	0.0059	-0.0087	0.8872	-0.0188	Myeloid cell
1120.15	3066.21	-0.0602	0.0074	-0.0107	0.9282	-0.0255	Myeloid cell
1117.65	3120.21	-0.0355	0.0113	-0.0017	0.7163	-0.0096	Myeloid cell
1107.65	3077.21	0.1354	0.0212	-0.0377	0.6245	0.0071	Myeloid cell
1100.65	3082.71	-0.0671	-0.0073	-0.0161	0.7808	-0.0124	Myeloid cell
1095.15	3110.21	-0.0621	0.0006	-0.0042	0.8379	-0.0215	Myeloid cell
1091.15	2977.21	-0.0710	0.0033	-0.0168	0.9341	-0.0335	Myeloid cell
1090.65	3142.71	-0.0672	-0.0119	-0.0524	0.6709	-0.0325	Myeloid cell
1086.65	3027.21	-0.0542	-0.0049	-0.0191	0.8501	-0.0308	Myeloid cell
1083.15	2960.71	-0.0226	0.0120	-0.0009	0.0304	0.7168	B cell
1079.15	3022.71	-0.0567	0.0035	-0.0132	0.8896	-0.0233	Myeloid cell
1075.65	3085.71	-0.0466	0.0206	0.0023	0.9600	-0.0115	Myeloid cell
1075.65	2952.71	-0.0256	0.0161	0.0016	0.8843	-0.0096	Myeloid cell
1074.65	2944.71	-0.0541	0.0013	-0.0160	0.8423	-0.0247	Myeloid cell
1067.65	2900.71	-0.0594	0.0061	-0.0149	0.8916	-0.0293	Myeloid cell
1056.65	3206.71	-0.0700	-0.0068	-0.0206	0.8413	-0.0295	Myeloid cell
1054.65	3078.21	-0.0717	-0.0168	-0.0271	0.6523	-0.0293	Myeloid cell
1052.65	2944.21	-0.0606	-0.0022	-0.0185	0.8511	-0.0266	Myeloid cell
1050.15	3003.21	-0.0441	-0.0168	0.6953	0.0476	-0.0058	cDC1
1049.65	2958.21	-0.0357	0.0230	0.0072	0.9561	-0.0092	Myeloid cell
1049.65	2919.21	-0.0651	0.0024	-0.0153	0.9316	-0.0307	Myeloid cell
1049.15	3112.21	0.9165	-0.0088	-0.0240	0.1199	-0.0401	cDC2
1040.15	3112.21	0.6714	-0.0370	-0.0451	0.0051	0.0615	cDC2
1034.65	2901.71	-0.0692	-0.0316	-0.0461	0.6724	-0.0115	Myeloid cell
1033.15	2906.21	-0.0314	0.0040	-0.0173	0.8350	-0.0068	Myeloid cell
1029.15	2913.71	-0.0775	-0.0036	-0.0230	0.8823	-0.0383	Myeloid cell
1021.65	3180.71	-0.0471	0.0177	-0.0016	0.9692	-0.0148	Myeloid cell
1018.65	2971.21	-0.0481	-0.0016	-0.0192	0.7700	-0.0241	Myeloid cell
1015.65	2933.71	-0.0152	0.0132	-0.0018	0.0249	0.5957	B cell
1013.15	2952.71	0.7476	-0.0396	-0.0445	0.0076	-0.0474	cDC2
1011.65	2969.71	-0.0381	-0.0082	-0.0283	0.7275	-0.0369	Myeloid cell
1011.15	3131.21	0.8687	-0.0224	-0.0311	-0.0152	-0.0328	cDC2
1010.65	2959.21	0.9424	-0.0129	-0.0213	-0.0182	-0.0247	cDC2
1005.15	3126.71	0.8374	-0.0221	-0.0338	-0.0141	-0.0312	cDC2
983.15	2926.21	-0.0392	0.0177	0.0004	0.9595	-0.0110	Myeloid cell
965.65	3126.71	0.6685	-0.0232	-0.0403	0.1246	-0.0411	cDC2
952.15	3119.71	0.0137	0.0194	0.0046	0.0262	0.5674	B cell
948.65	2920.71	0.8135	-0.0144	-0.0267	-0.0113	-0.0327	cDC2
924.15	3122.71	-0.0331	-0.0031	-0.0114	0.0185	0.6650	B cell
922.65	3117.71	-0.0020	0.0021	-0.0111	0.0150	0.5103	B cell
892.15	3033.21	-0.0097	0.0128	0.0004	0.0192	0.5522	B cell
883.15	3144.21	0.0007	0.0199	-0.0012	0.5874	0.0054	Myeloid cell
870.15	3064.71	-0.0552	-0.0028	-0.0474	0.7593	-0.0298	Myeloid cell
859.65	2998.21	0.0036	0.0166	0.0060	0.0343	0.5425	B cell
854.65	2988.71	0.0193	0.0177	0.0052	0.0255	0.4685	B cell
854.15	3043.71	0.0022	0.0141	0.0020	0.0307	0.5786	B cell
850.65	3132.21	-0.0524	0.0068	-0.0107	0.8901	-0.0214	Myeloid cell
846.15	3045.71	-0.0396	0.0061	-0.0080	0.0351	0.5659	B cell
846.15	2947.71	0.6621	-0.0064	-0.0234	0.0490	-0.0198	cDC2
838.15	3103.21	-0.0153	0.0078	-0.0041	0.0194	0.5073	B cell
834.15	2968.71	0.0037	0.0096	-0.0019	0.0185	0.4097	B cell
823.15	2965.21	-0.0312	0.0099	-0.0036	0.0151	0.8174	B cell
822.15	2995.21	0.0211	0.0177	0.0042	0.0219	0.3828	Other cell
820.65	2958.71	0.0595	-0.0180	-0.0224	0.0170	0.6099	B cell
813.15	3059.21	-0.0378	0.0057	-0.0095	0.0150	0.9263	B cell
812.65	2960.21	0.0124	-0.0060	-0.0219	0.0341	0.7554	B cell
791.65	2999.21	-0.0430	0.0012	-0.0138	0.0217	0.7671	B cell
789.15	3022.71	0.5083	0.0432	0.0179	0.9014	0.0061	Double pos cDC2
785.15	3042.71	-0.0522	-0.0030	-0.0145	0.0084	0.7832	B cell
778.15	3023.71	-0.0685	-0.0110	-0.0285	0.8242	-0.0291	Myeloid cell
770.65	2995.21	0.0542	0.0134	-0.0124	0.8105	0.0233	Myeloid cell
767.65	3015.21	0.4177	-0.0230	-0.0529	0.5312	-0.0471	Double pos cDC2
765.15	3034.21	-0.0005	0.0194	0.0031	0.0595	0.4883	B cell
757.65	2961.71	0.0149	0.0238	0.0048	0.0290	0.3994	Other cell
754.15	3021.21	-0.0557	-0.0041	-0.0187	0.0070	0.8726	B cell
753.65	2977.71	0.0188	0.0102	-0.0060	0.0117	0.3240	Other cell
750.65	3014.71	-0.0100	0.0206	0.0019	0.0302	0.5981	B cell
741.65	3045.71	-0.0567	-0.0035	-0.0102	0.0021	0.7388	B cell
716.15	3002.71	0.0173	0.0283	0.0098	0.4058	0.2090	Myeloid cell
715.65	3011.21	-0.0445	0.0042	-0.0133	0.0171	0.8184	B cell
713.65	2989.71	-0.0408	-0.0042	-0.0237	0.7397	-0.0214	Myeloid cell
712.65	2986.71	-0.0515	-0.0061	-0.0237	0.7261	-0.0058	Myeloid cell
1633.15	2739.85	-0.0416	0.0164	0.0008	0.9512	-0.0091	Myeloid cell
1627.65	3173.35	0.7739	-0.0464	-0.0588	0.4863	-0.0889	Double pos cDC2
1619.15	2803.35	-0.0807	-0.0014	-0.0261	0.8262	-0.0307	Myeloid cell
1617.15	2797.85	-0.0575	-0.0249	-0.0197	0.6592	-0.0438	Myeloid cell
1614.15	2708.35	0.8726	-0.0222	-0.0252	-0.0083	-0.0375	cDC2
1596.65	2731.85	-0.0486	0.0089	-0.0044	0.9082	-0.0167	Myeloid cell
1592.65	2831.85	0.9536	-0.0118	-0.0196	-0.0110	-0.0271	cDC2
1589.65	2934.85	0.0759	-0.0093	-0.0200	0.8354	-0.0393	Myeloid cell
1584.15	2725.85	-0.0610	0.0040	-0.0126	0.8867	-0.0254	Myeloid cell
1583.15	2955.35	-0.0502	0.0038	-0.0143	0.8979	-0.0226	Myeloid cell
1582.15	2936.35	-0.0461	0.0163	-0.0108	0.9585	-0.0313	Myeloid cell
1580.65	2758.85	-0.0692	-0.0324	-0.0450	0.6421	-0.0475	Myeloid cell
1574.65	3120.85	-0.0500	0.0076	-0.0086	0.9111	-0.0209	Myeloid cell
1572.65	3140.85	0.1364	0.0060	-0.0071	0.8296	-0.0156	Myeloid cell
1570.65	3004.35	-0.0670	0.0015	-0.0164	0.8818	-0.0297	Myeloid cell
1570.15	3008.85	-0.0681	0.0068	-0.0143	0.9375	-0.0329	Myeloid cell
1568.15	3135.35	-0.0352	0.0175	0.0003	0.9438	-0.0080	Myeloid cell
1554.65	3021.35	1.0000	-0.0050	-0.0136	-0.0029	-0.0189	cDC2
1552.65	3131.35	0.5703	0.0027	-0.0255	0.7637	-0.0267	Double pos cDC2
1547.65	2992.85	-0.0467	0.0213	0.0038	0.9287	-0.0074	Myeloid cell
1546.15	3121.85	-0.0438	0.0134	-0.0053	0.9175	-0.0134	Myeloid cell
1544.65	2983.85	-0.0348	0.0249	0.0100	0.9771	-0.0074	Myeloid cell
1542.15	3155.85	0.5347	0.0054	-0.0309	0.8730	-0.0442	Double pos cDC2
1532.65	3144.85	0.8101	0.0176	-0.0173	0.9780	-0.0310	Double pos cDC2
1526.15	2947.85	-0.0735	-0.0050	-0.0221	0.8530	-0.0382	Myeloid cell
1525.15	2911.35	-0.0587	0.0089	-0.0091	0.9375	-0.0229	Myeloid cell
1523.65	3098.35	-0.0591	-0.0023	-0.0199	0.8569	-0.0316	Myeloid cell
1511.15	2934.35	-0.0106	-0.0407	-0.0513	0.7134	-0.0650	Myeloid cell
1505.65	3106.85	0.0206	-0.0478	0.0044	0.6875	-0.0669	Myeloid cell
1504.15	2935.35	-0.0486	0.0037	-0.0123	0.8716	-0.0153	Myeloid cell
1499.15	3075.35	-0.0422	0.0114	-0.0045	0.9141	-0.0199	Myeloid cell
1491.15	3074.35	-0.0274	0.0162	-0.0009	0.9160	-0.0097	Myeloid cell
1484.65	2955.85	-0.0594	-0.0073	-0.0200	0.7725	-0.0238	Myeloid cell
1481.15	3113.35	-0.0524	0.0051	-0.0118	0.8994	-0.0228	Myeloid cell
1481.15	3020.35	0.9482	-0.0194	-0.0254	-0.0266	-0.0299	cDC2
1480.65	3194.35	0.8369	-0.0279	-0.0379	-0.0262	-0.0395	cDC2
1474.65	3191.85	0.8145	-0.0354	-0.0420	-0.0398	-0.0426	cDC2
1472.65	3111.35	-0.0457	0.0028	-0.0113	0.8853	-0.0209	Myeloid cell
1471.15	3071.85	-0.0589	-0.0115	-0.0271	0.8101	-0.0206	Myeloid cell
1458.65	3023.85	-0.0343	0.0184	0.0019	0.9551	-0.0105	Myeloid cell
1444.65	3154.35	0.6636	-0.0363	-0.0411	-0.0376	-0.0460	cDC2
1442.15	3093.85	-0.0906	-0.0277	-0.0387	0.7632	-0.0503	Myeloid cell
1423.65	2698.35	0.0862	-0.0119	0.6812	-0.0151	-0.0428	cDC1
1411.15	3229.85	0.0063	0.0202	0.0010	0.4480	0.0117	Myeloid cell
1399.65	2983.85	-0.0161	0.0195	0.0035	0.5796	-0.0016	Myeloid cell
1397.15	2907.85	-0.0711	-0.0692	0.4978	-0.0580	-0.0511	cDC1
1395.15	3003.35	-0.0540	0.0089	-0.0103	0.9111	-0.0208	Myeloid cell
1390.15	2996.85	0.1053	-0.0285	-0.0160	0.7070	-0.0589	Myeloid cell
1388.15	3014.35	-0.0317	-0.0072	-0.0407	0.7085	-0.0064	Myeloid cell
1384.15	2965.35	-0.0223	0.0157	0.0026	0.9131	-0.0098	Myeloid cell
1355.65	2872.85	0.0421	0.0069	-0.0149	0.5688	-0.0224	Myeloid cell
1345.15	2871.35	-0.0499	0.0097	-0.0082	0.9062	-0.0169	Myeloid cell
1343.65	3212.85	-0.0785	-0.0271	-0.0404	0.7744	-0.0502	Myeloid cell
1337.65	3215.85	-0.0654	-0.0092	-0.0252	0.8101	-0.0337	Myeloid cell
1286.65	2843.85	-0.0433	0.0146	-0.0032	0.9268	-0.0124	Myeloid cell
1275.65	2778.35	0.1746	-0.0035	-0.0082	0.6670	-0.0487	Myeloid cell
1235.15	3229.35	0.3000	0.0083	-0.0169	0.6528	-0.0284	Myeloid cell
1217.65	3155.85	0.0870	0.0222	-0.0074	0.8989	-0.0162	Myeloid cell
1202.15	3076.35	-0.0405	0.0221	0.0037	1.0078	-0.0131	Myeloid cell
1178.15	3181.35	-0.0467	-0.0032	-0.0131	0.7378	-0.0227	Myeloid cell
1169.65	3046.85	-0.0533	0.0094	-0.0077	0.9395	-0.0219	Myeloid cell
1152.65	3193.35	0.1389	0.0342	0.0063	0.9116	-0.0019	Myeloid cell
1143.65	3161.85	0.1735	0.0076	-0.0024	0.8525	0.0088	Myeloid cell
1135.65	3155.35	-0.0436	-0.0143	-0.0309	0.8213	-0.0356	Myeloid cell
1135.65	3144.85	-0.0586	0.0003	-0.0225	0.8896	-0.0391	Myeloid cell
1628.15	2589.85	-0.0050	-0.0123	0.4805	-0.0233	-0.0175	cDC1
1603.65	2541.85	-0.0383	-0.0166	0.4133	0.1680	-0.0161	cDC1
1593.65	2556.35	0.0890	0.0226	0.0133	0.7368	-0.0062	Myeloid cell
1584.65	2446.85	0.8447	-0.0333	-0.0407	0.0117	-0.0432	cDC2
1544.15	2613.35	0.5918	0.0032	0.0257	0.0347	-0.0023	cDC2
1542.65	2661.35	-0.0368	0.0161	0.0009	0.8779	-0.0096	Myeloid cell
1537.15	2556.35	-0.0614	0.0074	-0.0114	0.9443	-0.0254	Myeloid cell
1532.65	2608.35	-0.0503	0.0080	-0.0138	0.8994	-0.0271	Myeloid cell
1508.65	2604.35	-0.0689	0.0032	-0.0167	0.9341	-0.0350	Myeloid cell
1501.65	2598.35	-0.1048	-0.0030	0.0178	0.7300	-0.0435	Myeloid cell
1498.65	2622.35	-0.0199	0.0047	-0.0063	0.8188	-0.0217	Myeloid cell
1495.15	2555.35	-0.0349	0.0123	0.0012	0.8140	-0.0114	Myeloid cell
1490.65	2624.85	0.0038	0.0191	-0.0028	0.9463	-0.0124	Myeloid cell
1465.65	2515.35	-0.0532	-0.0039	-0.0213	0.8037	-0.0239	Myeloid cell
1454.15	2467.85	-0.0143	-0.0097	0.4351	-0.0108	-0.0161	cDC1
1453.65	2526.35	-0.0490	0.0114	-0.0055	0.9268	-0.0172	Myeloid cell
1436.65	2474.35	0.5034	-0.0224	-0.0369	0.0110	-0.0258	cDC2
1433.15	2541.85	-0.0026	0.0001	0.4199	0.0077	0.0054	cDC1
1373.15	2554.35	0.5605	0.0043	-0.0120	0.1031	-0.0291	cDC2
1309.65	2634.85	0.7598	0.0037	-0.0219	0.6924	-0.0315	Double pos cDC2
1213.15	2674.85	0.5498	0.0264	0.0076	0.0120	0.0207	cDC2
2133.15	2464.2	0.2810	0.0212	-0.0166	0.8926	-0.0230	Myeloid cell
2133.15	2408.2	-0.0546	-0.0002	-0.0151	0.8828	-0.0270	Myeloid cell
2133.15	2156.2	0.6597	0.0045	-0.0316	0.8643	-0.0438	Double pos cDC2
2133.15	2142.2	-0.0509	0.0138	-0.0059	0.9487	-0.0216	Myeloid cell
2133.15	1953.7	0.0526	0.0764	0.0793	0.3040	0.0425	Other cell
2133.15	1944.2	-0.0819	-0.0160	0.0490	0.5952	-0.0419	Myeloid cell
2128.65	1948.7	0.0039	-0.0065	-0.0126	0.8354	-0.0374	Myeloid cell
2122.65	2313.2	-0.0451	-0.0008	-0.0203	0.8003	-0.0305	Myeloid cell
2120.15	2306.2	-0.0608	0.0005	-0.0152	0.8789	-0.0249	Myeloid cell
2117.15	2456.2	-0.0523	0.0118	-0.0067	0.9263	-0.0173	Myeloid cell
2115.15	2376.2	-0.0571	0.0108	-0.0096	0.9224	-0.0220	Myeloid cell
2115.15	2280.2	-0.0571	0.0165	-0.0075	0.9683	-0.0232	Myeloid cell
2113.65	2100.2	-0.0383	0.0223	0.0056	0.9541	-0.0145	Myeloid cell
2112.15	2171.7	-0.0323	0.0089	0.0030	0.7568	-0.0075	Myeloid cell
2112.15	2134.7	0.0208	-0.0129	-0.0298	0.7461	-0.0347	Myeloid cell
2111.65	2067.2	0.1967	0.0241	0.0082	0.7451	0.0029	Myeloid cell
2110.15	2273.2	-0.0042	-0.0306	-0.0487	0.6562	-0.0546	Myeloid cell
2109.15	2248.7	-0.0812	-0.0218	-0.0366	0.7891	-0.0487	Myeloid cell
2107.15	2135.2	0.0240	0.0234	0.0080	0.9492	-0.0163	Myeloid cell
2106.65	2009.7	0.3008	-0.0046	-0.0190	0.6489	-0.0084	Myeloid cell
2105.15	1994.2	0.1710	-0.0097	-0.0261	0.8833	-0.0493	Myeloid cell
2101.15	2134.7	0.1287	0.0080	-0.0071	0.8604	-0.0308	Myeloid cell
2100.65	2494.7	-0.0487	0.0105	-0.0052	0.9399	-0.0202	Myeloid cell
2099.65	2244.7	-0.0533	0.0079	-0.0095	0.9165	-0.0208	Myeloid cell
2098.15	2127.7	0.5825	0.0167	-0.0099	0.8945	-0.0255	Double pos cDC2
2097.15	2308.2	-0.0650	-0.0043	-0.0204	0.8667	-0.0310	Myeloid cell
2095.15	2117.2	-0.0451	-0.0405	-0.0605	0.6211	-0.0608	Myeloid cell
2094.65	2482.7	-0.0261	0.0271	0.0012	0.9756	-0.0158	Myeloid cell
2094.65	2018.7	0.0640	-0.0073	-0.0211	0.8208	-0.0134	Myeloid cell
2094.15	2415.7	-0.0674	0.0045	-0.0141	0.8999	-0.0302	Myeloid cell
2093.15	2391.2	-0.0260	0.0150	-0.0019	0.9326	-0.0080	Myeloid cell
2092.15	2012.2	-0.0403	0.0117	-0.0116	0.8794	-0.0205	Myeloid cell
2092.15	2006.2	-0.0916	-0.0394	-0.0536	0.6899	-0.0638	Myeloid cell
2092.15	1999.7	-0.0696	0.0104	-0.0289	0.8105	-0.0254	Myeloid cell
2091.65	2338.2	-0.0352	0.0210	0.0040	0.9834	-0.0096	Myeloid cell
2091.15	1986.2	0.3320	-0.0203	-0.0366	0.7100	-0.0502	Myeloid cell
2090.65	1981.2	0.1830	-0.0038	-0.0217	0.7759	-0.0124	Myeloid cell
2089.65	2480.2	-0.0341	-0.0142	-0.0195	0.6221	-0.0259	Myeloid cell
2089.65	1968.7	-0.0411	0.0153	-0.0018	0.9038	-0.0116	Myeloid cell
2088.65	2410.7	-0.0493	0.0100	-0.0096	0.9355	-0.0161	Myeloid cell
2088.65	2375.2	-0.0382	0.0156	0.0014	0.8877	-0.0098	Myeloid cell
2088.15	2464.7	-0.0282	0.0178	0.0002	0.8809	-0.0073	Myeloid cell
2085.65	2075.7	-0.0381	-0.0150	-0.0248	0.7275	-0.0331	Myeloid cell
2085.65	2013.7	0.8389	-0.0332	-0.0388	-0.0374	-0.0386	cDC2
2085.15	2328.7	-0.0422	-0.0091	-0.0261	0.6011	-0.0162	Myeloid cell
2085.15	2211.7	-0.0389	0.0088	-0.0025	0.8647	-0.0095	Myeloid cell
2082.15	2071.2	-0.0539	0.0124	-0.0100	0.9478	-0.0267	Myeloid cell
2073.65	2268.2	0.0039	0.0174	-0.0115	0.8862	-0.0172	Myeloid cell
2069.65	2107.2	0.7344	-0.0290	-0.0298	0.0508	-0.0480	cDC2
2069.65	2064.2	-0.0329	-0.0009	-0.0021	0.8892	-0.0204	Myeloid cell
2069.65	2056.7	-0.0579	-0.0045	0.0022	0.6694	0.0833	Myeloid cell
2067.15	2219.2	-0.0621	-0.0124	-0.0268	0.8438	-0.0327	Myeloid cell
2066.65	2128.7	-0.0308	-0.0128	-0.0345	0.5107	-0.0313	Myeloid cell
2066.15	2001.2	-0.0361	-0.0024	-0.0112	0.8022	-0.0158	Myeloid cell
2062.15	2020.2	-0.0492	0.0186	-0.0045	0.7041	-0.0053	Myeloid cell
2060.15	2292.2	-0.0575	0.0090	-0.0089	0.9243	-0.0219	Myeloid cell
2060.15	2134.2	0.8354	0.0178	-0.0241	0.8198	-0.0257	Double pos cDC2
2059.15	2493.7	-0.0502	0.0055	-0.0049	0.8535	-0.0177	Myeloid cell
2057.65	2224.2	-0.0585	0.0091	-0.0090	0.9536	-0.0248	Myeloid cell
2055.65	2050.7	-0.0508	0.0151	-0.0038	0.9668	-0.0195	Myeloid cell
2055.15	2098.7	-0.0302	-0.0047	-0.0199	0.6338	-0.0151	Myeloid cell
2050.65	2380.7	-0.0507	-0.0153	-0.0300	0.7422	-0.0260	Myeloid cell
2049.15	2111.2	-0.0231	0.0015	-0.0244	0.4714	-0.0167	Myeloid cell
2048.65	2090.7	0.7710	-0.0197	-0.0154	0.1558	-0.0401	cDC2
2044.65	2075.7	-0.0331	-0.0093	-0.0187	0.6567	-0.0270	Myeloid cell
2044.15	2239.7	0.0709	0.0027	-0.0339	0.7554	-0.0265	Myeloid cell
2043.15	2247.2	-0.0698	-0.0151	-0.0081	0.7783	-0.0446	Myeloid cell
2041.65	2165.2	-0.0550	0.0112	-0.0089	0.9385	-0.0233	Myeloid cell
2037.65	2298.7	-0.0310	0.0015	-0.0023	0.5776	-0.0112	Myeloid cell
2035.15	2229.2	-0.0544	0.0014	-0.0132	0.8018	-0.0191	Myeloid cell
2032.65	2283.7	-0.0441	0.0114	-0.0070	0.9292	-0.0219	Myeloid cell
2028.15	2167.7	-0.0569	0.0106	-0.0092	0.9194	-0.0205	Myeloid cell
2026.65	2266.7	-0.0352	0.0115	0.0437	0.6851	-0.0114	Myeloid cell
2023.65	2468.7	-0.0298	0.0136	0.0021	0.8760	-0.0071	Myeloid cell
2022.15	2039.2	-0.0583	-0.0039	-0.0185	0.8154	-0.0153	Myeloid cell
2019.65	2280.2	-0.0123	0.0204	0.0056	0.9531	-0.0095	Myeloid cell
2019.65	2114.2	-0.0483	0.0018	-0.0018	0.7422	-0.0236	Myeloid cell
2018.15	2175.7	0.1935	0.0578	0.0152	1.0742	0.0060	Myeloid cell
2017.15	2391.2	0.0131	0.0113	0.0021	0.7549	0.0100	Myeloid cell
2015.15	2094.2	-0.0383	0.0003	0.0001	0.6284	-0.0157	Myeloid cell
2013.65	2360.7	-0.0515	-0.0086	-0.0212	0.8159	-0.0291	Myeloid cell
2012.65	2254.7	0.0094	-0.0018	-0.0163	0.8530	-0.0277	Myeloid cell
2011.15	2295.7	0.0231	0.0062	-0.0031	0.7876	-0.0127	Myeloid cell
2009.15	2352.2	-0.0555	-0.0082	-0.0207	0.8364	-0.0283	Myeloid cell
2009.15	2169.2	-0.0843	-0.0124	-0.0538	0.6440	-0.0368	Myeloid cell
2006.65	2102.7	-0.0941	-0.0146	-0.0293	0.7847	-0.0373	Myeloid cell
2005.65	2303.7	-0.0511	0.0144	-0.0045	0.9556	-0.0173	Myeloid cell
2005.15	2512.2	-0.0441	0.0008	-0.0154	0.7617	-0.0163	Myeloid cell
2002.65	2385.2	0.1326	-0.0095	-0.0192	0.8330	-0.0430	Myeloid cell
2002.65	2320.7	-0.0601	0.0047	-0.0121	0.9062	-0.0259	Myeloid cell
2000.65	2102.7	-0.0710	-0.0040	-0.0204	0.8833	-0.0357	Myeloid cell
1994.15	2336.2	0.0051	0.0223	0.0135	0.5869	-0.0032	Myeloid cell
1989.65	2266.2	-0.0492	0.0088	-0.0094	0.9189	-0.0218	Myeloid cell
1986.65	2173.7	0.3044	0.0173	-0.0089	0.9512	-0.0224	Myeloid cell
1985.15	2164.7	0.1238	0.0448	-0.0276	0.6895	-0.0196	Myeloid cell
1972.15	2221.7	0.0254	0.0127	0.0260	0.5503	-0.0028	Myeloid cell
1962.15	2087.7	-0.0575	0.0076	-0.0096	0.9160	-0.0232	Myeloid cell
1959.65	2351.2	-0.0097	0.0042	-0.0139	0.7861	-0.0246	Myeloid cell
1957.65	2127.7	-0.0474	0.0145	-0.0033	0.9355	-0.0177	Myeloid cell
1951.15	2095.7	-0.0545	0.0069	-0.0104	0.9048	-0.0214	Myeloid cell
1950.65	2454.2	-0.0591	-0.0215	-0.0296	0.6626	-0.0313	Myeloid cell
1950.65	2286.7	-0.0201	0.0269	0.0061	1.0156	-0.0175	Myeloid cell
1947.65	2195.7	-0.0542	0.0093	-0.0110	0.9268	-0.0258	Myeloid cell
1942.65	2185.2	-0.0536	0.0083	-0.0102	0.9209	-0.0236	Myeloid cell
1936.15	2387.7	0.1488	0.0238	-0.0003	0.8271	-0.0064	Myeloid cell
1929.65	2314.2	0.6978	-0.0252	-0.0368	0.4099	-0.0416	Double pos cDC2
1927.65	2377.7	-0.0101	0.0103	-0.0051	0.7573	-0.0116	Myeloid cell
1924.15	2316.2	0.7266	-0.0055	-0.0185	0.0498	0.0513	cDC2
1921.15	2367.2	-0.0528	0.0005	-0.0170	0.8916	-0.0342	Myeloid cell
1918.65	2531.7	-0.0546	0.0081	-0.0108	0.9189	-0.0249	Myeloid cell
1897.65	2311.7	-0.0356	0.0166	-0.0106	0.9375	-0.0236	Myeloid cell
1896.65	2189.7	-0.0400	0.0130	-0.0015	0.9277	-0.0142	Myeloid cell
1894.15	2330.2	-0.0056	-0.0231	-0.0001	0.7627	-0.0511	Myeloid cell
1891.65	2185.2	-0.0480	0.0031	-0.0118	0.8643	-0.0158	Myeloid cell
1840.15	2385.7	-0.0741	-0.0039	-0.0213	0.8926	-0.0361	Myeloid cell
1838.15	2307.7	-0.0660	-0.0156	-0.0265	0.8369	-0.0408	Myeloid cell
1832.15	2481.7	0.8066	-0.0396	-0.0441	0.1071	-0.0607	cDC2
1826.15	2484.2	0.9053	-0.0261	-0.0342	0.0092	-0.0397	cDC2
1824.15	2290.2	0.7988	-0.0208	-0.0297	0.1488	-0.0251	cDC2
1821.15	2402.2	0.7544	-0.0143	-0.0286	0.4775	-0.0257	Double pos cDC2
1810.15	2309.7	-0.0641	-0.0043	-0.0185	0.8491	-0.0287	Myeloid cell
1809.65	2316.7	-0.0179	-0.0165	-0.0301	0.6323	-0.0443	Myeloid cell
1793.65	2510.2	-0.0362	0.0078	-0.0021	0.8770	-0.0075	Myeloid cell
1787.65	2368.7	-0.0688	-0.0190	-0.0237	0.5830	-0.0291	Myeloid cell
1786.15	2311.2	-0.0593	0.0082	-0.0092	0.9175	-0.0238	Myeloid cell
1759.65	2476.7	-0.0339	0.0021	-0.0139	0.8706	-0.0222	Myeloid cell
1755.15	2350.7	-0.0515	0.0065	-0.0104	0.9238	-0.0238	Myeloid cell
1727.65	2467.2	0.8286	-0.0320	-0.0397	-0.0235	-0.0413	cDC2
2123.65	2615.7	-0.0048	0.0012	-0.0161	0.6519	-0.0147	Myeloid cell
2116.15	2614.7	-0.0059	-0.0125	-0.0189	0.8643	-0.0453	Myeloid cell
2113.65	2568.2	-0.0312	0.0119	-0.0037	0.8267	-0.0145	Myeloid cell
2109.15	2893.2	0.7607	-0.0457	-0.0488	0.0306	-0.0534	cDC2
2106.65	2566.2	-0.0531	0.0107	-0.0106	0.9258	-0.0239	Myeloid cell
2102.15	2927.7	-0.0334	0.0109	-0.0032	0.9365	-0.0211	Myeloid cell
2101.15	2585.7	-0.0449	0.0161	-0.0018	0.9658	-0.0197	Myeloid cell
2100.65	2912.7	-0.0545	-0.0120	-0.0268	0.7158	-0.0327	Myeloid cell
2099.65	2608.7	0.0696	-0.0103	-0.0240	0.7866	-0.0184	Myeloid cell
2096.65	2602.2	-0.0506	0.0101	-0.0075	0.9302	-0.0219	Myeloid cell
2095.65	2576.2	-0.0493	0.0068	0.0455	0.5640	-0.0003	Myeloid cell
2087.15	2590.7	-0.0094	0.0169	0.0048	0.6289	0.0032	Myeloid cell
2070.15	2571.2	-0.0482	0.0102	-0.0058	0.9287	-0.0179	Myeloid cell
2069.65	2564.2	0.6929	-0.0412	-0.0657	0.5298	-0.0757	Double pos cDC2
2063.15	2567.2	-0.0335	0.0033	-0.0104	0.8862	-0.0209	Myeloid cell
2053.15	2781.7	0.6919	-0.0246	-0.0364	0.1788	-0.0607	cDC2
2053.15	2729.2	-0.0566	0.0065	-0.0111	0.9028	-0.0247	Myeloid cell
2047.15	3089.2	0.9043	0.0200	-0.0157	0.7578	-0.0282	Double pos cDC2
2041.65	3029.2	-0.0462	0.0090	-0.0087	0.9072	-0.0171	Myeloid cell
2038.65	2833.7	-0.0124	-0.0560	0.0648	0.6821	-0.0626	Myeloid cell
2037.65	3088.7	-0.0509	0.0174	-0.0028	0.9805	-0.0179	Myeloid cell
2030.65	3073.7	-0.0341	0.0234	0.0080	0.9292	-0.0064	Myeloid cell
2022.65	2766.2	0.9570	-0.0121	-0.0298	0.1262	-0.0502	cDC2
2015.15	2992.7	-0.0172	-0.0109	-0.0264	0.5947	-0.0215	Myeloid cell
2002.15	2803.7	0.0010	0.0295	0.0318	0.7886	0.0093	Myeloid cell
1995.65	3126.7	0.5283	-0.0166	-0.0246	0.0865	-0.0237	cDC2
1982.65	3068.2	-0.0558	0.0121	-0.0068	0.9302	-0.0166	Myeloid cell
1982.65	2837.2	0.5508	0.0122	-0.0117	0.8506	-0.0354	Double pos cDC2
1979.15	3041.2	0.0094	0.0234	0.0018	0.9292	-0.0110	Myeloid cell
1977.65	3102.2	-0.0534	0.0075	-0.0100	0.9058	-0.0212	Myeloid cell
1973.15	3061.2	0.2007	0.0100	-0.0061	0.7451	0.0077	Myeloid cell
1912.15	2623.2	-0.0501	-0.0098	-0.0182	0.5728	-0.0256	Myeloid cell
1908.15	2618.2	0.1196	0.0010	0.0061	0.7676	-0.0101	Myeloid cell
1898.15	2983.2	0.2976	0.0138	0.0013	0.8911	-0.0168	Myeloid cell
1895.15	3006.7	0.0356	0.0333	0.0069	0.9097	-0.0049	Myeloid cell
1878.65	3196.7	0.5840	-0.0261	-0.0311	0.0974	-0.0199	cDC2
1863.65	3198.2	0.9292	-0.0003	-0.0215	0.0438	-0.0262	cDC2
1860.65	3084.2	0.9795	-0.0038	-0.0162	0.0258	-0.0184	cDC2
1860.65	2902.7	0.0361	0.0116	-0.0047	0.6968	-0.0069	Myeloid cell
1838.65	3152.7	-0.0245	0.0157	0.0018	0.8843	-0.0024	Myeloid cell
1835.65	3042.7	-0.0739	-0.0086	-0.0244	0.8086	-0.0352	Myeloid cell
1834.65	2923.7	-0.0668	0.0020	-0.0169	0.9072	-0.0305	Myeloid cell
1824.15	3113.7	-0.0466	0.0153	-0.0032	0.9463	-0.0163	Myeloid cell
1820.15	3100.2	-0.0095	0.0194	0.0049	0.9204	-0.0061	Myeloid cell
1820.15	3036.2	0.2869	-0.0020	-0.0363	0.7397	-0.0573	Myeloid cell
1812.65	3044.2	-0.0487	-0.0051	-0.0144	0.7505	-0.0230	Myeloid cell
1812.15	2901.2	-0.0434	0.0039	-0.0107	0.8716	-0.0127	Myeloid cell
1811.65	2968.7	-0.0571	0.0120	-0.0057	0.9395	-0.0210	Myeloid cell
1808.15	3121.2	0.0577	0.0284	0.0099	0.8872	0.0026	Myeloid cell
1808.15	2847.2	0.2183	-0.0245	-0.0188	0.6519	-0.0417	Myeloid cell
1801.15	3085.2	0.8760	-0.0341	-0.0363	-0.0209	-0.0424	cDC2
1796.15	3001.2	-0.0401	-0.0018	-0.0197	0.7827	-0.0168	Myeloid cell
1795.15	3156.7	-0.0492	0.0177	-0.0026	0.9741	-0.0190	Myeloid cell
1793.15	3117.2	-0.0325	0.0143	0.0028	0.8730	-0.0093	Myeloid cell
1781.65	3003.7	-0.0563	0.0030	-0.0133	0.8843	-0.0233	Myeloid cell
1763.15	2799.2	-0.0561	0.0121	-0.0067	0.9585	-0.0217	Myeloid cell
1752.15	3109.2	-0.0435	0.0104	0.0020	0.8154	-0.0079	Myeloid cell
1744.15	3159.2	-0.0072	-0.0040	-0.0231	0.5596	-0.0176	Myeloid cell
1737.65	2987.7	-0.0560	0.0147	-0.0053	0.9800	-0.0227	Myeloid cell
1732.15	2935.2	-0.0362	0.0188	0.0012	0.9644	-0.0132	Myeloid cell
1725.65	3210.7	0.8809	-0.0300	-0.0360	0.0301	-0.0392	cDC2
1725.65	2838.2	0.4785	-0.0390	-0.0458	0.4263	-0.0594	Double pos cDC2
1724.15	3046.2	0.9878	-0.0025	-0.0232	0.3147	-0.0305	cDC2
1721.65	3215.2	0.9614	-0.0086	-0.0262	0.0596	-0.0474	cDC2
1721.15	2782.2	-0.0239	0.0014	-0.0251	0.7163	-0.0305	Myeloid cell
1719.15	3071.7	-0.0446	0.0181	-0.0005	0.9570	-0.0141	Myeloid cell
1718.15	2958.2	-0.1078	-0.0755	0.2196	0.0814	-0.0692	Other cell
1717.65	3042.2	-0.0453	0.0192	-0.0011	0.9653	-0.0146	Myeloid cell
1707.65	2944.7	0.4551	-0.0170	-0.0438	0.5542	-0.0527	Double pos cDC2
1707.65	2815.2	0.7529	-0.0404	-0.0470	0.0296	-0.0598	cDC2
1707.65	2808.7	0.8516	-0.0293	-0.0356	-0.0228	-0.0423	cDC2
1706.15	2985.2	0.6904	-0.0143	-0.0407	0.6870	-0.0544	Double pos cDC2
1704.65	2891.2	-0.0584	0.0070	-0.0095	0.9204	-0.0250	Myeloid cell
1703.65	2646.2	0.1898	-0.0087	-0.0333	0.5488	-0.0234	Myeloid cell
1702.15	2988.7	0.6333	-0.0131	-0.0380	0.6362	-0.0518	Double pos cDC2
1699.15	3091.2	0.7163	-0.0582	-0.0626	-0.0627	-0.0652	cDC2
1697.65	3096.2	0.8506	-0.0230	-0.0334	-0.0285	-0.0357	cDC2
1694.65	3084.7	-0.0357	0.0086	-0.0040	0.9058	-0.0147	Myeloid cell
1694.15	2661.2	-0.0446	0.0095	-0.0124	0.9639	-0.0258	Myeloid cell
1691.65	2779.7	0.0188	-0.0133	-0.0284	0.7349	-0.0330	Myeloid cell
1684.65	2851.7	0.2568	-0.0203	-0.0399	0.5176	-0.0407	Myeloid cell
1681.15	2809.7	0.2659	0.0267	0.0016	0.9697	-0.0164	Myeloid cell
1677.65	2998.7	-0.0531	0.0065	-0.0109	0.8535	-0.0191	Myeloid cell
1673.65	3054.7	-0.0596	-0.0181	-0.0306	0.7266	-0.0361	Myeloid cell
1671.15	3101.7	-0.0629	-0.0004	-0.0172	0.8716	-0.0295	Myeloid cell
1670.15	3001.2	0.0920	0.0179	-0.0055	0.7974	-0.0248	Myeloid cell
1669.65	2886.7	0.9810	-0.0191	-0.0255	0.0498	-0.0454	cDC2
1667.15	2741.2	-0.0504	0.0090	-0.0066	0.9233	-0.0174	Myeloid cell
1655.15	2744.2	-0.0482	0.0140	-0.0037	0.9570	-0.0166	Myeloid cell
1647.15	2881.2	0.0743	0.0031	-0.0006	0.6221	-0.0054	Myeloid cell
1645.65	2940.7	-0.0376	0.0151	-0.0016	0.8013	-0.0092	Myeloid cell
1640.65	2739.7	-0.0488	0.0096	-0.0078	0.9111	-0.0213	Myeloid cell
1635.65	3172.2	0.7324	0.0085	-0.0111	0.9082	-0.0308	Double pos cDC2
2633.15	2030.82	-0.0677	-0.0034	-0.0190	0.8911	-0.0316	Myeloid cell
2633.15	1848.32	-0.0565	0.0096	-0.0092	0.9355	-0.0221	Myeloid cell
2628.65	1973.82	-0.0362	0.0100	-0.0015	0.8735	-0.0130	Myeloid cell
2628.65	1776.32	0.0050	-0.0327	-0.0486	0.7832	-0.0551	Myeloid cell
2627.65	2305.3199999999997	-0.0895	0.0160	-0.0215	0.8271	0.0567	Myeloid cell
2625.65	2295.3199999999997	-0.0581	0.0081	-0.0143	0.9312	-0.0297	Myeloid cell
2620.65	1821.82	-0.0264	0.0065	-0.0043	0.9136	-0.0178	Myeloid cell
2620.15	1812.32	-0.0001	0.0134	0.0011	0.7012	-0.0107	Myeloid cell
2619.15	1804.82	-0.0670	0.0036	-0.0144	0.9019	-0.0268	Myeloid cell
2616.65	2292.3199999999997	-0.0737	-0.0141	-0.0405	0.7734	-0.0345	Myeloid cell
2613.65	1849.32	0.6113	-0.0312	-0.0373	0.2603	-0.0287	cDC2
2613.15	1949.82	-0.0558	0.0151	-0.0042	0.9824	-0.0202	Myeloid cell
2610.15	2276.3199999999997	0.8125	-0.0157	-0.0353	0.2358	-0.0446	cDC2
2610.15	2182.8199999999997	-0.0605	0.0069	-0.0118	0.9292	-0.0251	Myeloid cell
2604.15	2276.8199999999997	0.7515	-0.0462	-0.0451	0.0884	-0.0576	cDC2
2601.15	2044.32	0.7368	-0.0213	-0.0184	0.1833	-0.0451	cDC2
2600.15	2324.8199999999997	-0.0607	0.0027	-0.0146	0.8794	-0.0233	Myeloid cell
2598.65	2169.3199999999997	-0.0661	-0.0097	-0.0239	0.8398	-0.0324	Myeloid cell
2596.15	1848.82	-0.0256	-0.0073	-0.0167	0.8374	-0.0260	Myeloid cell
2596.15	1841.82	-0.0518	0.0080	-0.0088	0.9009	-0.0179	Myeloid cell
2588.65	2342.3199999999997	-0.0619	-0.0136	-0.0240	0.6304	-0.0203	Myeloid cell
2587.65	2021.32	-0.0478	0.0104	-0.0084	0.9165	-0.0217	Myeloid cell
2586.65	1983.32	-0.0598	0.0099	-0.0074	0.9487	-0.0234	Myeloid cell
2586.15	2315.8199999999997	0.8862	0.0188	-0.0205	0.7251	-0.0228	Double pos cDC2
2584.65	2144.3199999999997	-0.0668	0.0028	0.0099	0.7886	-0.0099	Myeloid cell
2582.65	2362.3199999999997	-0.0532	0.0007	-0.0102	0.7246	-0.0185	Myeloid cell
2582.65	1911.82	-0.0450	-0.0094	-0.0197	0.7129	-0.0291	Myeloid cell
2580.65	1962.82	-0.0666	0.0036	-0.0166	0.9277	-0.0344	Myeloid cell
2578.65	1828.32	-0.0021	0.0105	-0.0004	0.8213	-0.0082	Myeloid cell
2577.65	2211.8199999999997	-0.0542	0.0134	-0.0054	0.9365	-0.0182	Myeloid cell
2577.15	2314.8199999999997	-0.0504	0.0103	-0.0074	0.9302	-0.0172	Myeloid cell
2572.15	1855.82	-0.0515	0.0084	-0.0084	0.9092	-0.0198	Myeloid cell
2569.15	2102.3199999999997	-0.0477	0.0073	-0.0075	0.8955	-0.0141	Myeloid cell
2567.15	1891.32	-0.0598	-0.0063	-0.0199	0.8374	-0.0293	Myeloid cell
2566.65	1911.32	0.0217	-0.0244	-0.0172	0.6289	-0.0559	Myeloid cell
2565.15	1865.82	0.0061	0.0022	-0.0032	0.7637	-0.0157	Myeloid cell
2564.65	2171.8199999999997	-0.0552	0.0102	-0.0060	0.9106	-0.0212	Myeloid cell
2564.65	1946.82	-0.0579	-0.0048	-0.0174	0.8335	-0.0242	Myeloid cell
2563.65	1821.82	0.9458	-0.0184	-0.0250	0.0411	-0.0299	cDC2
2562.65	1853.82	-0.0823	-0.0056	0.0281	0.6963	0.0143	Myeloid cell
2561.15	2186.8199999999997	0.5078	-0.0005	-0.0389	0.8369	-0.0472	Double pos cDC2
2560.15	1888.32	0.5273	0.0130	-0.0144	0.8862	-0.0267	Double pos cDC2
2555.65	1930.82	-0.0495	0.0002	-0.0108	0.8667	-0.0191	Myeloid cell
2553.15	1811.32	0.1749	-0.0046	-0.0395	0.6055	-0.0311	Myeloid cell
2552.15	1785.82	-0.0696	0.0078	0.0082	0.6631	0.0154	Myeloid cell
2551.15	2187.3199999999997	0.0402	-0.0174	-0.0362	0.8262	-0.0511	Myeloid cell
2545.65	1790.82	-0.0526	0.0043	-0.0108	0.9009	-0.0183	Myeloid cell
2545.15	1813.82	-0.0649	-0.0103	-0.0262	0.7056	-0.0345	Myeloid cell
2544.65	1821.82	-0.0625	0.0051	-0.0159	0.9009	-0.0292	Myeloid cell
2544.15	1808.82	-0.0833	-0.0175	-0.0331	0.7998	-0.0405	Myeloid cell
2541.15	2309.3199999999997	-0.0533	0.0040	-0.0158	0.7324	-0.0179	Myeloid cell
2540.65	2183.3199999999997	-0.0474	-0.0070	-0.0221	0.7964	-0.0250	Myeloid cell
2538.65	1815.82	-0.0612	-0.0018	-0.0205	0.8613	-0.0254	Myeloid cell
2535.65	1963.82	-0.0652	-0.0063	-0.0223	0.8193	-0.0323	Myeloid cell
2534.15	1840.32	0.4480	0.0530	0.0310	0.0400	0.0321	cDC2
2530.65	1938.82	0.6016	-0.0614	-0.0668	0.1063	-0.0655	cDC2
2529.15	1946.32	0.8857	-0.0204	-0.0297	-0.0224	-0.0327	cDC2
2528.65	2227.3199999999997	-0.0590	0.0069	-0.0105	0.9043	-0.0200	Myeloid cell
2527.65	2031.32	-0.0599	-0.0249	-0.0343	0.7749	-0.0445	Myeloid cell
2527.15	2027.82	0.0131	-0.0126	-0.0182	0.8159	-0.0372	Myeloid cell
2525.15	2293.3199999999997	-0.0699	-0.0047	-0.0210	0.8823	-0.0378	Myeloid cell
2524.15	1759.32	-0.0605	0.0052	-0.0132	0.9243	-0.0280	Myeloid cell
2521.15	2162.3199999999997	-0.0521	0.0075	-0.0094	0.9097	-0.0190	Myeloid cell
2518.65	2102.8199999999997	-0.0716	-0.0029	-0.0207	0.8940	-0.0345	Myeloid cell
2516.65	2056.3199999999997	-0.0508	0.0109	-0.0154	0.8828	-0.0322	Myeloid cell
2513.15	2062.8199999999997	-0.0588	0.0033	-0.0120	0.8945	-0.0212	Myeloid cell
2511.65	2163.8199999999997	0.9062	-0.0129	-0.0204	-0.0218	-0.0260	cDC2
2508.65	2054.8199999999997	-0.0674	0.0083	-0.0057	0.7026	-0.0026	Myeloid cell
2506.65	1961.32	-0.0605	0.0052	-0.0116	0.9087	-0.0240	Myeloid cell
2505.65	2061.8199999999997	-0.0310	0.0094	-0.0128	0.7593	-0.0115	Myeloid cell
2503.15	2107.3199999999997	0.0461	0.0083	-0.0076	0.8291	-0.0111	Myeloid cell
2503.15	1755.82	-0.0597	-0.0004	-0.0176	0.8350	-0.0265	Myeloid cell
2498.15	1978.32	-0.0618	0.0093	-0.0085	0.9409	-0.0224	Myeloid cell
2493.15	2091.8199999999997	-0.0451	0.0115	-0.0036	0.9233	-0.0187	Myeloid cell
2484.65	1903.32	-0.0626	0.0088	-0.0096	0.9351	-0.0230	Myeloid cell
2483.15	2296.8199999999997	0.9302	0.0014	-0.0237	0.2776	-0.0385	cDC2
2473.65	2191.8199999999997	0.4326	0.0066	-0.0224	0.8213	-0.0365	Double pos cDC2
2462.65	2350.8199999999997	-0.0338	0.0101	-0.0015	0.8760	-0.0126	Myeloid cell
2460.15	2359.8199999999997	-0.0607	0.0085	-0.0136	0.8789	-0.0213	Myeloid cell
2459.15	2238.3199999999997	-0.0588	-0.0083	-0.0208	0.8545	-0.0246	Myeloid cell
2456.15	2093.8199999999997	-0.0325	-0.0254	-0.0318	0.8452	-0.0559	Myeloid cell
2453.15	1959.82	-0.0547	0.0045	-0.0113	0.8921	-0.0218	Myeloid cell
2451.65	2088.8199999999997	-0.0735	-0.0034	-0.0213	0.8960	-0.0381	Myeloid cell
2451.15	2205.8199999999997	-0.0125	-0.0099	-0.0237	0.8726	-0.0422	Myeloid cell
2449.65	2362.3199999999997	-0.0554	0.0057	-0.0115	0.8882	-0.0210	Myeloid cell
2442.15	1840.82	-0.0716	-0.0168	-0.0263	0.8057	-0.0394	Myeloid cell
2439.15	1845.32	-0.0690	-0.0038	-0.0175	0.8701	-0.0338	Myeloid cell
2438.65	2154.3199999999997	-0.0828	-0.0295	-0.0418	0.7764	-0.0536	Myeloid cell
2434.65	2152.3199999999997	-0.0565	0.0045	-0.0118	0.8945	-0.0224	Myeloid cell
2430.65	1909.82	-0.0495	0.0078	-0.0049	0.8789	-0.0184	Myeloid cell
2430.15	2251.3199999999997	-0.0518	0.0143	-0.0041	0.9556	-0.0184	Myeloid cell
2421.15	1952.82	-0.0668	0.0014	-0.0159	0.9072	-0.0298	Myeloid cell
2420.15	2192.8199999999997	-0.0530	0.0142	-0.0036	0.9575	-0.0191	Myeloid cell
2414.15	1775.82	-0.0534	0.0069	-0.0106	0.8970	-0.0195	Myeloid cell
2413.65	2287.8199999999997	-0.0621	-0.0035	-0.0190	0.8496	-0.0281	Myeloid cell
2411.15	1946.32	-0.0524	-0.0040	-0.0207	0.8721	-0.0277	Myeloid cell
2410.65	2268.3199999999997	-0.0584	-0.0008	-0.0140	0.8237	-0.0226	Myeloid cell
2410.65	1865.32	-0.0616	0.0050	-0.0130	0.9038	-0.0257	Myeloid cell
2408.15	2053.3199999999997	-0.0623	-0.0053	-0.0156	0.8032	-0.0314	Myeloid cell
2407.65	1831.32	-0.0472	0.0032	-0.0115	0.8994	-0.0278	Myeloid cell
2404.15	2275.3199999999997	-0.0800	-0.0372	-0.0352	0.6836	-0.0527	Myeloid cell
2400.15	2278.8199999999997	-0.0688	-0.0024	-0.0195	0.8687	-0.0310	Myeloid cell
2391.65	2218.8199999999997	-0.0676	-0.0033	-0.0203	0.8745	-0.0323	Myeloid cell
2388.65	2213.3199999999997	-0.0791	-0.0168	-0.0338	0.8262	-0.0471	Myeloid cell
2387.15	2252.3199999999997	-0.0535	0.0098	-0.0080	0.9268	-0.0173	Myeloid cell
2378.15	1937.82	-0.0699	-0.0030	-0.0191	0.8740	-0.0329	Myeloid cell
2378.15	1847.82	0.1111	-0.0197	-0.0289	0.7910	-0.0511	Myeloid cell
2371.65	2362.8199999999997	0.0141	0.0083	-0.0092	0.7637	0.0027	Myeloid cell
2367.15	1937.32	-0.0450	0.0149	-0.0026	0.9453	-0.0127	Myeloid cell
2357.15	2110.3199999999997	-0.0679	0.0009	-0.0161	0.9189	-0.0339	Myeloid cell
2352.65	2347.3199999999997	0.0203	-0.0028	-0.0264	0.7930	-0.0363	Myeloid cell
2348.15	1800.32	0.0217	-0.0146	-0.0272	0.8091	-0.0400	Myeloid cell
2347.15	2338.8199999999997	-0.0624	-0.0017	-0.0191	0.8564	-0.0279	Myeloid cell
2347.15	2213.3199999999997	-0.0663	-0.0006	-0.0168	0.8652	-0.0304	Myeloid cell
2345.15	2353.3199999999997	-0.0326	0.0167	0.0081	0.8491	-0.0071	Myeloid cell
2343.65	2334.8199999999997	-0.0756	-0.0180	-0.0335	0.7764	-0.0371	Myeloid cell
2332.65	2303.8199999999997	-0.0380	0.0136	-0.0035	0.8916	-0.0133	Myeloid cell
2332.15	1961.32	-0.0443	-0.0065	-0.0159	0.5835	-0.0176	Myeloid cell
2332.15	1940.82	-0.0565	-0.0011	-0.0175	0.8745	-0.0271	Myeloid cell
2318.15	2357.8199999999997	-0.0493	0.0133	-0.0055	0.8979	-0.0153	Myeloid cell
2315.15	1975.32	-0.0688	0.0045	-0.0118	0.9448	-0.0349	Myeloid cell
2311.65	2245.3199999999997	-0.0626	0.0009	-0.0163	0.8247	-0.0244	Myeloid cell
2307.65	2370.8199999999997	0.0010	0.0197	-0.0010	0.8857	-0.0139	Myeloid cell
2304.15	2198.3199999999997	-0.0592	0.0071	-0.0108	0.9160	-0.0239	Myeloid cell
2302.65	2204.3199999999997	-0.0512	-0.0147	-0.0265	0.7329	-0.0397	Myeloid cell
2298.65	2119.3199999999997	-0.0601	-0.0045	-0.0168	0.8364	-0.0237	Myeloid cell
2294.65	2258.8199999999997	0.0070	-0.0145	-0.0010	0.7441	-0.0302	Myeloid cell
2291.15	2159.3199999999997	-0.0743	-0.0058	-0.0242	0.8496	-0.0367	Myeloid cell
2287.65	2254.8199999999997	-0.0470	-0.0005	-0.0173	0.7969	-0.0251	Myeloid cell
2286.15	2358.3199999999997	-0.0197	0.0061	-0.0060	0.7412	-0.0355	Myeloid cell
2285.15	2345.3199999999997	0.0462	0.0199	0.0086	0.9326	-0.0104	Myeloid cell
2283.15	2370.8199999999997	-0.0699	0.0110	-0.0146	0.9526	-0.0247	Myeloid cell
2281.15	2339.3199999999997	0.3015	0.0065	-0.0171	0.7515	-0.0263	Myeloid cell
2279.15	2363.8199999999997	-0.0777	-0.0145	-0.0275	0.6738	0.0048	Myeloid cell
2277.65	2299.3199999999997	-0.0259	0.0060	-0.0055	0.8726	-0.0227	Myeloid cell
2275.65	2351.8199999999997	-0.0360	-0.0187	-0.0276	0.6650	-0.0371	Myeloid cell
2274.15	2328.8199999999997	-0.0826	-0.0468	0.7397	-0.0346	-0.0374	cDC1
2274.15	2238.3199999999997	-0.0035	0.0135	0.0403	0.7153	-0.0170	Myeloid cell
2273.65	2187.3199999999997	-0.0520	-0.0065	-0.0268	0.8027	-0.0298	Myeloid cell
2270.15	2326.3199999999997	-0.0671	-0.0548	0.5649	-0.0479	-0.0413	cDC1
2270.15	2245.3199999999997	0.3950	0.0175	-0.0069	0.9326	-0.0247	Myeloid cell
2269.65	2315.3199999999997	-0.0630	-0.0442	0.7349	-0.0411	-0.0441	cDC1
2269.15	2350.3199999999997	-0.0356	0.0191	0.0008	0.9585	-0.0093	Myeloid cell
2266.65	2188.3199999999997	-0.0676	0.0105	-0.0112	0.7261	0.0160	Myeloid cell
2265.65	2304.3199999999997	-0.0529	0.0016	-0.0146	0.8457	-0.0192	Myeloid cell
2265.65	1842.32	-0.0671	-0.0014	-0.0197	0.8755	-0.0311	Myeloid cell
2265.15	2341.3199999999997	0.2334	0.0270	0.0131	0.8604	-0.0089	Myeloid cell
2261.15	1927.82	0.0088	-0.0212	-0.0419	0.6670	-0.0594	Myeloid cell
2256.65	2180.8199999999997	-0.0310	0.0022	-0.0119	0.8979	-0.0296	Myeloid cell
2256.15	1995.82	-0.0526	0.0169	-0.0025	0.9922	-0.0237	Myeloid cell
2252.65	2238.3199999999997	0.1348	0.0058	-0.0217	0.7295	-0.0237	Myeloid cell
2252.15	2245.3199999999997	0.2238	0.0192	-0.0033	0.6426	0.0013	Myeloid cell
2252.15	2207.8199999999997	0.7617	0.0024	-0.0385	0.7935	-0.0373	Double pos cDC2
2249.15	2257.3199999999997	-0.0585	-0.0188	-0.0316	0.7427	-0.0359	Myeloid cell
2248.15	2194.3199999999997	-0.0741	-0.0115	-0.0292	0.7603	-0.0297	Myeloid cell
2247.15	2089.3199999999997	-0.0593	0.0055	-0.0114	0.9292	-0.0283	Myeloid cell
2246.65	2294.3199999999997	-0.0339	-0.0050	-0.0143	0.8647	-0.0282	Myeloid cell
2246.65	2205.3199999999997	0.7529	0.0002	-0.0236	0.7441	-0.0391	Double pos cDC2
2245.65	2169.8199999999997	0.1377	0.0069	-0.0187	0.6138	-0.0159	Myeloid cell
2241.65	1947.32	-0.0637	-0.0169	-0.0360	0.7222	-0.0456	Myeloid cell
2241.15	2032.32	-0.0596	0.0038	-0.0130	0.8804	-0.0228	Myeloid cell
2240.15	2358.8199999999997	-0.0728	-0.0626	0.7617	-0.0526	-0.0489	cDC1
2238.15	2051.3199999999997	0.0170	0.0070	-0.0095	0.8940	-0.0254	Myeloid cell
2231.65	1876.82	-0.0590	-0.0029	-0.0203	0.8462	-0.0226	Myeloid cell
2224.65	2370.8199999999997	-0.0622	-0.0030	-0.0050	0.8257	-0.0273	Myeloid cell
2218.15	2209.3199999999997	0.1155	-0.0181	-0.0110	0.7412	-0.0543	Myeloid cell
2216.65	2191.8199999999997	-0.0458	0.0105	-0.0090	0.9082	-0.0222	Myeloid cell
2215.15	2243.8199999999997	0.6411	0.0030	-0.0069	0.5464	-0.0305	Double pos cDC2
2212.15	2124.3199999999997	-0.0486	0.0104	-0.0084	0.9268	-0.0227	Myeloid cell
2207.65	2144.8199999999997	-0.0579	-0.0003	-0.0159	0.8687	-0.0252	Myeloid cell
2206.65	1905.82	-0.0578	-0.0095	-0.0226	0.7637	-0.0266	Myeloid cell
2202.15	2152.3199999999997	-0.0481	0.0107	-0.0059	0.9341	-0.0207	Myeloid cell
2196.65	1965.82	0.9277	0.0005	-0.0266	0.2101	-0.0721	cDC2
2189.65	1903.32	-0.0304	0.0109	0.0006	0.7568	-0.0057	Myeloid cell
2183.15	2215.8199999999997	-0.0446	0.0121	-0.0051	0.9497	-0.0204	Myeloid cell
2181.15	2202.8199999999997	-0.0407	0.0149	-0.0044	0.9443	-0.0174	Myeloid cell
2181.15	2165.8199999999997	0.1862	0.0001	-0.0061	0.8872	-0.0342	Myeloid cell
2170.65	2342.8199999999997	-0.0390	-0.0002	-0.0179	0.8364	-0.0236	Myeloid cell
2164.65	2260.8199999999997	-0.0527	-0.0222	-0.0420	0.7012	-0.0417	Myeloid cell
2158.65	1966.32	0.1971	0.0170	-0.0268	0.6592	-0.0094	Myeloid cell
2156.15	2135.3199999999997	-0.0204	0.0178	-0.0028	0.6909	-0.0015	Myeloid cell
2155.15	2109.3199999999997	0.0497	-0.0059	-0.0215	0.6685	-0.0275	Myeloid cell
2154.65	2253.8199999999997	-0.0038	0.0137	-0.0090	0.6948	-0.0260	Myeloid cell
2152.15	2006.82	0.4946	-0.0011	-0.0344	0.6138	-0.0307	Double pos cDC2
2151.65	1957.32	-0.0606	-0.0103	-0.0262	0.7988	-0.0268	Myeloid cell
2149.65	2335.8199999999997	-0.0603	-0.0290	-0.0326	0.7373	-0.0490	Myeloid cell
2143.15	2118.8199999999997	0.2429	-0.0271	-0.0464	0.6133	-0.0550	Myeloid cell
2142.15	2331.3199999999997	-0.0463	-0.0114	-0.0375	0.6938	-0.0367	Myeloid cell
2142.15	2274.8199999999997	-0.0082	0.0002	-0.0354	0.6909	-0.0564	Myeloid cell
2140.65	2177.8199999999997	0.7827	-0.0033	-0.0296	0.8301	-0.0507	Double pos cDC2
2138.15	2329.8199999999997	-0.0063	-0.0078	-0.0383	0.7583	-0.0420	Myeloid cell
2138.15	2324.3199999999997	-0.0190	-0.0301	-0.0541	0.6719	-0.0661	Myeloid cell
2135.65	2145.8199999999997	-0.0572	0.0040	-0.0119	0.8926	-0.0249	Myeloid cell
2135.65	1987.32	-0.0539	0.0011	-0.0156	0.8760	-0.0233	Myeloid cell
2630.15	2567.32	-0.0145	-0.0055	-0.0212	0.5571	-0.0216	Myeloid cell
2623.65	2598.32	0.0384	0.0499	0.0181	0.7134	0.0052	Myeloid cell
2622.65	2573.32	0.2622	0.0063	0.0039	0.8784	-0.0186	Myeloid cell
2619.65	2567.32	-0.0140	-0.0098	-0.0292	0.7886	-0.0130	Myeloid cell
2619.65	2475.32	-0.0582	-0.0025	-0.0262	0.7412	-0.0161	Myeloid cell
2618.65	2640.82	0.5967	-0.0059	-0.0123	0.7646	-0.0396	Double pos cDC2
2617.65	2516.32	-0.0088	-0.0065	-0.0225	0.6245	-0.0284	Myeloid cell
2613.15	2471.32	-0.0552	0.0036	-0.0248	0.8096	0.0143	Myeloid cell
2608.15	2511.32	-0.0436	0.0036	-0.0088	0.7676	-0.0181	Myeloid cell
2607.15	2403.32	-0.0677	-0.0013	-0.0180	0.8721	-0.0309	Myeloid cell
2606.65	2410.82	-0.0682	-0.0006	-0.0182	0.8696	-0.0297	Myeloid cell
2606.15	2443.82	-0.0643	0.0061	-0.0135	0.9404	-0.0284	Myeloid cell
2603.15	2558.82	0.1182	-0.0193	-0.0247	0.7764	-0.0371	Myeloid cell
2598.65	2589.32	0.5039	0.0021	-0.0267	0.5508	-0.0115	Double pos cDC2
2591.15	2633.32	0.3291	-0.0256	-0.0255	0.8330	-0.0444	Myeloid cell
2588.15	2374.32	0.5791	-0.0187	-0.0148	0.6748	-0.0463	Double pos cDC2
2579.15	2618.32	-0.0343	0.0034	-0.0132	0.8926	-0.0275	Myeloid cell
2573.65	2573.82	-0.0558	0.0067	-0.0102	0.8999	-0.0207	Myeloid cell
2573.65	2523.82	-0.0633	0.0024	-0.0161	0.9028	-0.0298	Myeloid cell
2572.65	2467.82	-0.0183	0.0278	0.0009	0.7769	-0.0114	Myeloid cell
2571.65	2688.32	-0.0474	0.0098	-0.0070	0.9326	-0.0217	Myeloid cell
2567.15	2463.82	-0.0465	0.0101	-0.0073	0.9087	-0.0118	Myeloid cell
2566.15	2525.82	-0.0417	-0.0267	-0.0326	0.6694	-0.0305	Myeloid cell
2562.65	2473.82	-0.0503	0.0004	-0.0142	0.8706	-0.0255	Myeloid cell
2558.65	2700.32	-0.0492	0.0087	-0.0093	0.9087	-0.0169	Myeloid cell
2553.65	2681.82	0.0113	0.0247	0.0141	0.9336	-0.0033	Myeloid cell
2552.15	2530.32	0.4907	-0.0247	-0.0413	0.5391	-0.0467	Double pos cDC2
2547.15	2690.32	-0.0299	0.0160	0.0005	0.7593	-0.0074	Myeloid cell
2546.15	2528.82	-0.0069	0.0186	-0.0062	0.8711	-0.0102	Myeloid cell
2546.15	2440.82	-0.0406	0.0165	0.0049	0.8906	-0.0092	Myeloid cell
2545.15	2670.32	-0.0501	0.0118	-0.0055	0.9248	-0.0209	Myeloid cell
2541.65	2575.32	0.6045	0.0094	-0.0279	0.8384	-0.0363	Double pos cDC2
2541.15	2639.82	-0.0335	-0.0038	-0.0182	0.8662	-0.0322	Myeloid cell
2538.65	2560.82	-0.0555	0.0130	-0.0066	0.9380	-0.0199	Myeloid cell
2535.65	2750.32	-0.0471	0.0140	-0.0040	0.9180	-0.0141	Myeloid cell
2532.15	2673.32	-0.0560	0.0021	-0.0123	0.8750	-0.0218	Myeloid cell
2531.15	2756.82	-0.0456	0.0151	-0.0006	0.9365	-0.0160	Myeloid cell
2530.15	2665.82	-0.0529	0.0089	-0.0068	0.9082	-0.0230	Myeloid cell
2529.15	2404.32	-0.0601	0.0084	-0.0097	0.9287	-0.0248	Myeloid cell
2528.15	2502.82	0.0637	-0.0022	-0.0232	0.5630	-0.0197	Myeloid cell
2527.65	2717.82	-0.0424	-0.0093	-0.0210	0.7622	-0.0306	Myeloid cell
2524.65	2644.32	-0.0491	0.0126	-0.0055	0.9375	-0.0152	Myeloid cell
2524.65	2619.32	-0.0413	-0.0279	0.7700	-0.0087	-0.0240	cDC1
2521.15	2469.32	0.4961	-0.0088	-0.0312	0.7090	-0.0375	Double pos cDC2
2519.15	2658.32	0.8481	-0.0213	-0.0330	0.0122	-0.0208	cDC2
2516.65	2665.32	-0.0480	0.0119	-0.0065	0.9316	-0.0132	Myeloid cell
2516.15	2542.32	-0.0477	-0.0008	-0.0183	0.8779	-0.0340	Myeloid cell
2515.15	2711.82	-0.0732	-0.0372	-0.0419	0.6230	-0.0462	Myeloid cell
2511.15	2548.82	0.2487	0.0086	-0.0334	0.7827	-0.0558	Myeloid cell
2509.15	2742.82	-0.0563	-0.0003	-0.0156	0.8701	-0.0234	Myeloid cell
2509.15	2732.32	-0.0550	-0.0322	0.8506	-0.0219	-0.0326	cDC1
2508.65	2505.32	-0.0267	0.0084	-0.0068	0.8379	-0.0056	Myeloid cell
2508.15	2486.82	0.1248	0.0130	-0.0084	0.7280	-0.0005	Myeloid cell
2504.65	2428.32	0.9248	-0.0158	-0.0346	0.0536	-0.0385	cDC2
2502.65	2761.32	-0.0490	0.0098	-0.0073	0.9189	-0.0201	Myeloid cell
2500.65	2679.82	0.9854	-0.0207	-0.0243	0.0072	-0.0272	cDC2
2499.65	2629.32	-0.0514	0.0165	-0.0021	0.9683	-0.0206	Myeloid cell
2498.65	2758.32	-0.0645	-0.0126	-0.0265	0.8218	-0.0203	Myeloid cell
2496.65	2593.82	-0.0493	0.0094	-0.0072	0.9312	-0.0217	Myeloid cell
2493.65	2490.32	0.9219	-0.0197	-0.0264	0.0081	-0.0222	cDC2
2492.65	2453.82	-0.0381	0.0120	0.0002	0.8804	-0.0112	Myeloid cell
2483.15	2630.32	-0.0202	-0.0254	-0.0333	0.6562	-0.0345	Myeloid cell
2480.15	2765.32	-0.0337	0.0123	-0.0039	0.9170	-0.0129	Myeloid cell
2479.65	2472.32	-0.0610	0.0040	-0.0149	0.8896	-0.0284	Myeloid cell
2479.15	2552.32	-0.0393	0.0139	0.0019	0.8843	-0.0109	Myeloid cell
2478.15	2603.82	-0.0311	0.0185	0.0018	0.9727	-0.0114	Myeloid cell
2477.65	2462.32	0.0410	0.0164	0.0094	0.8735	-0.0065	Myeloid cell
2473.65	2475.82	-0.0551	-0.0047	-0.0214	0.7510	-0.0213	Myeloid cell
2471.15	2465.82	-0.1040	-0.0247	-0.0715	0.8613	-0.0257	Myeloid cell
2469.15	2459.82	0.0973	0.0207	-0.0034	0.6309	0.0001	Myeloid cell
2467.15	2771.32	0.0015	0.0242	0.0049	0.7715	-0.0029	Myeloid cell
2467.15	2705.82	-0.0504	0.0066	-0.0104	0.8975	-0.0208	Myeloid cell
2467.15	2448.32	-0.0117	-0.0013	-0.0084	0.8730	-0.0207	Myeloid cell
2463.15	2469.32	-0.0209	-0.0154	-0.0314	0.7017	-0.0297	Myeloid cell
2462.65	2675.32	-0.0386	0.0056	-0.0045	0.8301	-0.0155	Myeloid cell
2457.65	2737.82	0.2135	0.0064	0.0002	0.6929	0.0013	Myeloid cell
2457.15	2512.82	-0.0551	0.0115	-0.0085	0.9424	-0.0234	Myeloid cell
2456.15	2690.32	-0.0446	-0.0069	-0.0202	0.6636	-0.0258	Myeloid cell
2452.65	2475.32	0.1089	0.0241	-0.0062	0.6587	-0.0151	Myeloid cell
2451.15	2751.82	-0.0499	0.0271	0.0014	1.0293	-0.0167	Myeloid cell
2450.65	2685.82	0.0538	-0.0142	-0.0213	0.8379	-0.0520	Myeloid cell
2449.15	2820.32	-0.0423	0.0192	-0.0014	0.8828	-0.0093	Myeloid cell
2444.65	2836.32	-0.0079	0.0250	0.0073	0.9644	-0.0076	Myeloid cell
2439.15	2398.82	-0.0503	0.0109	-0.0073	0.9331	-0.0189	Myeloid cell
2438.65	2829.32	-0.0503	0.0073	-0.0090	0.8540	-0.0206	Myeloid cell
2437.65	2817.32	-0.0266	0.0304	0.0139	0.9526	-0.0032	Myeloid cell
2437.65	2647.32	-0.0475	0.0024	-0.0158	0.8628	-0.0063	Myeloid cell
2436.65	2679.82	-0.0472	-0.0014	-0.0123	0.8047	-0.0207	Myeloid cell
2430.15	2629.82	-0.0506	0.0133	-0.0047	0.9614	-0.0202	Myeloid cell
2426.65	2797.32	-0.0396	0.0080	-0.0079	0.9204	-0.0208	Myeloid cell
2424.15	2793.32	-0.0664	-0.0008	-0.0173	0.8838	-0.0325	Myeloid cell
2424.15	2620.32	0.0175	0.0075	-0.0072	0.7275	-0.0122	Myeloid cell
2423.65	2856.82	0.6504	-0.0072	-0.0201	0.0759	-0.0290	cDC2
2420.15	2397.82	-0.0243	0.0055	-0.0164	0.7896	-0.0251	Myeloid cell
2419.15	2745.32	-0.0117	0.0124	-0.0082	0.7759	-0.0137	Myeloid cell
2417.65	2668.32	-0.0655	-0.0001	-0.0168	0.8848	-0.0273	Myeloid cell
2414.65	2715.82	-0.0648	-0.0013	-0.0171	0.8706	-0.0279	Myeloid cell
2413.15	2625.32	0.0068	0.0238	0.0032	0.7065	0.0021	Myeloid cell
2410.65	2748.32	-0.0509	0.0083	-0.0088	0.9067	-0.0192	Myeloid cell
2410.15	2711.82	-0.0604	-0.0077	-0.0245	0.8325	-0.0274	Myeloid cell
2403.65	2656.32	-0.0615	0.0057	-0.0114	0.9287	-0.0280	Myeloid cell
2400.15	2382.82	-0.0669	-0.0051	-0.0189	0.8496	-0.0332	Myeloid cell
2398.15	2647.82	-0.0274	0.0100	-0.0023	0.5537	-0.0098	Myeloid cell
2393.15	2462.82	0.0134	0.0013	-0.0121	0.9321	-0.0363	Myeloid cell
2392.65	2634.82	-0.0500	0.0162	-0.0019	0.9663	-0.0170	Myeloid cell
2391.15	2717.32	-0.0422	0.0070	-0.0059	0.8740	-0.0148	Myeloid cell
2383.65	2734.32	0.3452	0.0076	-0.0103	0.7603	-0.0212	Myeloid cell
2382.15	2473.32	0.2949	-0.0636	-0.0780	0.5757	-0.0837	Myeloid cell
2381.65	2723.82	-0.0430	-0.0221	-0.0384	0.8403	-0.0388	Myeloid cell
2379.65	2626.32	0.2617	-0.0144	-0.0284	0.8174	-0.0401	Myeloid cell
2376.15	2613.32	-0.0567	0.0046	-0.0122	0.8745	-0.0241	Myeloid cell
2375.65	2718.32	0.9136	-0.0175	-0.0283	0.0001	-0.0322	cDC2
2374.65	2790.32	-0.0467	0.0021	-0.0113	0.8931	-0.0226	Myeloid cell
2370.65	2580.82	-0.0492	0.0038	-0.0098	0.8389	-0.0177	Myeloid cell
2370.65	2421.82	-0.0747	-0.0091	-0.0259	0.7822	-0.0285	Myeloid cell
2369.15	2614.32	-0.0001	0.0005	-0.0181	0.8706	-0.0259	Myeloid cell
2369.15	2417.82	-0.0676	-0.0150	-0.0297	0.6675	-0.0328	Myeloid cell
2368.15	2500.82	-0.0581	0.0011	-0.0130	0.8877	-0.0280	Myeloid cell
2368.15	2453.32	-0.0474	0.0031	-0.0181	0.8032	-0.0250	Myeloid cell
2367.65	2439.82	-0.0350	-0.0128	-0.0312	0.7231	-0.0262	Myeloid cell
2366.65	2796.32	-0.0095	0.0114	-0.0087	0.6528	-0.0032	Myeloid cell
2362.65	2497.82	-0.0357	0.0011	-0.0128	0.8320	-0.0210	Myeloid cell
2360.65	2744.32	-0.0578	-0.0038	-0.0186	0.7070	-0.0261	Myeloid cell
2360.65	2442.32	-0.0124	0.0023	-0.0288	0.5972	-0.0003	Myeloid cell
2360.15	2687.82	-0.0632	0.0081	-0.0101	0.9434	-0.0258	Myeloid cell
2360.15	2662.82	-0.0531	0.0024	-0.0122	0.8726	-0.0219	Myeloid cell
2359.65	2646.32	-0.0514	0.0037	-0.0121	0.8862	-0.0202	Myeloid cell
2359.15	2488.82	-0.0551	0.0098	-0.0081	0.9424	-0.0224	Myeloid cell
2357.15	2705.82	0.9131	-0.0074	-0.0311	0.3120	-0.0583	cDC2
2355.65	2570.32	-0.0184	-0.0054	-0.0253	0.4954	-0.0193	Myeloid cell
2355.65	2518.32	-0.0481	0.0093	-0.0080	0.9365	-0.0228	Myeloid cell
2353.65	2634.32	0.1998	0.0118	-0.0053	0.7510	-0.0073	Myeloid cell
2341.65	2459.32	0.1398	-0.0058	-0.0102	0.8589	-0.0369	Myeloid cell
2336.65	2477.32	0.0130	0.0262	-0.0154	0.6968	-0.0150	Myeloid cell
2336.15	2421.32	-0.0396	0.0042	-0.0119	0.8408	-0.0190	Myeloid cell
2334.65	2670.82	-0.0581	-0.0016	-0.0159	0.8647	-0.0270	Myeloid cell
2331.15	2389.32	-0.0170	0.0007	-0.0163	0.6230	-0.0336	Myeloid cell
2330.15	2665.82	-0.0627	0.0018	-0.0143	0.8281	-0.0020	Myeloid cell
2328.15	2652.82	-0.0869	-0.0620	0.7856	-0.0463	-0.0503	cDC1
2328.15	2540.82	0.0502	-0.0116	-0.0204	0.8398	-0.0426	Myeloid cell
2325.65	2647.82	-0.0539	-0.0255	0.8813	-0.0146	-0.0271	cDC1
2324.65	2382.82	-0.0547	-0.0273	-0.0417	0.5752	-0.0489	Myeloid cell
2322.65	2489.82	-0.0432	0.0130	0.0023	0.7002	0.0105	Myeloid cell
2322.15	2739.82	-0.0686	-0.0095	-0.0245	0.8447	-0.0357	Myeloid cell
2321.65	2497.32	-0.0536	0.0090	-0.0085	0.9126	-0.0208	Myeloid cell
2321.65	2414.32	-0.0447	0.0046	-0.0100	0.9048	-0.0258	Myeloid cell
2320.15	2565.32	-0.0534	0.0066	-0.0092	0.9111	-0.0225	Myeloid cell
2319.65	2750.82	-0.0510	-0.0029	-0.0122	0.7466	-0.0094	Myeloid cell
2318.65	2630.82	-0.0568	-0.0026	-0.0143	0.8086	-0.0197	Myeloid cell
2310.65	2555.32	-0.0035	0.0082	-0.0069	0.5132	-0.0038	Myeloid cell
2309.65	2374.32	0.5234	0.0195	0.0028	0.9150	-0.0115	Double pos cDC2
2308.15	2779.82	0.0493	-0.0090	-0.0193	0.7598	-0.0340	Myeloid cell
2305.65	2475.32	-0.0553	-0.0087	-0.0125	0.7744	-0.0259	Myeloid cell
2304.65	2605.32	-0.0577	-0.0237	0.0719	0.4900	-0.0512	Myeloid cell
2304.65	2530.82	0.0173	0.0051	0.0018	0.8477	-0.0277	Myeloid cell
2304.15	2783.32	0.0659	-0.0204	-0.0331	0.7407	-0.0561	Myeloid cell
2301.65	2596.32	-0.0166	0.0089	0.0114	0.5864	-0.0047	Myeloid cell
2300.65	2545.32	-0.0609	-0.0003	-0.0171	0.8696	-0.0227	Myeloid cell
2299.65	2606.82	-0.0513	0.0062	-0.0110	0.9053	-0.0225	Myeloid cell
2296.65	2728.32	-0.0533	0.0106	-0.0067	0.9531	-0.0220	Myeloid cell
2293.65	2626.32	-0.0358	0.0044	0.0092	0.6274	-0.0156	Myeloid cell
2293.65	2536.32	-0.0490	0.0144	-0.0055	0.9453	-0.0179	Myeloid cell
2293.65	2423.32	0.1608	-0.0027	-0.0204	0.6973	-0.0213	Myeloid cell
2292.15	2568.32	-0.0203	0.0002	-0.0134	0.7856	-0.0185	Myeloid cell
2291.65	2669.82	-0.0441	0.0108	-0.0058	0.9097	-0.0155	Myeloid cell
2290.15	2563.32	0.0461	-0.0292	-0.0487	0.7144	-0.0589	Myeloid cell
2286.15	2773.82	-0.0404	0.0130	-0.0032	0.9404	-0.0142	Myeloid cell
2280.65	2921.32	-0.0482	0.0130	-0.0056	0.9253	-0.0173	Myeloid cell
2279.65	2487.82	0.6699	-0.0201	-0.0417	0.6523	-0.0501	Double pos cDC2
2278.15	2483.82	0.8096	0.0077	-0.0247	0.8877	-0.0543	Double pos cDC2
2272.65	2659.32	-0.0439	0.0125	-0.0031	0.9307	-0.0144	Myeloid cell
2271.65	2741.32	-0.0622	-0.0236	-0.0330	0.6616	-0.0411	Myeloid cell
2270.15	2760.32	-0.0275	0.0148	0.0012	0.9126	-0.0092	Myeloid cell
2259.15	2750.32	-0.0612	-0.0013	-0.0177	0.8691	-0.0294	Myeloid cell
2256.65	2503.82	-0.0511	0.0019	-0.0174	0.6289	-0.0110	Myeloid cell
2256.15	2738.82	-0.0509	-0.0261	-0.0499	0.6636	-0.0601	Myeloid cell
2254.15	2713.82	-0.0638	0.0108	-0.0056	0.9873	-0.0290	Myeloid cell
2252.15	2875.82	-0.0572	0.0068	-0.0094	0.9033	-0.0243	Myeloid cell
2240.15	2390.32	0.5737	-0.0081	-0.0339	0.5488	-0.0332	Double pos cDC2
2236.65	2412.82	-0.0554	0.0098	-0.0083	0.9131	-0.0188	Myeloid cell
2234.65	2479.32	-0.0536	0.0014	-0.0138	0.8589	-0.0212	Myeloid cell
2234.15	2554.32	-0.0577	0.0058	-0.0112	0.9116	-0.0248	Myeloid cell
2230.15	2608.32	-0.0548	0.0094	-0.0079	0.9360	-0.0223	Myeloid cell
2230.15	2473.82	0.2069	0.0415	0.0034	0.7085	0.0055	Myeloid cell
2229.65	2418.82	0.2272	-0.0260	-0.0351	0.6636	-0.0707	Myeloid cell
2228.65	2538.82	-0.0125	0.0038	-0.0243	0.7227	-0.0286	Myeloid cell
2227.15	2527.32	0.0272	-0.0228	-0.0298	0.8130	-0.0491	Myeloid cell
2226.65	2423.82	0.7393	-0.0059	-0.0288	0.7695	-0.0399	Double pos cDC2
2226.15	2428.32	0.4426	0.0068	-0.0021	0.8809	-0.0246	Double pos cDC2
2225.15	2712.82	-0.0341	-0.0037	-0.0129	0.8330	-0.0268	Myeloid cell
2220.15	2519.82	-0.0512	0.0133	-0.0070	0.9648	-0.0233	Myeloid cell
2216.15	2474.82	-0.0699	-0.0149	-0.0293	0.8228	-0.0370	Myeloid cell
2213.65	2471.32	-0.0595	0.0048	-0.0160	0.9170	-0.0299	Myeloid cell
2211.15	2690.32	-0.0323	0.0247	0.0063	1.0088	-0.0070	Myeloid cell
2210.15	2708.32	-0.0349	0.0172	0.0031	0.9019	-0.0067	Myeloid cell
2210.15	2430.82	-0.0367	-0.0046	-0.0172	0.8188	-0.0169	Myeloid cell
2209.15	2414.32	0.0949	0.0094	-0.0177	0.8164	-0.0238	Myeloid cell
2204.65	2461.32	-0.0501	0.0152	-0.0052	0.9438	-0.0174	Myeloid cell
2203.15	2485.32	-0.0708	-0.0041	-0.0243	0.8394	-0.0266	Myeloid cell
2202.15	2584.32	-0.0049	0.0075	-0.0035	0.8848	-0.0108	Myeloid cell
2196.15	2578.32	0.1906	0.0441	-0.0123	0.6528	-0.0378	Myeloid cell
2194.15	3000.82	0.9214	-0.0168	-0.0263	-0.0135	-0.0308	cDC2
2189.15	2457.82	-0.0543	0.0097	-0.0097	0.9126	-0.0219	Myeloid cell
2185.15	2427.32	0.8975	0.0349	-0.0015	0.9531	-0.0303	Double pos cDC2
2181.65	2405.82	-0.0185	0.0201	0.0059	0.6196	-0.0016	Myeloid cell
2181.15	2508.82	-0.0706	-0.0027	-0.0193	0.8853	-0.0324	Myeloid cell
2181.15	2421.82	0.8652	0.0237	-0.0101	0.9512	-0.0275	Double pos cDC2
2175.15	2889.82	0.8667	-0.0115	-0.0339	0.2947	-0.0775	cDC2
2174.15	2543.32	-0.0468	0.0104	-0.0049	0.9370	-0.0205	Myeloid cell
2170.65	2407.82	-0.0240	0.0085	-0.0077	0.8022	-0.0059	Myeloid cell
2168.65	2490.32	-0.0123	0.0028	-0.0110	0.7461	-0.0149	Myeloid cell
2166.65	2421.32	-0.0094	-0.0435	-0.0693	0.6606	-0.0677	Myeloid cell
2165.65	2401.32	0.0113	0.0113	-0.0175	0.6562	-0.0146	Myeloid cell
2165.15	2968.32	-0.0568	0.0073	-0.0106	0.9043	-0.0189	Myeloid cell
2158.65	2529.32	0.0195	-0.0008	-0.0150	0.8716	-0.0264	Myeloid cell
2151.15	2763.82	-0.0411	-0.0041	-0.0125	0.8193	-0.0236	Myeloid cell
2150.15	2525.32	-0.0101	0.0172	0.0019	0.8960	-0.0078	Myeloid cell
2148.15	2435.32	-0.0660	-0.0362	0.8242	-0.0212	-0.0277	cDC1
2147.65	2500.32	0.0188	0.0137	-0.0042	0.4065	-0.0034	Myeloid cell
2147.15	2588.82	-0.0077	0.0127	-0.0107	0.5464	-0.0049	Myeloid cell
2145.15	2443.32	-0.0455	-0.0196	0.8740	-0.0102	-0.0227	cDC1
2139.65	2428.82	-0.0529	-0.0022	-0.0110	0.6841	-0.0134	Myeloid cell
2135.65	2525.32	-0.0397	0.0040	-0.0093	0.7061	-0.0128	Myeloid cell
2135.65	2464.82	-0.0555	0.0074	-0.0107	0.9155	-0.0229	Myeloid cell
2135.65	2405.82	-0.0489	0.0137	-0.0039	0.9292	-0.0164	Myeloid cell
2892.65	2129.64	0.7324	-0.0383	-0.0455	0.0293	-0.0393	cDC2
2886.65	2162.14	-0.0461	0.0180	-0.0021	0.9331	-0.0111	Myeloid cell
2874.65	2108.64	-0.0460	0.0067	-0.0183	0.9072	-0.0092	Myeloid cell
2864.65	2217.14	0.6748	-0.0192	-0.0296	0.0859	-0.0331	cDC2
2862.65	2152.14	-0.0746	-0.0303	-0.0526	0.6895	-0.0424	Myeloid cell
2854.65	2151.64	-0.0666	0.0006	-0.0172	0.8916	-0.0275	Myeloid cell
2838.65	2301.14	0.7744	-0.0235	-0.0328	0.1229	-0.0446	cDC2
2837.65	2210.64	0.0147	0.0162	-0.0026	0.6040	-0.0070	Myeloid cell
2831.65	2126.64	-0.0599	0.0083	-0.0099	0.9019	-0.0220	Myeloid cell
2827.15	2317.14	0.7598	-0.0309	-0.0425	0.1131	-0.0419	cDC2
2826.65	2200.64	0.8359	0.0186	-0.0087	0.9238	-0.0280	Double pos cDC2
2825.15	2322.14	0.5947	-0.0020	-0.0245	0.1628	-0.0024	cDC2
2803.15	2175.14	-0.0502	0.0066	-0.0099	0.8901	-0.0193	Myeloid cell
2799.15	2141.14	-0.0010	0.0086	-0.0132	0.6909	-0.0176	Myeloid cell
2796.15	2271.64	-0.0515	-0.0019	-0.0155	0.8701	-0.0271	Myeloid cell
2796.15	2112.64	-0.0497	0.0124	-0.0042	0.9604	-0.0152	Myeloid cell
2788.65	2264.64	-0.0367	0.0212	0.0026	0.9951	-0.0094	Myeloid cell
2786.65	2273.64	-0.0164	0.0305	0.0123	1.0000	0.0000	Myeloid cell
2781.15	2153.14	0.1743	0.0062	-0.0136	0.7485	-0.0051	Myeloid cell
2779.15	2334.14	-0.0586	0.0053	-0.0116	0.9004	-0.0222	Myeloid cell
2778.15	2341.64	0.3381	-0.0049	-0.0030	0.7627	-0.0280	Myeloid cell
2776.15	2266.64	0.7319	0.0010	-0.0332	0.8394	-0.0427	Double pos cDC2
2758.65	2259.14	-0.0619	0.0092	-0.0117	0.9277	-0.0246	Myeloid cell
2757.65	2442.14	0.5688	-0.0399	-0.0443	-0.0148	-0.0428	cDC2
2751.15	2167.64	-0.0638	-0.0016	-0.0144	0.6758	-0.0161	Myeloid cell
2742.65	2132.14	-0.0575	0.0055	-0.0121	0.8657	-0.0203	Myeloid cell
2739.15	2394.14	-0.0429	0.0161	-0.0009	0.9570	-0.0146	Myeloid cell
2734.65	2268.64	-0.0588	0.0078	-0.0091	0.9434	-0.0233	Myeloid cell
2727.15	2208.14	0.4182	-0.0100	-0.0115	0.0252	-0.0225	cDC2
2722.15	2195.64	-0.0736	0.0087	-0.0110	0.7969	0.0006	Myeloid cell
2714.65	2153.14	-0.0369	0.0087	0.0022	0.7627	-0.0067	Myeloid cell
2713.65	2250.64	-0.0496	-0.0006	-0.0131	0.8818	-0.0242	Myeloid cell
2712.15	2171.64	-0.0640	-0.0084	-0.0225	0.8384	-0.0292	Myeloid cell
2708.15	2268.14	0.0098	0.0327	0.0081	0.4858	0.0149	Myeloid cell
2702.65	2400.14	0.6938	-0.0024	-0.0377	0.7183	-0.0446	Double pos cDC2
2699.15	2307.14	-0.0551	0.0050	-0.0199	0.9014	-0.0317	Myeloid cell
2698.65	2529.64	0.6274	-0.0339	-0.0380	0.0383	-0.0414	cDC2
2698.65	2522.14	-0.0682	-0.0049	-0.0259	0.7568	-0.0283	Myeloid cell
2697.65	2300.64	-0.0640	0.0012	-0.0188	0.8906	-0.0340	Myeloid cell
2694.15	2175.64	0.0839	0.0109	-0.0022	0.9004	-0.0168	Myeloid cell
2691.15	2417.64	-0.0268	-0.0025	-0.0091	0.4968	-0.0148	Myeloid cell
2689.65	2450.64	0.9146	-0.0101	-0.0214	-0.0017	-0.0234	cDC2
2689.65	2432.14	-0.0473	0.0129	-0.0056	0.9336	-0.0146	Myeloid cell
2689.65	2136.64	-0.0430	0.0170	-0.0010	0.9536	-0.0110	Myeloid cell
2685.15	2114.64	0.5400	-0.0113	-0.0482	0.7290	-0.0518	Double pos cDC2
2682.65	2476.14	-0.0624	-0.0109	-0.0262	0.8223	-0.0291	Myeloid cell
2681.65	2265.14	-0.0468	0.0178	-0.0013	0.9619	-0.0109	Myeloid cell
2675.15	2359.14	0.0225	0.0081	-0.0071	0.0126	0.5186	B cell
2674.65	2169.14	-0.0387	0.0115	-0.0046	0.9277	-0.0185	Myeloid cell
2673.65	2347.14	-0.0756	-0.0110	-0.0290	0.8301	-0.0394	Myeloid cell
2673.65	2123.14	-0.0835	-0.0270	0.0020	0.7153	-0.0453	Myeloid cell
2673.15	2471.14	-0.0483	0.0065	-0.0088	0.9146	-0.0190	Myeloid cell
2673.15	2351.64	-0.0721	-0.0070	-0.0242	0.8574	-0.0346	Myeloid cell
2673.15	2329.14	-0.0769	-0.0151	-0.0298	0.8003	-0.0406	Myeloid cell
2671.15	2312.64	-0.0550	0.0035	-0.0156	0.8931	-0.0277	Myeloid cell
2669.65	2335.14	-0.0614	-0.0013	-0.0203	0.8652	-0.0294	Myeloid cell
2667.15	2303.14	-0.0645	-0.0113	-0.0248	0.8296	-0.0336	Myeloid cell
2666.65	2580.64	0.6060	-0.0272	-0.0372	0.0087	-0.0385	cDC2
2666.15	2553.14	-0.0639	-0.0004	-0.0107	0.7964	-0.0280	Myeloid cell
2660.65	2341.64	-0.0578	0.0058	-0.0124	0.8965	-0.0150	Myeloid cell
2660.15	2594.64	0.8047	-0.0309	-0.0386	-0.0283	-0.0397	cDC2
2658.15	2183.64	-0.0455	0.0163	-0.0037	0.9492	-0.0129	Myeloid cell
2656.65	2275.14	-0.0457	0.0185	-0.0005	0.9824	-0.0148	Myeloid cell
2652.15	2343.14	0.0212	0.0063	-0.0169	0.1071	0.6025	B cell
2648.15	2260.14	0.0770	0.0103	0.0031	0.8062	-0.0198	Myeloid cell
2647.15	2374.14	-0.0241	0.0066	-0.0138	0.5835	-0.0124	Myeloid cell
2646.65	2335.14	-0.0565	0.0117	-0.0078	0.9385	-0.0219	Myeloid cell
2643.65	2578.64	0.8398	-0.0305	-0.0378	-0.0064	-0.0441	cDC2
2642.15	2324.64	-0.0569	-0.0007	-0.0143	0.8486	-0.0259	Myeloid cell
2641.65	2517.14	-0.0520	-0.0029	-0.0175	0.8628	-0.0284	Myeloid cell
2640.65	2561.14	-0.0511	0.0084	-0.0076	0.9185	-0.0194	Myeloid cell
2637.65	2510.64	-0.0764	-0.0141	0.0084	0.6064	0.0060	Myeloid cell
2635.65	2584.64	0.0931	0.0309	-0.0245	0.5942	-0.0074	Myeloid cell
2925.15	1838.14	0.6069	-0.0419	-0.0514	0.1768	-0.0510	cDC2
2919.15	1916.14	0.6621	-0.0068	-0.0253	0.6934	-0.0468	Double pos cDC2
2913.15	1801.14	0.3789	0.0134	-0.0038	0.0253	-0.0015	Other cell
2912.65	1932.14	0.8057	-0.0311	-0.0428	0.2952	-0.0558	cDC2
2912.65	1895.64	0.1791	0.0200	-0.0007	0.6494	-0.0042	Myeloid cell
2901.65	2020.64	-0.0507	0.0103	-0.0148	0.9443	-0.0292	Myeloid cell
2899.15	2097.1400000000003	0.8022	-0.0330	-0.0408	0.0176	-0.0454	cDC2
2898.65	2014.64	0.1658	-0.0031	-0.0205	0.8438	-0.0319	Myeloid cell
2892.65	2008.14	-0.0731	-0.0145	-0.0302	0.8032	-0.0398	Myeloid cell
2891.65	1959.64	0.5718	-0.0339	-0.0388	0.0426	-0.0447	cDC2
2887.15	2016.14	-0.0615	0.0034	-0.0139	0.9043	-0.0232	Myeloid cell
2883.65	1979.14	0.0373	-0.0408	-0.0255	0.8706	-0.0335	Myeloid cell
2874.65	2105.1400000000003	-0.0582	0.0123	-0.0070	0.9580	-0.0225	Myeloid cell
2874.65	1926.64	-0.0544	-0.0058	-0.0196	0.7988	-0.0284	Myeloid cell
2873.15	2038.14	-0.0873	-0.0242	-0.0386	0.6768	-0.0543	Myeloid cell
2871.65	1885.64	-0.0553	0.0002	-0.0111	0.8374	-0.0252	Myeloid cell
2864.15	2019.14	-0.0406	0.0194	0.0013	0.9492	-0.0087	Myeloid cell
2860.65	2055.6400000000003	-0.0604	0.0020	-0.0143	0.8882	-0.0254	Myeloid cell
2855.15	2048.6400000000003	-0.0320	0.0036	-0.0102	0.8447	-0.0110	Myeloid cell
2831.15	2027.14	-0.0465	0.0161	-0.0024	0.9453	-0.0144	Myeloid cell
2827.15	1883.14	-0.0496	0.0119	-0.0048	0.9326	-0.0179	Myeloid cell
2821.65	1911.14	-0.0280	0.0084	-0.0140	0.9141	-0.0251	Myeloid cell
2817.15	1909.14	-0.0645	-0.0101	-0.0181	0.8193	-0.0323	Myeloid cell
2798.65	2045.64	-0.0526	-0.0030	-0.0168	0.8389	-0.0150	Myeloid cell
2795.65	2074.1400000000003	0.1289	0.0315	0.0113	0.9263	0.0005	Myeloid cell
2791.65	2086.1400000000003	-0.0651	0.0081	-0.0117	0.9561	-0.0287	Myeloid cell
2788.65	1989.14	-0.0575	0.0118	-0.0080	0.9419	-0.0209	Myeloid cell
2785.15	2004.14	-0.0401	0.0188	0.0027	0.9795	-0.0097	Myeloid cell
2781.15	2017.14	-0.0491	0.0217	-0.0011	1.0195	-0.0189	Myeloid cell
2776.15	2075.1400000000003	-0.0504	0.0111	-0.0069	0.9395	-0.0171	Myeloid cell
2768.15	2006.64	-0.0368	0.0346	0.0125	0.9971	-0.0012	Myeloid cell
2765.15	1942.14	0.0085	-0.0034	-0.0340	0.7603	-0.0123	Myeloid cell
2759.65	2084.6400000000003	-0.0473	0.0130	-0.0031	0.9785	-0.0192	Myeloid cell
2759.65	1949.64	0.1410	0.0279	-0.0144	0.8115	-0.0185	Myeloid cell
2754.65	1997.14	-0.0552	0.0088	-0.0066	0.8462	-0.0099	Myeloid cell
2751.65	1937.14	0.8184	-0.0363	-0.0484	0.0292	-0.0459	cDC2
2744.15	2012.64	0.8457	-0.0241	-0.0367	0.1151	-0.0431	cDC2
2740.65	1946.14	-0.0106	0.0072	-0.0113	0.6069	-0.0245	Myeloid cell
2740.15	1929.64	-0.0332	0.0121	-0.0009	0.9263	-0.0138	Myeloid cell
2739.65	2032.14	-0.0517	0.0063	-0.0116	0.8916	-0.0178	Myeloid cell
2730.65	1921.64	-0.0249	0.0011	0.0053	1.0322	0.0309	Myeloid cell
2724.15	1924.64	0.8921	-0.0103	-0.0249	-0.0043	-0.0166	cDC2
2723.15	1956.14	0.9937	-0.0001	-0.0130	0.0105	-0.0135	cDC2
2722.65	2041.64	-0.0572	0.0033	-0.0135	0.8843	-0.0225	Myeloid cell
2721.65	1999.14	-0.0596	0.0097	-0.0100	0.7944	-0.0049	Myeloid cell
2714.65	2040.64	-0.0794	-0.0308	-0.0457	0.7236	-0.0521	Myeloid cell
2710.65	1877.14	-0.0544	0.0031	-0.0127	0.8809	-0.0228	Myeloid cell
2708.65	1860.64	-0.0540	0.0085	-0.0332	0.6323	-0.0306	Myeloid cell
2701.65	1973.14	-0.0544	0.0138	-0.0057	0.9609	-0.0201	Myeloid cell
2696.65	1838.64	-0.0509	0.0128	-0.0057	0.9380	-0.0168	Myeloid cell
2696.65	1830.64	0.1678	0.0202	-0.0442	0.6230	-0.0380	Myeloid cell
2688.65	1960.14	-0.0314	0.0147	-0.0012	0.9238	-0.0107	Myeloid cell
2687.65	1968.14	-0.0309	0.0023	-0.0056	0.8120	-0.0183	Myeloid cell
2682.65	2005.14	-0.0299	-0.0005	-0.0158	0.7524	-0.0466	Myeloid cell
2679.65	1893.64	-0.0455	0.0132	-0.0039	0.9258	-0.0143	Myeloid cell
2679.65	1838.64	0.4771	0.0008	-0.0160	0.0866	0.0044	cDC2
2675.15	1845.64	-0.0397	0.0127	0.0040	0.8550	-0.0043	Myeloid cell
2662.65	1861.14	-0.0598	0.0071	-0.0111	0.9302	-0.0242	Myeloid cell
2660.65	1947.64	-0.0533	0.0134	-0.0046	0.9585	-0.0191	Myeloid cell
2657.65	2010.14	0.0076	0.0044	-0.0159	0.6030	-0.0025	Myeloid cell
2656.65	1816.14	-0.0561	0.0079	-0.0081	0.8901	-0.0188	Myeloid cell
2654.65	2100.6400000000003	-0.0399	0.0047	-0.0090	0.8691	-0.0218	Myeloid cell
2654.15	2061.6400000000003	-0.0531	0.0085	-0.0086	0.9404	-0.0193	Myeloid cell
2647.65	1942.64	0.5513	-0.0042	-0.0034	0.5078	0.0012	Double pos cDC2
2646.65	2100.1400000000003	-0.0463	0.0161	-0.0019	0.9653	-0.0130	Myeloid cell
2646.65	1949.14	0.8770	0.0195	-0.0192	0.9775	-0.0396	Double pos cDC2
2645.65	1867.14	-0.0243	-0.0024	-0.0189	0.6924	-0.0213	Myeloid cell
2635.65	2029.64	-0.0578	-0.0001	-0.0188	0.8711	-0.0203	Myeloid cell
2635.65	1777.64	-0.1118	-0.0377	-0.0101	0.6816	-0.0448	Myeloid cell
