9616.56	10101.52	-0.0484	-0.0210	0.6709	-0.0240	-0.0207	cDC1
9608.56	9833.52	-0.0589	0.0060	-0.0119	0.9067	-0.0261	Myeloid cell
9603.56	9792.02	-0.0568	0.0102	-0.0085	0.9365	-0.0211	Myeloid cell
9580.06	9779.52	-0.0417	0.0203	0.0014	0.9727	-0.0092	Myeloid cell
9565.56	10056.02	-0.0471	-0.0463	0.6353	-0.0488	-0.0360	cDC1
9540.56	9867.52	-0.0576	0.0054	-0.0122	0.9048	-0.0217	Myeloid cell
9519.06	10081.02	-0.0793	-0.0042	-0.0244	0.8945	-0.0401	Myeloid cell
9510.56	10155.02	0.0239	0.0230	-0.0046	0.8589	-0.0221	Myeloid cell
9510.56	10118.52	-0.0439	0.0207	0.0014	0.9761	-0.0122	Myeloid cell
9510.06	10094.52	-0.0159	0.0281	0.0009	0.6528	0.0109	Myeloid cell
9509.06	9991.02	-0.0643	-0.0007	-0.0160	0.8789	-0.0280	Myeloid cell
9503.06	10085.02	-0.0543	0.0071	-0.0112	0.9180	-0.0234	Myeloid cell
9498.06	10124.52	-0.0507	0.0129	-0.0052	0.9448	-0.0185	Myeloid cell
9494.56	10048.02	-0.0313	0.0093	-0.0097	0.6680	-0.0140	Myeloid cell
9470.56	9917.52	-0.0447	0.0163	-0.0024	0.9531	-0.0124	Myeloid cell
9435.06	10014.02	-0.0574	0.0052	-0.0123	0.9170	-0.0263	Myeloid cell
9432.06	10075.02	-0.0425	0.0018	-0.0107	0.7090	-0.0155	Myeloid cell
9422.56	9958.02	-0.0561	0.0105	-0.0072	0.9463	-0.0202	Myeloid cell
9417.56	10048.52	-0.0614	-0.0084	-0.0302	0.7549	-0.0196	Myeloid cell
9415.56	10093.02	-0.0493	0.0152	-0.0031	0.9561	-0.0163	Myeloid cell
9415.56	10040.52	-0.0460	0.0164	-0.0022	0.9536	-0.0145	Myeloid cell
9411.56	10014.52	-0.0645	0.0044	-0.0129	0.9229	-0.0291	Myeloid cell
9396.06	10143.52	-0.0488	0.0121	-0.0068	0.9453	-0.0206	Myeloid cell
9368.56	10121.52	-0.0474	0.0044	-0.0123	0.8384	-0.0152	Myeloid cell
9358.56	10079.52	-0.0431	0.0071	-0.0088	0.8774	-0.0180	Myeloid cell
9349.56	10120.52	-0.0499	0.0147	-0.0033	0.9482	-0.0181	Myeloid cell
9293.56	10134.02	-0.0614	0.0056	-0.0135	0.9014	-0.0244	Myeloid cell
9218.56	9861.52	0.0714	-0.0226	0.6240	0.0157	0.0059	cDC1
9182.56	10027.52	-0.0613	-0.0453	0.7827	-0.0403	-0.0353	cDC1
9612.56	10459.02	-0.0423	0.0101	-0.0078	0.9077	-0.0167	Myeloid cell
9611.56	10717.02	-0.0041	-0.0060	-0.0173	0.7734	-0.0302	Myeloid cell
9601.06	10366.52	-0.0658	0.0031	-0.0158	0.9146	-0.0352	Myeloid cell
9598.06	10808.02	-0.0390	0.0177	-0.0016	0.8857	-0.0116	Myeloid cell
9595.56	10207.52	-0.0496	0.0122	-0.0114	0.9429	-0.0229	Myeloid cell
9592.56	10203.02	-0.0299	-0.0097	-0.0168	0.6841	-0.0439	Myeloid cell
9563.06	10388.02	-0.0537	-0.0129	-0.0275	0.8120	-0.0318	Myeloid cell
9531.56	10240.52	-0.0016	-0.0113	-0.0305	0.7651	-0.0263	Myeloid cell
9521.56	10423.02	-0.0401	0.0197	0.0002	0.9995	-0.0150	Myeloid cell
9464.56	10332.02	-0.0543	0.0068	-0.0092	0.9199	-0.0244	Myeloid cell
9445.56	10238.52	-0.0759	-0.0096	-0.0243	0.8008	-0.0356	Myeloid cell
9437.56	10449.02	-0.0423	0.0166	-0.0003	0.9565	-0.0158	Myeloid cell
9436.06	10190.52	-0.0438	-0.0028	-0.0131	0.6299	-0.0173	Myeloid cell
9432.56	10177.02	-0.0616	0.0081	-0.0098	0.9497	-0.0287	Myeloid cell
9400.56	10223.52	-0.0573	-0.0066	-0.0095	0.7339	-0.0236	Myeloid cell
9391.56	10175.02	-0.0506	-0.0026	-0.0122	0.6860	-0.0176	Myeloid cell
9360.06	10340.52	-0.0453	0.0131	-0.0055	0.9399	-0.0149	Myeloid cell
9346.56	10750.52	-0.0199	-0.0164	0.4788	-0.0157	-0.0150	cDC1
9345.56	10168.02	-0.0660	0.0005	-0.0158	0.8491	-0.0269	Myeloid cell
9339.06	10215.52	-0.0544	0.0107	-0.0063	0.9409	-0.0194	Myeloid cell
9318.06	10399.02	-0.0551	-0.0042	-0.0137	0.7178	-0.0232	Myeloid cell
9314.56	10358.52	-0.0055	0.0178	0.0038	0.8965	-0.0059	Myeloid cell
9314.06	10190.52	-0.0593	0.0084	-0.0086	0.9253	-0.0237	Myeloid cell
9312.06	10216.52	-0.0495	0.0078	-0.0091	0.8950	-0.0188	Myeloid cell
9307.06	10361.02	-0.0490	0.0055	-0.0107	0.8789	-0.0200	Myeloid cell
9304.06	10234.52	-0.0605	0.0083	-0.0100	0.9253	-0.0237	Myeloid cell
9291.56	10409.02	-0.0514	0.0007	-0.0137	0.8359	-0.0219	Myeloid cell
9290.06	10170.02	-0.0170	0.0248	0.0075	0.7812	0.0013	Myeloid cell
9289.06	10285.02	-0.0288	-0.0103	-0.0233	0.8472	-0.0375	Myeloid cell
9280.06	10427.52	-0.0378	-0.0278	0.5518	-0.0236	-0.0261	cDC1
9280.06	10244.02	-0.0597	0.0059	-0.0109	0.9209	-0.0249	Myeloid cell
9278.06	10486.52	1.0146	-0.0074	-0.0193	0.0750	-0.0293	cDC2
9268.56	10173.02	-0.0405	0.0193	0.0004	0.9551	-0.0097	Myeloid cell
9266.06	10298.02	-0.0298	0.0148	-0.0087	0.6079	-0.0071	Myeloid cell
9236.56	10306.02	-0.0782	-0.0137	-0.0235	0.8237	-0.0418	Myeloid cell
9235.06	10311.02	-0.0605	0.0062	-0.0124	0.9038	-0.0299	Myeloid cell
9616.56	11310.52	0.5352	0.0057	-0.0020	0.1173	-0.0008	cDC2
9616.56	11162.02	-0.0668	-0.0034	-0.0206	0.8486	-0.0316	Myeloid cell
9616.56	11139.02	-0.0499	-0.0080	-0.0246	0.7871	-0.0275	Myeloid cell
9616.56	11076.02	-0.0596	0.0048	-0.0117	0.9072	-0.0261	Myeloid cell
9608.06	11287.52	-0.0467	0.0105	-0.0060	0.9185	-0.0176	Myeloid cell
9596.06	11180.02	-0.0527	0.0126	-0.0052	0.9316	-0.0175	Myeloid cell
9583.06	11419.02	-0.0485	0.0115	-0.0055	0.9233	-0.0155	Myeloid cell
9582.06	10858.52	-0.0404	0.0146	-0.0018	0.9233	-0.0122	Myeloid cell
9580.06	11311.02	1.0508	-0.0078	-0.0211	-0.0043	-0.0065	cDC2
9577.56	10930.02	0.0243	-0.0006	-0.0198	0.6870	-0.0236	Myeloid cell
9567.56	11060.52	-0.0550	0.0008	-0.0129	0.8120	-0.0243	Myeloid cell
9565.06	11003.52	-0.0280	-0.0079	-0.0241	0.8223	-0.0320	Myeloid cell
9556.06	11259.02	-0.0598	-0.0056	-0.0189	0.8267	-0.0270	Myeloid cell
9536.06	11319.52	-0.0024	-0.0117	-0.0267	0.8457	-0.0384	Myeloid cell
9509.56	10918.02	-0.0547	0.0095	-0.0090	0.9287	-0.0239	Myeloid cell
9480.56	11082.52	-0.0490	0.0138	-0.0043	0.9429	-0.0135	Myeloid cell
9446.06	11089.52	-0.0499	0.0159	-0.0028	0.9648	-0.0168	Myeloid cell
9407.06	10987.02	-0.0675	-0.0081	-0.0219	0.8101	-0.0363	Myeloid cell
9403.56	11076.02	-0.0559	0.0090	-0.0094	0.9233	-0.0218	Myeloid cell
9403.06	10981.52	-0.0559	0.0030	-0.0128	0.8569	-0.0228	Myeloid cell
9254.06	11301.02	-0.0538	0.0089	-0.0086	0.9165	-0.0220	Myeloid cell
9230.56	11403.52	-0.0388	0.0255	0.0010	0.9126	-0.0082	Myeloid cell
9186.06	11121.52	-0.0447	0.0118	-0.0058	0.9312	-0.0177	Myeloid cell
9181.06	11204.52	-0.0525	0.0157	-0.0027	0.9722	-0.0199	Myeloid cell
9181.06	11096.52	-0.0427	-0.0001	-0.0090	0.7432	-0.0209	Myeloid cell
9529.06	11558.02	-0.0379	0.0207	0.0010	0.9731	-0.0090	Myeloid cell
9485.56	11579.52	-0.0434	-0.0427	0.4705	-0.0429	-0.0378	cDC1
9453.56	11716.02	0.3765	-0.0161	-0.0117	-0.0153	0.5737	B cell
9437.56	11720.02	0.0701	0.0059	-0.0014	0.5195	0.0693	Myeloid cell
9431.06	11716.02	0.0098	-0.0152	-0.0222	0.7783	-0.0503	Myeloid cell
9411.06	11513.52	-0.1014	-0.0088	-0.0339	0.6265	-0.0556	Myeloid cell
9384.56	11695.02	-0.0359	-0.0024	0.0856	0.6777	-0.0309	Myeloid cell
10070.56	9481.02	0.7007	-0.0641	-0.0996	-0.0604	-0.0575	cDC2
10070.06	9474.52	-0.0776	-0.0153	-0.0226	0.0036	0.8379	B cell
10067.06	9480.52	0.7705	-0.0421	-0.0655	-0.0497	-0.0413	cDC2
10061.56	9470.52	0.0826	-0.1125	-0.1005	-0.1129	0.7925	B cell
10111.56	9547.52	-0.0493	0.0213	-0.0024	0.9902	-0.0181	Myeloid cell
10111.06	9859.02	-0.0112	0.0144	-0.0157	0.7261	-0.0165	Myeloid cell
10108.06	9749.52	-0.0643	-0.0196	-0.0406	0.6733	-0.0381	Myeloid cell
10103.06	9719.02	-0.0293	0.0190	-0.0037	0.7681	-0.0110	Myeloid cell
10093.56	9735.02	-0.0072	0.0193	-0.0073	0.5010	0.0008	Myeloid cell
10061.56	10130.02	-0.0090	0.0285	0.0028	0.7275	-0.0022	Myeloid cell
10057.06	9761.52	-0.0559	0.0066	-0.0097	0.9165	-0.0269	Myeloid cell
10045.06	9536.02	-0.0136	0.0119	-0.0069	0.5381	-0.0032	Myeloid cell
10042.56	9600.52	-0.0506	0.0062	-0.0103	0.8960	-0.0202	Myeloid cell
10024.56	9639.02	-0.0688	-0.0071	-0.0208	0.8257	-0.0313	Myeloid cell
10024.56	9548.02	-0.0611	0.0090	-0.0094	0.9429	-0.0243	Myeloid cell
10017.56	9641.02	-0.0453	0.0063	-0.0093	0.8872	-0.0172	Myeloid cell
9994.56	9944.52	-0.0496	0.0042	-0.0135	0.8682	-0.0210	Myeloid cell
9993.06	9658.52	-0.0338	0.0116	-0.0038	0.8003	-0.0111	Myeloid cell
9985.56	9734.02	-0.0206	0.0249	0.0014	0.7485	-0.0025	Myeloid cell
9982.56	10054.02	-0.0603	0.0033	-0.0130	0.8901	-0.0282	Myeloid cell
9975.56	9982.52	-0.0493	-0.0043	-0.0205	0.8535	-0.0290	Myeloid cell
9969.56	9667.02	-0.0572	0.0053	-0.0125	0.8970	-0.0255	Myeloid cell
9963.56	9776.52	-0.0574	0.0120	-0.0035	0.9775	-0.0256	Myeloid cell
9938.56	9635.02	-0.0524	0.0052	-0.0133	0.9019	-0.0232	Myeloid cell
9926.56	9820.52	-0.0071	0.0204	-0.0008	0.7524	-0.0101	Myeloid cell
9922.56	9801.52	-0.0511	0.0016	-0.0095	0.8496	-0.0185	Myeloid cell
9916.56	9929.52	-0.0489	0.0095	-0.0081	0.8999	-0.0158	Myeloid cell
9916.06	9631.02	-0.0449	0.0169	-0.0020	0.9541	-0.0161	Myeloid cell
9906.56	9666.02	-0.0544	0.0051	-0.0123	0.8691	-0.0204	Myeloid cell
9898.56	9728.52	-0.0508	0.0119	-0.0049	0.9316	-0.0183	Myeloid cell
9874.06	9958.52	-0.0219	0.0023	-0.0150	0.7437	-0.0191	Myeloid cell
9858.56	10110.02	-0.0429	0.0211	0.0017	1.0000	-0.0165	Myeloid cell
9858.56	9934.02	-0.0545	0.0094	-0.0073	0.9414	-0.0235	Myeloid cell
9836.56	9986.02	-0.0681	-0.0192	-0.0310	0.7661	-0.0294	Myeloid cell
9829.56	9791.02	-0.0468	0.0052	-0.0181	0.7876	-0.0190	Myeloid cell
9818.06	9789.52	-0.0837	0.0114	-0.0155	0.9424	-0.0237	Myeloid cell
9814.56	9904.52	-0.0412	0.0132	-0.0042	0.9126	-0.0144	Myeloid cell
9813.56	9797.52	-0.0752	-0.0101	-0.0282	0.7148	-0.0126	Myeloid cell
9807.56	9908.52	-0.0485	0.0037	-0.0126	0.8276	-0.0201	Myeloid cell
9807.06	9791.02	-0.0421	0.0143	-0.0036	0.9258	-0.0135	Myeloid cell
9804.56	9968.02	-0.0463	0.0074	-0.0090	0.8867	-0.0196	Myeloid cell
9801.06	9961.02	-0.0096	0.0142	-0.0171	0.7812	-0.0211	Myeloid cell
9799.06	9871.52	-0.0137	-0.0338	-0.0503	0.5620	-0.0512	Myeloid cell
9796.56	9707.52	-0.0573	0.0052	-0.0116	0.8892	-0.0256	Myeloid cell
9787.56	9943.52	-0.0327	-0.0008	-0.0155	0.5605	-0.0220	Myeloid cell
9786.06	9910.02	-0.0191	-0.0091	-0.0373	0.6094	-0.0252	Myeloid cell
9784.06	9948.52	0.0003	-0.0051	-0.0168	0.8369	-0.0201	Myeloid cell
9784.06	9936.02	-0.0285	0.8398	-0.0291	-0.0125	-0.0211	pDC
9777.56	9910.52	0.0264	0.0110	-0.0162	0.5884	-0.0158	Myeloid cell
9777.06	9932.02	-0.0835	-0.0251	-0.0452	0.7256	-0.0472	Myeloid cell
9775.56	9872.02	-0.0615	-0.0075	-0.0297	0.7114	-0.0301	Myeloid cell
9775.06	9802.02	-0.0512	0.0165	-0.0064	0.9800	-0.0209	Myeloid cell
9775.06	9663.02	-0.0590	-0.0043	-0.0191	0.8813	-0.0374	Myeloid cell
9774.06	9748.02	-0.0550	0.0105	-0.0071	0.9224	-0.0192	Myeloid cell
9770.06	9945.52	0.0317	0.0112	0.0055	0.5723	-0.0040	Myeloid cell
9770.06	9867.02	-0.0481	0.0065	-0.0086	0.8926	-0.0199	Myeloid cell
9768.56	10002.52	-0.0266	-0.0293	-0.0313	0.7729	-0.0436	Myeloid cell
9768.06	9801.52	-0.0626	-0.0079	-0.0220	0.7715	-0.0293	Myeloid cell
9767.06	9848.52	-0.0465	0.0045	-0.0133	0.8691	-0.0205	Myeloid cell
9763.56	9998.52	-0.0384	0.0103	-0.0033	0.8716	-0.0142	Myeloid cell
9763.06	10098.02	-0.0216	-0.0025	-0.0166	0.8389	-0.0245	Myeloid cell
9746.06	9923.52	-0.0634	-0.0079	-0.0204	0.8213	-0.0280	Myeloid cell
9738.06	9817.02	-0.0468	0.0115	-0.0061	0.9243	-0.0168	Myeloid cell
9736.06	9926.02	-0.0475	0.0112	-0.0073	0.8960	-0.0166	Myeloid cell
9732.06	9939.02	-0.0522	0.0146	-0.0041	0.9736	-0.0211	Myeloid cell
9731.56	10013.02	-0.0619	-0.0059	-0.0193	0.7510	-0.0331	Myeloid cell
9727.56	9870.52	-0.0495	0.0080	-0.0091	0.9038	-0.0184	Myeloid cell
9711.06	9893.52	-0.0417	0.0182	-0.0006	0.9502	-0.0124	Myeloid cell
9698.06	9833.02	-0.0511	0.0106	-0.0070	0.9204	-0.0178	Myeloid cell
9697.56	9851.02	-0.0550	0.0151	-0.0038	0.9604	-0.0172	Myeloid cell
9695.56	9782.52	-0.0502	0.0079	-0.0080	0.8730	-0.0169	Myeloid cell
9677.56	9804.52	-0.0526	0.0114	-0.0040	0.9419	-0.0201	Myeloid cell
9662.56	9774.02	-0.0449	0.0185	0.0009	0.9917	-0.0185	Myeloid cell
9658.56	9961.02	-0.0149	0.0313	0.0027	0.6475	0.0089	Myeloid cell
9630.56	9857.02	-0.0618	0.0079	-0.0097	0.9692	-0.0276	Myeloid cell
9629.06	10140.02	-0.0586	0.0017	0.0071	0.6958	-0.0359	Myeloid cell
9626.06	10122.52	-0.0529	0.0121	-0.0053	0.9448	-0.0208	Myeloid cell
10096.56	10659.52	-0.0644	-0.0014	-0.0174	0.8901	-0.0340	Myeloid cell
10095.06	10741.52	-0.0585	0.0130	-0.0059	0.9722	-0.0274	Myeloid cell
10093.56	10581.52	-0.0679	-0.0093	-0.0243	0.6719	-0.0299	Myeloid cell
10093.06	10808.02	-0.0451	0.0160	-0.0022	0.9370	-0.0120	Myeloid cell
10078.06	10581.02	-0.0751	-0.0042	-0.0248	0.8062	-0.0264	Myeloid cell
10053.56	10654.02	-0.0474	0.0098	-0.0056	0.8940	-0.0171	Myeloid cell
9983.56	10229.02	-0.0473	0.0083	-0.0104	0.9570	-0.0231	Myeloid cell
9959.56	10566.52	-0.0161	0.0206	-0.0083	0.5244	-0.0017	Myeloid cell
9948.06	10368.02	0.0402	0.0595	0.2402	0.1794	0.0352	Other cell
9943.56	10661.52	-0.0471	0.0096	-0.0069	0.8296	-0.0188	Myeloid cell
9943.06	10354.02	-0.0338	0.0048	-0.0082	0.8784	-0.0121	Myeloid cell
9930.06	10763.52	-0.0177	-0.0122	-0.0384	0.7690	-0.0472	Myeloid cell
9914.06	10585.52	-0.0449	0.0183	-0.0026	0.9673	-0.0173	Myeloid cell
9912.56	10158.52	-0.0600	0.0041	-0.0126	0.8740	-0.0231	Myeloid cell
9902.06	10259.02	-0.0408	0.0098	-0.0119	0.7910	-0.0145	Myeloid cell
9897.56	10308.52	-0.0251	0.0034	-0.0167	0.6436	-0.0139	Myeloid cell
9856.56	10387.02	-0.0098	-0.0150	-0.0254	0.6460	-0.0255	Myeloid cell
9842.06	10341.52	0.0348	-0.0001	-0.0137	0.6812	-0.0207	Myeloid cell
9722.56	10315.52	-0.0305	-0.0099	-0.0245	0.7344	-0.0397	Myeloid cell
9718.56	10404.52	-0.0435	-0.0287	-0.0594	0.6812	-0.0578	Myeloid cell
9679.56	10377.52	-0.0623	0.0092	-0.0066	0.9531	-0.0312	Myeloid cell
9668.06	10318.02	-0.0602	0.0004	-0.0179	0.8511	-0.0217	Myeloid cell
9663.06	10312.02	-0.0535	0.0047	-0.0119	0.8594	-0.0212	Myeloid cell
9642.56	10640.02	-0.0378	0.0231	-0.0015	0.9814	-0.0150	Myeloid cell
9619.06	10348.52	-0.0496	-0.0046	-0.0222	0.7627	-0.0273	Myeloid cell
10050.06	10929.52	-0.0607	0.0009	-0.0139	0.8296	-0.0203	Myeloid cell
10048.56	10934.52	-0.0175	-0.0629	-0.0631	0.6816	-0.0825	Myeloid cell
10031.56	10979.52	-0.0699	-0.0078	-0.0250	0.8115	-0.0340	Myeloid cell
10020.06	10891.02	0.0121	0.0254	-0.0115	0.9429	-0.0202	Myeloid cell
9993.56	10860.02	0.6299	-0.0285	-0.0272	0.2032	-0.0320	cDC2
9947.06	11115.02	-0.0710	-0.0239	-0.0287	0.7861	-0.0368	Myeloid cell
9941.06	11256.02	-0.0557	0.0039	-0.0134	0.8823	-0.0219	Myeloid cell
9914.56	11339.02	-0.0630	0.0040	-0.0123	0.9077	-0.0271	Myeloid cell
9880.06	11254.52	-0.0280	0.0060	-0.0232	0.6006	-0.0138	Myeloid cell
9855.06	11008.02	-0.0192	0.0068	-0.0052	0.9214	-0.0221	Myeloid cell
9836.06	11016.02	-0.0456	0.0063	-0.0105	0.9004	-0.0216	Myeloid cell
9832.56	11134.52	-0.0468	0.0130	-0.0083	0.9365	-0.0228	Myeloid cell
9827.06	11146.02	-0.0555	0.0062	-0.0178	0.8164	-0.0201	Myeloid cell
9789.56	11248.52	-0.0481	0.0103	-0.0074	0.9443	-0.0223	Myeloid cell
9784.56	11395.02	-0.0556	-0.0015	-0.0160	0.7993	-0.0239	Myeloid cell
9778.56	11467.02	0.0834	-0.0256	-0.0373	0.6318	-0.0555	Myeloid cell
9764.56	11118.52	-0.0573	0.0081	-0.0098	0.9136	-0.0285	Myeloid cell
9759.56	11440.02	-0.0155	-0.0132	-0.0242	0.7241	0.0079	Myeloid cell
9749.06	11407.02	-0.0394	0.0061	-0.0114	0.8745	-0.0087	Myeloid cell
9744.06	11191.52	-0.0579	0.0058	-0.0124	0.9009	-0.0257	Myeloid cell
9737.56	11116.02	-0.0655	0.0025	-0.0143	0.9053	-0.0280	Myeloid cell
9703.06	11149.52	-0.0585	0.0104	-0.0063	0.9014	-0.0186	Myeloid cell
9697.56	11180.52	-0.0516	0.0078	-0.0066	0.8813	-0.0186	Myeloid cell
9692.06	11096.52	0.1997	0.0138	-0.0600	0.7412	-0.0546	Myeloid cell
9689.56	11228.52	-0.0415	0.0101	-0.0052	0.9502	-0.0231	Myeloid cell
9674.56	11001.52	-0.0586	0.0106	-0.0056	0.9346	-0.0268	Myeloid cell
9663.56	11330.52	-0.0508	-0.0264	-0.0527	0.6162	-0.0482	Myeloid cell
9662.56	11257.02	-0.0375	0.0165	0.0012	0.9331	-0.0107	Myeloid cell
9655.06	11329.52	-0.0410	0.0123	-0.0030	0.9414	-0.0145	Myeloid cell
9631.56	11099.02	-0.0439	0.0054	-0.0030	0.8877	-0.0109	Myeloid cell
9622.56	11138.52	-0.0446	0.0103	-0.0073	0.8931	-0.0161	Myeloid cell
9619.06	11161.02	-0.0529	0.0126	-0.0050	0.9424	-0.0181	Myeloid cell
9619.06	11080.02	-0.0375	0.0205	0.0023	0.7349	-0.0263	Myeloid cell
10044.56	11654.52	-0.0506	-0.0278	0.9248	-0.0148	-0.0312	cDC1
9996.06	11775.52	0.9370	-0.0071	-0.0219	0.0088	-0.0352	cDC2
9870.56	11685.02	0.5854	0.0053	-0.0114	0.0629	-0.0303	cDC2
9839.06	11507.52	0.0648	-0.0040	-0.0199	0.7124	-0.0381	Myeloid cell
9753.56	11574.52	-0.0704	0.0088	-0.0144	0.9165	-0.0234	Myeloid cell
9751.06	11541.52	0.1598	-0.0117	-0.0245	0.6992	-0.0253	Myeloid cell
9717.06	11639.52	-0.0297	0.0066	-0.0006	0.8452	-0.0131	Myeloid cell
9707.06	11612.02	-0.0883	0.0074	-0.0084	0.5947	0.0209	Myeloid cell
9702.56	11601.52	-0.0060	0.0210	0.0019	0.5229	0.0046	Myeloid cell
9699.56	11618.52	-0.0314	0.0043	-0.0051	0.8145	-0.0101	Myeloid cell
9665.06	11662.52	-0.0762	-0.0234	-0.0255	0.7329	0.0050	Myeloid cell
10586.56	9423.52	-0.0502	0.0171	-0.0036	0.9619	-0.0163	Myeloid cell
10555.56	9479.02	-0.0218	-0.0186	-0.0333	0.5425	-0.0342	Myeloid cell
10542.56	9454.02	-0.0004	0.0021	-0.0096	0.0219	0.8042	B cell
10513.06	9416.52	-0.0704	-0.0455	-0.0619	0.5908	-0.0544	Myeloid cell
10510.06	9429.52	-0.0230	-0.0146	-0.0245	-0.0099	0.6372	B cell
10510.06	9424.52	-0.0668	-0.0252	-0.0323	-0.0174	0.6982	B cell
10487.06	9410.02	-0.0517	0.0019	-0.0136	0.8726	-0.0155	Myeloid cell
10485.06	9457.02	0.2656	-0.0033	-0.0295	0.6372	0.0280	Myeloid cell
10466.56	9425.52	-0.0413	0.0105	-0.0040	0.8765	-0.0138	Myeloid cell
10424.56	9479.02	-0.0396	0.0048	-0.0123	0.8169	-0.0194	Myeloid cell
10616.56	9764.02	-0.0605	0.0010	-0.0162	0.8594	-0.0220	Myeloid cell
10616.56	9681.02	-0.0581	-0.0074	-0.0211	0.8481	-0.0317	Myeloid cell
10616.56	9657.52	-0.0160	-0.0071	-0.0249	0.7114	-0.0226	Myeloid cell
10598.56	9833.02	-0.0372	0.0208	0.0013	0.8750	-0.0123	Myeloid cell
10582.06	10133.02	-0.0623	-0.0134	-0.0050	0.8145	-0.0405	Myeloid cell
10578.56	9489.52	-0.0388	0.0217	-0.0051	0.9443	-0.0177	Myeloid cell
10572.06	10071.02	0.9238	-0.0122	-0.0234	-0.0069	-0.0258	cDC2
10568.06	9707.52	-0.0413	0.0095	-0.0075	0.9043	-0.0157	Myeloid cell
10564.56	9672.02	-0.0462	0.0130	-0.0042	0.9409	-0.0179	Myeloid cell
10563.56	9975.52	-0.0606	-0.0114	-0.0345	0.6099	-0.0278	Myeloid cell
10559.06	9869.52	-0.0462	0.0193	-0.0026	0.9561	-0.0164	Myeloid cell
10559.06	9699.02	-0.0463	0.0151	-0.0034	0.9482	-0.0154	Myeloid cell
10558.06	10042.02	-0.0601	0.0097	-0.0084	0.9595	-0.0316	Myeloid cell
10550.06	10094.52	0.0268	0.0017	-0.0072	0.6743	-0.0201	Myeloid cell
10548.06	10045.02	0.0388	-0.0390	-0.0626	0.7036	-0.0648	Myeloid cell
10544.56	9520.52	-0.0520	0.0124	-0.0088	0.8535	-0.0165	Myeloid cell
10543.56	9652.52	-0.0218	0.0261	0.0080	0.9697	-0.0075	Myeloid cell
10531.56	9673.52	-0.0652	0.0041	-0.0144	0.9155	-0.0286	Myeloid cell
10529.06	10014.52	-0.0122	-0.0009	-0.0188	0.8652	-0.0363	Myeloid cell
10511.06	9995.52	-0.0443	0.0175	0.0019	0.9971	-0.0213	Myeloid cell
10509.56	9530.52	-0.0665	-0.0042	-0.0211	0.8501	-0.0317	Myeloid cell
10498.56	9975.52	-0.0819	-0.0265	-0.0401	0.6934	-0.0436	Myeloid cell
10492.06	9614.02	-0.0607	0.0010	-0.0154	0.9077	-0.0289	Myeloid cell
10473.56	9892.02	-0.0608	0.0069	-0.0115	0.9253	-0.0253	Myeloid cell
10473.56	9499.52	-0.0439	0.0093	-0.0096	0.8989	-0.0179	Myeloid cell
10473.06	10155.02	-0.0463	0.0136	-0.0027	0.9170	-0.0183	Myeloid cell
10457.56	9996.52	-0.0524	0.0071	-0.0107	0.9111	-0.0250	Myeloid cell
10450.56	10124.02	-0.0528	0.0119	-0.0049	0.9604	-0.0237	Myeloid cell
10444.06	9977.52	0.0144	0.0116	-0.0110	0.9038	-0.0237	Myeloid cell
10434.56	10100.02	-0.0198	0.0166	-0.0089	0.9697	-0.0267	Myeloid cell
10434.06	9875.52	-0.0508	0.0142	-0.0044	0.9565	-0.0212	Myeloid cell
10433.56	9936.02	-0.0657	-0.0028	-0.0262	0.7812	-0.0278	Myeloid cell
10432.06	10043.02	-0.0493	0.0146	-0.0056	0.9517	-0.0196	Myeloid cell
10431.56	10080.52	-0.0504	0.0152	-0.0044	0.9565	-0.0209	Myeloid cell
10426.06	10155.02	-0.0419	-0.0074	-0.0180	0.8418	-0.0225	Myeloid cell
10424.56	9937.02	-0.0536	0.0007	-0.0169	0.8618	-0.0080	Myeloid cell
10423.06	9646.52	-0.0138	-0.0303	-0.0607	0.7119	-0.0575	Myeloid cell
10419.06	10067.02	0.0254	-0.0092	-0.0241	0.8467	-0.0394	Myeloid cell
10410.06	10129.02	-0.0495	0.0196	-0.0032	0.9941	-0.0234	Myeloid cell
10382.56	10097.52	-0.0465	0.0135	-0.0046	0.9663	-0.0198	Myeloid cell
10381.56	10147.02	-0.0503	0.0116	-0.0054	0.9336	-0.0225	Myeloid cell
10372.06	9749.52	-0.0401	-0.0097	-0.0205	0.6646	-0.0296	Myeloid cell
10367.56	9604.02	-0.0695	-0.0146	-0.0329	0.7271	-0.0290	Myeloid cell
10365.56	9595.02	-0.0532	0.0104	-0.0082	0.9067	-0.0170	Myeloid cell
10362.06	9566.02	-0.0597	0.0338	0.0023	1.0518	-0.0153	Myeloid cell
10358.06	9610.52	-0.0574	0.0051	-0.0133	0.8984	-0.0248	Myeloid cell
10357.56	9814.52	-0.0059	-0.0073	-0.0408	0.7598	-0.0369	Myeloid cell
10347.56	9593.02	-0.0502	0.0185	-0.0004	1.0059	-0.0233	Myeloid cell
10346.56	10062.52	-0.0569	0.0035	-0.0129	0.8936	-0.0251	Myeloid cell
10338.06	9522.52	-0.0481	0.0172	-0.0017	0.9722	-0.0131	Myeloid cell
10318.56	9651.02	-0.1144	-0.0503	-0.0633	0.6982	-0.0676	Myeloid cell
10306.06	9509.02	-0.0448	0.0143	-0.0031	0.9360	-0.0127	Myeloid cell
10302.06	9755.02	-0.0553	0.0133	-0.0045	0.9478	-0.0227	Myeloid cell
10287.06	9982.52	-0.0509	0.0102	-0.0081	0.9160	-0.0201	Myeloid cell
10230.56	9839.02	-0.0543	0.0045	-0.0115	0.8916	-0.0227	Myeloid cell
10209.56	9578.02	-0.0567	0.0026	-0.0179	0.8882	-0.0292	Myeloid cell
10173.06	9564.52	-0.0281	0.0115	-0.0031	0.9209	-0.0126	Myeloid cell
10166.56	9723.52	-0.0603	0.0006	-0.0162	0.8364	-0.0244	Myeloid cell
10157.56	9653.52	-0.0571	0.0060	-0.0106	0.8936	-0.0228	Myeloid cell
10153.06	9720.02	-0.0441	0.0095	-0.0050	0.8584	-0.0162	Myeloid cell
10119.06	9551.52	0.0122	0.0086	-0.0032	0.0359	0.3447	Other cell
10605.56	10334.52	-0.0463	0.0146	-0.0116	0.9180	-0.0225	Myeloid cell
10594.06	10257.02	-0.0345	-0.0107	-0.0238	0.7856	-0.0327	Myeloid cell
10589.56	10270.52	-0.0221	0.0124	-0.0129	0.9800	-0.0181	Myeloid cell
10580.56	10240.52	-0.0696	-0.0195	-0.0326	0.7896	-0.0435	Myeloid cell
10572.56	10183.52	-0.0536	0.0154	-0.0051	0.9648	-0.0204	Myeloid cell
10560.06	10254.02	-0.0555	0.0087	-0.0089	0.9492	-0.0259	Myeloid cell
10512.06	10170.52	0.0259	0.0190	-0.0134	0.5977	-0.0082	Myeloid cell
10505.56	10331.52	-0.0598	0.0068	-0.0101	0.9277	-0.0307	Myeloid cell
10504.06	10631.52	-0.0461	0.0118	-0.0040	0.9185	-0.0171	Myeloid cell
10484.06	10332.52	-0.0569	0.0082	-0.0094	0.9092	-0.0312	Myeloid cell
10481.56	10665.02	-0.0945	-0.0325	-0.0493	0.6685	-0.0420	Myeloid cell
10479.06	10387.02	0.0566	-0.0425	-0.0320	0.6948	-0.0743	Myeloid cell
10478.06	10186.52	-0.0492	0.0007	-0.0129	0.8413	-0.0207	Myeloid cell
10463.06	10382.52	-0.0529	0.0112	-0.0062	0.9478	-0.0227	Myeloid cell
10460.06	10366.02	-0.0531	0.0127	-0.0035	0.9604	-0.0226	Myeloid cell
10456.56	10165.52	-0.0686	0.0333	-0.0050	1.0439	-0.0205	Myeloid cell
10455.56	10229.52	-0.0248	0.0240	-0.0060	0.9917	-0.0211	Myeloid cell
10449.06	10326.52	-0.0488	0.0139	-0.0053	0.9390	-0.0187	Myeloid cell
10442.56	10416.02	-0.0394	0.0165	-0.0119	0.8232	-0.0216	Myeloid cell
10437.06	10671.02	-0.0559	0.0136	-0.0049	0.9736	-0.0277	Myeloid cell
10427.56	10158.52	-0.0505	0.0054	-0.0130	0.8877	-0.0207	Myeloid cell
10426.06	10586.02	-0.0241	-0.0054	-0.0200	0.8506	-0.0322	Myeloid cell
10417.06	10263.52	-0.0710	-0.0082	-0.0212	0.8311	-0.0326	Myeloid cell
10414.06	10249.02	-0.0502	0.0150	-0.0034	0.9551	-0.0204	Myeloid cell
10414.06	10173.02	0.0127	0.0001	-0.0168	0.5259	-0.0107	Myeloid cell
10403.56	10504.52	-0.0228	-0.0082	-0.0327	0.6211	-0.0230	Myeloid cell
10401.56	10461.02	0.0742	0.0113	-0.0428	0.6665	-0.0520	Myeloid cell
10394.56	10358.52	-0.0490	0.0165	-0.0053	0.9658	-0.0195	Myeloid cell
10390.56	10593.52	0.8818	-0.0150	-0.0340	0.3943	-0.0363	cDC2
10380.06	10304.52	-0.0616	0.0079	-0.0110	0.9312	-0.0272	Myeloid cell
10367.56	10702.52	-0.0355	-0.0016	-0.0140	0.8188	-0.0262	Myeloid cell
10366.56	10217.02	-0.0511	0.0191	-0.0110	0.6934	-0.0036	Myeloid cell
10364.56	10278.02	0.0135	0.0024	-0.0288	0.7549	-0.0342	Myeloid cell
10364.06	10594.02	-0.0601	-0.0337	-0.0371	0.7563	-0.0422	Myeloid cell
10346.06	10310.02	-0.0048	-0.0040	-0.0166	0.8975	-0.0330	Myeloid cell
10343.56	10260.52	-0.0274	0.0054	-0.0079	0.6450	-0.0123	Myeloid cell
10272.06	10694.02	-0.0412	0.0089	-0.0080	0.7847	-0.0134	Myeloid cell
10266.56	10799.02	-0.0489	0.0271	0.0025	1.0410	-0.0181	Myeloid cell
10266.06	10730.02	-0.0060	0.0303	0.0010	0.6157	0.0044	Myeloid cell
10264.56	10686.02	-0.0605	0.0072	-0.0103	0.9199	-0.0285	Myeloid cell
10260.06	10793.02	-0.0606	-0.0080	-0.0175	0.6758	-0.0273	Myeloid cell
10236.56	10254.02	-0.0234	0.0023	-0.0122	0.8257	-0.0197	Myeloid cell
10233.56	10715.02	-0.0487	0.0117	-0.0038	0.9067	-0.0156	Myeloid cell
10229.06	10260.02	-0.0485	0.0085	-0.0109	0.9097	-0.0196	Myeloid cell
10201.56	10266.52	-0.0538	0.0002	-0.0121	0.8359	-0.0210	Myeloid cell
10198.56	10760.02	-0.0284	0.0133	-0.0085	0.7119	-0.0131	Myeloid cell
10192.56	10734.52	-0.0573	-0.0064	-0.0224	0.8013	-0.0296	Myeloid cell
10172.06	10755.02	-0.0481	0.0074	-0.0088	0.8892	-0.0174	Myeloid cell
10167.06	10593.52	-0.0479	0.0061	-0.0085	0.9097	-0.0216	Myeloid cell
10133.06	10587.52	-0.0575	0.0080	-0.0088	0.9316	-0.0274	Myeloid cell
10128.56	10737.52	-0.0558	0.0023	-0.0114	0.8618	-0.0229	Myeloid cell
10612.06	11418.52	-0.0394	0.0021	-0.0062	0.6577	-0.0147	Myeloid cell
10554.56	11273.02	-0.0985	-0.0856	0.5488	-0.0847	-0.0750	cDC1
10536.06	11417.52	-0.0546	0.0089	-0.0068	0.9185	-0.0221	Myeloid cell
10476.56	10831.02	-0.1163	-0.0201	-0.0188	0.7256	-0.0177	Myeloid cell
10329.06	10896.52	-0.0467	0.0108	-0.0008	0.9141	-0.0163	Myeloid cell
10322.56	11336.02	-0.0385	-0.0032	-0.0298	0.8613	-0.0191	Myeloid cell
10312.56	11461.02	-0.0586	0.0081	-0.0080	0.9395	-0.0262	Myeloid cell
10294.56	11477.52	0.0522	-0.0376	-0.0247	0.8096	-0.0508	Myeloid cell
10268.56	10857.52	-0.0449	0.0059	-0.0065	0.8223	-0.0126	Myeloid cell
10135.06	11181.52	-0.0537	0.7856	-0.0485	-0.0326	-0.0427	pDC
10134.06	10859.02	-0.0734	0.0261	-0.0134	0.6562	-0.0142	Myeloid cell
10121.56	10854.52	0.0120	0.0146	-0.0118	0.7842	-0.0223	Myeloid cell
10613.06	11825.02	0.8521	-0.0312	-0.0416	0.0464	-0.0491	cDC2
10596.56	12072.52	0.8467	-0.0215	-0.0337	0.0520	-0.0359	cDC2
10583.06	12081.02	0.6177	-0.0034	-0.0130	0.0692	0.0397	cDC2
10581.06	11811.52	0.7539	-0.0030	0.0392	0.1808	-0.0263	cDC2
10579.56	12120.02	0.6543	-0.0182	-0.0266	0.0186	-0.0169	cDC2
10544.06	12115.52	0.7515	-0.0070	-0.0315	0.6123	-0.0449	Double pos cDC2
10525.56	12109.02	0.8267	-0.0338	-0.0369	0.1251	-0.0557	cDC2
10524.06	12146.52	0.7388	-0.0271	-0.0280	0.0428	0.0482	cDC2
10517.56	12150.52	0.6328	-0.0147	-0.0380	0.5156	-0.0296	Double pos cDC2
10514.06	11836.02	0.8135	-0.0258	-0.0287	0.1396	-0.0453	cDC2
10510.56	11797.52	-0.0652	-0.0234	0.0559	0.5928	-0.0179	Myeloid cell
10504.56	12152.52	0.5566	-0.0362	-0.0437	0.2415	-0.0388	cDC2
10501.56	12071.02	0.7505	-0.0321	-0.0287	0.1774	-0.0496	cDC2
10485.56	11837.52	0.9380	-0.0097	-0.0269	0.0688	-0.0353	cDC2
10481.56	11774.02	-0.0600	-0.0063	-0.0085	0.6914	-0.0284	Myeloid cell
10481.06	12094.02	-0.0233	0.0102	-0.0076	0.6895	-0.0049	Myeloid cell
10478.56	11763.52	0.6216	-0.0139	-0.0044	0.2488	-0.0439	cDC2
10471.56	11771.02	-0.0419	0.0071	-0.0022	0.8394	-0.0149	Myeloid cell
10448.06	11764.52	-0.0211	0.0073	-0.0042	0.8618	-0.0138	Myeloid cell
10442.56	11762.52	-0.0134	-0.0217	-0.0510	0.6172	-0.0561	Myeloid cell
10436.56	11830.52	-0.0268	0.5024	-0.0392	-0.0235	-0.0350	pDC
10402.56	11528.52	0.3374	-0.0132	-0.0583	0.7158	-0.0644	Myeloid cell
10396.56	11527.02	-0.0476	0.0099	-0.0072	0.9087	-0.0160	Myeloid cell
10385.06	11805.02	0.0016	-0.0101	0.0188	0.6460	-0.0546	Myeloid cell
10376.06	11496.52	0.9590	-0.0102	-0.0334	0.0771	-0.0428	cDC2
10370.56	11500.02	0.5913	-0.0201	-0.0229	0.0852	-0.0364	cDC2
10355.06	11749.02	0.6904	-0.0177	-0.0182	0.3140	-0.0508	cDC2
10333.06	11835.02	-0.0387	0.0168	0.0029	0.9048	-0.0091	Myeloid cell
10332.06	11775.52	-0.0636	0.0012	-0.0154	0.8828	-0.0279	Myeloid cell
10318.06	11954.52	-0.0514	0.0094	-0.0074	0.9102	-0.0218	Myeloid cell
10310.06	11766.52	0.4028	0.1589	-0.0008	0.0368	-0.0104	cDC2
10302.56	11766.52	0.7231	-0.0042	-0.0282	-0.0131	-0.0227	cDC2
10298.06	11778.02	-0.0766	-0.0229	-0.0326	0.7988	-0.0457	Myeloid cell
10293.56	12008.02	-0.0626	0.7109	-0.0617	-0.0423	-0.0597	pDC
10290.56	11767.02	-0.0339	0.5845	-0.0233	0.0130	-0.0275	pDC
10285.56	11526.02	0.5635	-0.0359	-0.0387	0.1199	-0.0424	cDC2
10257.06	11496.52	-0.0638	0.0085	-0.0106	0.9614	-0.0285	Myeloid cell
10251.06	11758.52	0.7417	-0.0188	-0.0238	0.0715	-0.0454	cDC2
10247.06	11754.52	0.8027	-0.0171	-0.0247	0.0699	-0.0547	cDC2
10243.56	11666.02	-0.0681	-0.0014	-0.0182	0.8774	-0.0324	Myeloid cell
10241.56	11526.02	-0.0215	-0.0359	-0.0245	0.8037	-0.0427	Myeloid cell
10239.56	11531.02	-0.0281	-0.0096	-0.0137	0.8521	-0.0374	Myeloid cell
10229.06	11691.52	-0.0743	-0.0176	-0.0464	0.5840	-0.0501	Myeloid cell
10191.06	11676.52	0.1232	0.5430	-0.0392	-0.0466	-0.0374	pDC
10173.06	12145.02	0.2095	0.0173	0.0023	0.8228	-0.0090	Myeloid cell
10160.06	12135.52	0.1263	0.0158	-0.0097	0.5845	-0.0077	Myeloid cell
10156.06	11506.02	-0.0652	-0.0094	-0.0158	0.8467	-0.0299	Myeloid cell
10154.06	12021.52	-0.0281	-0.0122	-0.0469	0.6060	-0.0528	Myeloid cell
10147.56	12145.52	0.2937	0.0101	-0.0193	0.7119	-0.0278	Myeloid cell
11030.56	9476.52	-0.0506	0.0128	-0.0041	0.9556	-0.0202	Myeloid cell
10854.06	9392.52	-0.0587	0.0101	-0.0097	0.9419	-0.0224	Myeloid cell
10764.06	9382.52	-0.0454	0.0050	-0.0137	0.8813	-0.0229	Myeloid cell
10758.56	9408.02	-0.0585	0.0038	-0.0167	0.8999	-0.0256	Myeloid cell
10738.56	9470.52	-0.0322	-0.0038	-0.0176	0.8223	-0.0235	Myeloid cell
10737.06	9461.52	-0.0515	0.0144	-0.0060	0.9536	-0.0211	Myeloid cell
10736.06	9406.52	-0.0372	0.0216	-0.0095	0.9717	-0.0226	Myeloid cell
10731.06	9399.02	-0.0681	-0.0047	-0.0234	0.8652	-0.0329	Myeloid cell
10704.06	9452.02	-0.0562	0.0129	-0.0068	0.9395	-0.0198	Myeloid cell
10682.56	9479.02	-0.0536	0.0106	-0.0112	0.9180	-0.0226	Myeloid cell
10650.06	9394.52	0.0208	-0.0344	0.7319	-0.0195	-0.0357	cDC1
10625.06	9417.02	-0.0528	0.0159	-0.0080	0.9790	-0.0190	Myeloid cell
11116.56	10015.52	-0.0647	0.0062	-0.0093	0.8975	-0.0179	Myeloid cell
11112.56	9855.52	-0.0519	0.0058	-0.0097	0.8950	-0.0226	Myeloid cell
11059.56	9707.52	-0.0176	-0.0176	-0.0334	0.7529	-0.0424	Myeloid cell
11058.06	9890.02	-0.0545	0.0121	-0.0063	0.9243	-0.0168	Myeloid cell
11057.06	9504.02	-0.0479	0.0147	-0.0033	0.9771	-0.0222	Myeloid cell
11049.56	9539.02	-0.0421	-0.0163	-0.0219	0.6709	-0.0250	Myeloid cell
11032.06	9801.52	-0.0466	0.0176	-0.0015	0.9683	-0.0130	Myeloid cell
11020.06	9856.02	-0.0159	0.0019	-0.0117	0.9028	-0.0275	Myeloid cell
10867.06	9732.52	-0.0461	0.0139	-0.0040	0.9473	-0.0187	Myeloid cell
10866.06	9512.52	-0.0477	0.0110	-0.0079	0.9053	-0.0165	Myeloid cell
10863.06	9668.02	-0.0509	0.0039	-0.0121	0.8740	-0.0184	Myeloid cell
10802.56	9507.02	-0.0506	0.0156	-0.0036	0.9546	-0.0179	Myeloid cell
10790.56	9693.02	-0.0723	-0.0047	-0.0199	0.8823	-0.0406	Myeloid cell
10765.06	9602.02	-0.0717	-0.0118	-0.0256	0.8076	-0.0382	Myeloid cell
10751.06	9609.52	-0.0689	0.0111	-0.0142	0.9658	-0.0315	Myeloid cell
10741.06	9521.02	-0.0370	0.0133	-0.0016	0.9219	-0.0128	Myeloid cell
10737.56	9706.02	0.0835	-0.0093	-0.0126	0.7471	-0.0367	Myeloid cell
10730.56	9571.52	-0.0153	-0.0073	-0.0185	0.8105	-0.0197	Myeloid cell
10726.56	9515.52	-0.0576	0.0055	-0.0124	0.8936	-0.0246	Myeloid cell
10717.06	9765.52	-0.0621	0.0037	-0.0115	0.9126	-0.0278	Myeloid cell
10698.56	9612.02	-0.0518	0.0014	-0.0146	0.8232	-0.0226	Myeloid cell
10697.56	9642.02	-0.0451	0.0083	-0.0086	0.8970	-0.0190	Myeloid cell
10696.06	9707.02	-0.0193	0.0019	-0.0155	0.8647	-0.0243	Myeloid cell
10696.06	9675.02	-0.0565	-0.0107	-0.0221	0.8301	-0.0246	Myeloid cell
10693.06	9509.02	-0.0665	0.0025	-0.0154	0.9116	-0.0315	Myeloid cell
10691.06	9692.02	-0.0403	0.0027	-0.0127	0.7900	-0.0184	Myeloid cell
10684.56	9659.02	-0.0389	0.0294	0.0019	0.9985	-0.0110	Myeloid cell
10682.06	9880.52	-0.0524	0.0129	-0.0054	0.9517	-0.0201	Myeloid cell
10681.56	9888.52	0.0014	-0.0018	-0.0206	0.7090	-0.0060	Myeloid cell
10680.06	9867.52	-0.0457	0.0078	-0.0094	0.9233	-0.0298	Myeloid cell
10680.06	9745.02	-0.0606	0.0009	-0.0149	0.8574	-0.0249	Myeloid cell
10676.56	9668.52	-0.0815	-0.0072	-0.0116	0.7524	0.0074	Myeloid cell
10657.06	9510.52	-0.0527	0.0008	-0.0137	0.8472	-0.0210	Myeloid cell
10651.56	9735.52	-0.0602	0.0015	-0.0145	0.8418	-0.0230	Myeloid cell
10648.06	9643.52	-0.0520	0.0130	-0.0070	0.9482	-0.0198	Myeloid cell
10646.06	10035.52	-0.0480	0.0133	-0.0034	0.9546	-0.0190	Myeloid cell
10643.06	9575.02	-0.0457	0.0202	0.0002	0.9985	-0.0141	Myeloid cell
10640.56	9954.52	0.0352	-0.0091	-0.0315	0.5732	-0.0237	Myeloid cell
10639.56	9611.02	-0.0465	0.0166	-0.0022	0.9751	-0.0194	Myeloid cell
10630.06	10113.52	-0.0516	0.0109	-0.0067	0.9326	-0.0214	Myeloid cell
10623.06	9678.52	-0.0792	-0.0176	-0.0340	0.7812	-0.0485	Myeloid cell
10619.06	9764.02	-0.0637	0.0061	-0.0143	0.9087	-0.0300	Myeloid cell
10619.06	9658.52	-0.0499	0.0116	-0.0046	0.9380	-0.0203	Myeloid cell
11003.56	10448.02	0.6040	0.0139	-0.0088	0.0710	-0.0441	cDC2
10983.06	10279.02	-0.0707	-0.0085	-0.0240	0.6768	-0.0148	Myeloid cell
10888.06	10211.02	-0.0433	-0.0012	-0.0251	0.6509	-0.0144	Myeloid cell
10877.56	10386.02	-0.0533	-0.0170	-0.0341	0.7407	-0.0467	Myeloid cell
10876.56	10408.02	-0.0005	-0.0102	-0.0273	0.7695	-0.0373	Myeloid cell
10868.06	10287.02	-0.0472	0.0215	0.0029	1.0254	-0.0198	Myeloid cell
10861.06	10429.52	-0.0429	0.0123	-0.0041	0.9614	-0.0218	Myeloid cell
10827.06	10270.52	-0.0588	0.0130	-0.0034	0.9785	-0.0258	Myeloid cell
10825.06	10374.02	-0.0497	0.0053	-0.0098	0.9009	-0.0201	Myeloid cell
10822.06	10285.02	-0.0374	0.0195	-0.0045	0.8877	-0.0149	Myeloid cell
10818.56	10290.52	-0.0248	-0.0209	-0.0462	0.6284	-0.0214	Myeloid cell
10801.06	10298.52	-0.0471	0.0089	-0.0083	0.9268	-0.0215	Myeloid cell
10782.56	10173.52	-0.0553	0.0118	-0.0041	0.9565	-0.0251	Myeloid cell
10782.56	10158.52	-0.0001	0.0168	-0.0117	0.7720	-0.0193	Myeloid cell
10775.56	10316.52	-0.0567	0.0049	-0.0098	0.8755	-0.0224	Myeloid cell
10750.06	10182.02	-0.0529	-0.0028	-0.0105	0.8823	-0.0235	Myeloid cell
10746.56	10168.52	-0.0476	0.0036	-0.0196	0.5542	-0.0102	Myeloid cell
10740.56	10330.02	-0.0634	0.0074	-0.0082	0.9326	-0.0276	Myeloid cell
10718.06	10262.52	-0.0494	0.0066	-0.0057	0.8721	-0.0195	Myeloid cell
10702.56	10357.52	-0.0555	-0.0018	-0.0170	0.8462	-0.0267	Myeloid cell
10700.56	10402.02	0.1002	0.0184	-0.0032	0.7300	-0.0103	Myeloid cell
10697.56	10168.02	-0.0525	0.0048	-0.0127	0.7461	-0.0205	Myeloid cell
10688.56	10410.52	-0.0904	0.0115	-0.0324	0.6929	-0.0333	Myeloid cell
10688.56	10256.02	-0.0522	0.0124	-0.0049	0.8979	-0.0163	Myeloid cell
10681.56	10532.52	-0.0514	0.0079	-0.0115	0.9189	-0.0197	Myeloid cell
10681.06	10413.52	-0.0775	0.0182	-0.0130	0.9673	-0.0233	Myeloid cell
10680.06	10541.02	-0.0470	-0.0024	-0.0157	0.7910	-0.0164	Myeloid cell
10665.56	10429.52	-0.0419	0.0241	0.0025	0.9956	-0.0097	Myeloid cell
10664.56	10361.02	-0.0289	0.0176	-0.0028	0.7520	-0.0073	Myeloid cell
10664.06	10373.02	-0.0307	0.0140	-0.0022	0.8447	-0.0114	Myeloid cell
10662.06	10324.02	-0.0187	0.0224	-0.0074	0.6460	-0.0015	Myeloid cell
10653.06	10177.02	-0.0526	0.0019	-0.0159	0.8486	-0.0260	Myeloid cell
10645.06	10229.02	-0.0517	0.0108	-0.0039	0.9077	-0.0198	Myeloid cell
10637.06	10353.52	-0.0500	-0.0149	-0.0263	0.8174	-0.0296	Myeloid cell
10636.06	10707.02	-0.0466	0.0083	-0.0084	0.8848	-0.0172	Myeloid cell
10633.06	10274.52	-0.0576	0.0105	-0.0087	0.9282	-0.0190	Myeloid cell
10631.56	10241.02	-0.0423	0.0160	0.0006	0.9155	-0.0119	Myeloid cell
10627.06	10217.02	-0.0552	0.0077	-0.0113	0.9082	-0.0231	Myeloid cell
10942.06	10847.02	0.4890	-0.0087	-0.0150	0.2101	-0.0272	cDC2
10836.06	11454.52	-0.0318	0.0002	-0.0087	0.8335	-0.0157	Myeloid cell
10769.06	11181.02	0.4412	0.0045	-0.0076	0.0718	-0.0226	cDC2
11116.56	12162.02	-0.0684	-0.0320	0.3025	0.1819	-0.0223	Other cell
11116.56	12057.52	0.9590	0.0003	-0.0258	0.0702	-0.0220	cDC2
11110.56	11672.52	0.9277	-0.0065	-0.0219	-0.0031	-0.0197	cDC2
11104.56	12159.02	0.6924	-0.0360	-0.0353	0.0801	-0.0532	cDC2
11101.56	11592.02	0.6406	-0.0478	-0.0569	-0.0308	-0.0340	cDC2
11096.06	12016.52	0.9058	-0.0213	-0.0293	-0.0053	-0.0343	cDC2
11094.56	11991.52	0.5894	-0.0325	-0.0427	0.0734	-0.0482	cDC2
11088.56	11613.02	0.5327	-0.0428	-0.0435	0.0075	-0.0507	cDC2
11076.56	11563.02	0.3862	0.0201	-0.0025	0.8853	-0.0215	Myeloid cell
11075.56	11591.02	0.5361	-0.0326	-0.0453	-0.0109	-0.0055	cDC2
11070.56	11617.52	0.4263	-0.0042	-0.0191	0.1262	0.0035	cDC2
11057.56	12079.52	0.5186	-0.0312	-0.0369	0.0320	-0.0307	cDC2
11056.06	11618.02	0.5938	-0.0111	-0.0220	0.0931	-0.0138	cDC2
11054.06	12001.52	0.7793	-0.0223	-0.0210	0.0873	0.0155	cDC2
11053.56	12142.02	-0.0538	-0.0166	0.0085	0.6309	-0.0318	Myeloid cell
11050.56	11603.02	0.9038	-0.0486	-0.0439	-0.0140	-0.0568	cDC2
11049.06	11639.02	-0.0563	-0.0043	-0.0165	0.8213	-0.0259	Myeloid cell
11048.56	12121.02	-0.0208	-0.0033	-0.0199	0.8589	-0.0274	Myeloid cell
11047.56	12162.02	-0.0545	-0.0154	-0.0191	0.7397	-0.0443	Myeloid cell
11046.56	11617.52	0.8486	-0.0440	-0.0471	-0.0447	-0.0537	cDC2
11040.56	11618.52	0.8862	-0.0353	-0.0402	-0.0416	-0.0455	cDC2
11036.56	11578.02	-0.0560	0.0015	-0.0121	0.8999	-0.0235	Myeloid cell
11032.56	11630.52	-0.0360	0.0104	-0.0050	0.8193	-0.0118	Myeloid cell
11032.56	11622.52	0.5732	-0.0169	-0.0270	-0.0282	-0.0302	cDC2
11016.56	11609.02	0.6919	-0.0300	-0.0349	0.1505	0.0312	cDC2
11014.06	12149.02	0.5610	-0.0020	-0.0331	0.6724	-0.0382	Double pos cDC2
11004.06	11622.02	0.5210	-0.0283	-0.0396	0.0000	-0.0300	cDC2
10999.56	11638.52	-0.0432	0.0178	-0.0000	0.9629	-0.0135	Myeloid cell
10990.56	12078.52	-0.0800	-0.0125	-0.0098	0.7051	-0.0427	Myeloid cell
10986.06	11604.52	0.0037	0.0140	-0.0009	0.7139	-0.0051	Myeloid cell
10978.56	12028.02	0.5508	-0.0500	-0.0508	0.0088	-0.0410	cDC2
10971.56	11898.52	0.4539	-0.0317	-0.0371	0.0970	-0.0442	cDC2
10936.56	11970.52	0.8599	-0.0371	-0.0439	0.0401	-0.0568	cDC2
10935.56	11516.02	0.0276	-0.0020	-0.0238	0.6826	0.0273	Myeloid cell
10924.06	11633.52	0.2415	0.0213	-0.0025	0.8447	-0.0329	Myeloid cell
10876.06	11930.52	-0.0591	-0.0046	-0.0212	0.8564	-0.0312	Myeloid cell
10869.56	12073.52	-0.0205	0.0342	0.0081	0.0820	0.5220	B cell
10869.56	11679.02	0.6445	-0.0494	-0.0540	0.0377	-0.0406	cDC2
10856.56	12053.52	0.8125	-0.0233	-0.0369	0.0450	-0.0085	cDC2
10850.06	11706.02	-0.0526	0.0108	-0.0126	0.7969	-0.0227	Myeloid cell
10831.06	11621.52	-0.0482	0.0087	-0.0089	0.9023	-0.0173	Myeloid cell
10822.06	11624.52	0.0508	0.0180	-0.0030	0.3420	0.0075	Other cell
10809.06	12153.52	-0.0682	0.0180	0.0133	0.6191	-0.0210	Myeloid cell
10804.56	12116.02	0.8604	-0.0131	-0.0332	0.1783	-0.0209	cDC2
10799.06	11689.52	0.6484	-0.0464	-0.0563	0.2620	-0.0310	cDC2
10794.56	11695.52	0.6279	0.0153	-0.0143	0.7959	-0.0279	Double pos cDC2
10782.56	11937.52	0.6724	-0.0060	-0.0051	0.2294	-0.0418	cDC2
10732.06	11724.02	-0.0513	0.0111	-0.0069	0.9150	-0.0175	Myeloid cell
10723.06	11949.02	-0.0573	0.0028	-0.0133	0.8745	-0.0235	Myeloid cell
10713.06	11749.52	-0.0581	0.0056	-0.0109	0.9043	-0.0241	Myeloid cell
10711.56	11566.02	0.4138	-0.0176	-0.0329	0.2330	-0.0443	cDC2
10696.56	11807.52	0.7285	-0.0264	-0.0263	0.1600	-0.0518	cDC2
10674.56	11733.02	0.5703	-0.0267	-0.0299	0.1550	-0.0279	cDC2
10660.56	11909.02	-0.0638	-0.0012	-0.0109	0.8130	-0.0212	Myeloid cell
11259.06	9412.02	0.7314	-0.0309	-0.0360	0.0265	-0.0222	cDC2
11255.56	9444.52	-0.1042	0.6650	-0.0952	-0.0856	-0.0866	pDC
11252.06	9476.02	-0.0942	0.6841	-0.0795	-0.0774	-0.0809	pDC
11251.06	9455.52	-0.0215	-0.0393	0.6177	-0.0565	-0.0222	cDC1
11206.56	9419.52	-0.0233	-0.0052	0.4905	-0.0069	-0.0165	cDC1
11191.56	9410.02	-0.0309	0.0082	-0.0454	0.7368	-0.0470	Myeloid cell
11616.56	9981.52	-0.0578	0.0093	-0.0110	0.9028	-0.0240	Myeloid cell
11547.56	9848.52	-0.0570	-0.0071	-0.0300	0.8506	-0.0193	Myeloid cell
11516.56	9778.02	-0.0500	0.0114	-0.0046	0.8916	-0.0149	Myeloid cell
11482.06	9775.02	-0.0391	0.0103	0.0003	0.8359	-0.0093	Myeloid cell
11477.56	9860.52	-0.0443	0.0207	-0.0009	0.9761	-0.0132	Myeloid cell
11474.06	9765.02	-0.0831	0.0064	0.1105	0.5171	0.0105	Myeloid cell
11468.56	9650.02	0.1893	0.0807	-0.0004	0.6030	-0.0206	Myeloid cell
11468.06	9868.52	-0.0764	0.0030	0.0197	0.6094	0.0069	Myeloid cell
11462.56	9668.02	-0.0548	0.0103	-0.0061	0.8975	-0.0213	Myeloid cell
11444.56	9784.52	-0.0500	0.0031	-0.0091	0.8062	-0.0192	Myeloid cell
11438.06	9653.02	-0.0519	0.0023	0.0051	0.6963	-0.0203	Myeloid cell
11351.06	9710.52	-0.0760	-0.0095	-0.0301	0.7402	-0.0466	Myeloid cell
11349.56	10097.52	-0.0652	0.0011	0.0053	0.6187	0.0010	Myeloid cell
11337.06	9542.52	-0.0817	-0.0302	-0.0273	0.7529	-0.0472	Myeloid cell
11331.56	9578.52	-0.0396	-0.0141	-0.0392	0.8691	-0.0210	Myeloid cell
11329.56	9705.52	-0.0614	-0.0163	-0.0316	0.5786	-0.0347	Myeloid cell
11321.06	9531.02	-0.0648	-0.0033	-0.0183	0.8296	-0.0271	Myeloid cell
11312.56	9548.02	-0.0931	-0.0224	-0.0051	0.7197	-0.0526	Myeloid cell
11309.06	9583.02	-0.0416	0.0134	0.0016	0.8740	-0.0136	Myeloid cell
11283.06	9817.52	-0.0515	-0.0025	-0.0063	0.7520	-0.0219	Myeloid cell
11282.56	9575.52	-0.0398	0.0104	-0.0040	0.7227	-0.0114	Myeloid cell
11254.56	10021.02	-0.0666	-0.0033	-0.0208	0.7998	-0.0261	Myeloid cell
11254.56	9674.52	-0.0500	0.0063	-0.0075	0.8442	-0.0183	Myeloid cell
11236.56	9825.02	-0.0497	0.0054	-0.0054	0.8291	-0.0180	Myeloid cell
11236.06	10009.52	-0.0589	0.0119	-0.0083	0.9639	-0.0254	Myeloid cell
11211.06	10006.02	-0.0666	0.0037	-0.0158	0.9062	-0.0292	Myeloid cell
11193.56	10049.52	-0.0970	0.0066	-0.0173	0.9409	-0.0174	Myeloid cell
11190.06	10027.52	-0.0534	0.0130	-0.0057	0.9375	-0.0169	Myeloid cell
11181.06	9568.02	-0.0787	-0.0079	-0.0260	0.7744	-0.0379	Myeloid cell
11150.56	9624.02	-0.0621	0.0068	-0.0114	0.9038	-0.0270	Myeloid cell
11149.56	10109.02	-0.0549	0.0231	-0.0058	0.9819	-0.0146	Myeloid cell
11148.06	9515.52	-0.0666	-0.0197	-0.0225	0.5854	-0.0342	Myeloid cell
11147.06	10120.52	-0.0555	0.0075	-0.0096	0.9155	-0.0224	Myeloid cell
11126.56	9900.52	-0.0462	0.0132	-0.0059	0.9229	-0.0167	Myeloid cell
11119.06	10017.52	-0.0524	0.0084	-0.0108	0.9082	-0.0199	Myeloid cell
11616.56	10701.52	-0.0519	-0.0078	0.6079	0.1260	-0.0080	cDC1
11612.06	10631.52	0.6982	-0.0533	-0.0547	-0.0445	-0.0527	cDC2
11605.56	10735.52	0.6567	-0.0593	-0.0694	-0.0089	-0.0676	cDC2
11600.06	10734.02	0.8535	-0.0318	-0.0397	-0.0043	-0.0398	cDC2
11586.56	10681.02	0.6040	-0.0710	-0.0745	0.2206	-0.0917	cDC2
11585.06	10665.02	0.7412	-0.0396	-0.0505	0.0077	-0.0592	cDC2
11581.56	10660.02	0.6055	-0.0828	-0.0836	-0.0333	-0.0959	cDC2
11577.56	10480.02	0.7036	-0.0154	-0.0210	-0.0147	-0.0309	cDC2
11567.56	10631.02	0.7959	-0.0425	-0.0488	-0.0212	-0.0467	cDC2
11566.06	10180.02	-0.0267	0.0094	-0.0058	0.7852	-0.0096	Myeloid cell
11564.06	10634.52	0.8335	-0.0273	-0.0446	0.0213	-0.0211	cDC2
11547.06	10287.02	-0.0471	0.0124	-0.0037	0.9053	-0.0147	Myeloid cell
11546.06	10344.52	0.8438	-0.0223	-0.0329	-0.0254	-0.0340	cDC2
11536.06	10591.52	0.5747	-0.0517	-0.0667	0.2798	-0.0914	cDC2
11527.56	10266.52	-0.0795	-0.0075	0.0250	0.5410	-0.0282	Myeloid cell
11524.56	10440.52	-0.0685	-0.0118	-0.0280	0.8394	-0.0383	Myeloid cell
11513.06	10577.52	-0.0490	0.0086	-0.0086	0.8481	-0.0138	Myeloid cell
11500.06	10158.52	-0.0634	0.0034	-0.0149	0.8496	-0.0233	Myeloid cell
11492.06	10549.02	0.4861	-0.0042	-0.0157	0.0074	-0.0148	cDC2
11487.56	10301.52	-0.0423	0.0118	-0.0023	0.8667	-0.0136	Myeloid cell
11468.56	10403.02	-0.0865	0.0008	0.0042	0.7017	-0.0298	Myeloid cell
11467.06	10296.02	-0.1282	-0.0262	0.0084	0.5806	-0.0461	Myeloid cell
11459.06	10408.52	-0.0130	-0.0302	0.1091	0.6655	-0.0535	Myeloid cell
11423.06	10552.02	0.7524	0.0080	-0.0241	0.6753	-0.0339	Double pos cDC2
11411.56	10553.02	0.5532	-0.0370	-0.0366	0.4468	-0.0508	Double pos cDC2
11392.56	10174.02	-0.0167	-0.0070	-0.0290	0.7231	-0.0369	Myeloid cell
11382.06	10215.02	-0.0853	0.0018	0.0684	0.6738	-0.0250	Myeloid cell
11354.06	10433.02	0.0188	0.0031	0.0032	0.6694	-0.0551	Myeloid cell
11350.06	10439.52	-0.0481	0.0049	-0.0049	0.8296	-0.0163	Myeloid cell
11334.56	10208.52	-0.0732	-0.0163	-0.0184	0.7344	-0.0392	Myeloid cell
11323.56	10668.52	0.8472	-0.0280	-0.0389	0.0575	-0.0457	cDC2
11309.06	10596.52	0.4963	-0.0311	-0.0432	0.0076	-0.0494	cDC2
11305.56	10583.02	0.5356	-0.0311	-0.0437	0.5796	-0.0684	Double pos cDC2
11298.06	10600.52	0.7349	-0.0047	-0.0257	0.2659	-0.0381	cDC2
11294.06	10698.52	0.5093	-0.0276	-0.0528	0.6953	-0.0585	Double pos cDC2
11283.56	10248.52	0.4822	-0.0347	-0.0369	0.0522	-0.0527	cDC2
11280.56	10579.02	0.6167	-0.0078	-0.0255	0.4670	-0.0319	Double pos cDC2
11262.56	10721.02	0.7437	-0.0515	-0.0585	-0.0181	-0.0620	cDC2
11262.56	10596.52	0.6572	-0.0423	-0.0507	-0.0045	-0.0536	cDC2
11256.06	10719.52	0.8735	-0.0258	-0.0430	0.0985	-0.0515	cDC2
11242.56	10766.02	0.6294	-0.0068	-0.0293	0.7085	-0.0625	Double pos cDC2
11242.56	10581.52	0.7383	-0.0545	-0.0702	-0.0435	-0.0522	cDC2
11238.06	10765.02	-0.0282	-0.0265	-0.0111	0.6470	-0.0638	Myeloid cell
11229.06	10316.02	-0.0404	0.0123	-0.0034	0.8145	-0.0105	Myeloid cell
11222.06	10740.52	0.3687	-0.0048	-0.0187	0.0051	-0.0135	Other cell
11214.56	10752.52	-0.0013	0.0319	-0.0327	0.6968	-0.0339	Myeloid cell
11194.56	10453.02	-0.0283	0.0130	0.0062	0.8496	-0.0076	Myeloid cell
11190.56	10794.52	0.8149	-0.0327	-0.0381	-0.0168	-0.0450	cDC2
11174.56	10824.02	0.6260	-0.0148	-0.0343	0.0900	-0.0214	cDC2
11173.56	10566.02	0.5059	-0.0417	-0.0432	0.0011	-0.0461	cDC2
11172.06	10678.02	0.1611	-0.0126	-0.0002	0.7363	-0.0398	Myeloid cell
11167.06	10714.52	0.6714	-0.0415	-0.0413	0.1270	-0.0417	cDC2
11159.56	10416.02	-0.0663	-0.0067	-0.0215	0.8340	-0.0323	Myeloid cell
11148.56	10777.02	-0.0335	-0.0298	-0.0739	0.7183	-0.0672	Myeloid cell
11136.56	10778.52	0.4744	-0.0080	-0.0240	0.0952	-0.0269	cDC2
11130.56	10645.02	-0.1010	-0.0388	0.0607	0.5225	0.0386	Myeloid cell
11130.06	10317.52	-0.0596	0.0016	-0.0147	0.8047	-0.0254	Myeloid cell
11119.06	10233.02	-0.0950	-0.0273	-0.0083	0.5923	-0.0335	Myeloid cell
11616.56	11243.52	0.6055	-0.0479	-0.0512	-0.0429	-0.0452	cDC2
11616.56	11037.02	0.8857	-0.0212	-0.0394	0.1050	-0.0281	cDC2
11606.56	10908.52	0.7891	-0.0408	-0.0437	0.0558	-0.0588	cDC2
11605.56	11221.52	0.7886	-0.0298	-0.0338	0.0217	0.0055	cDC2
11588.56	10887.52	0.6147	-0.0235	-0.0239	0.1406	-0.0322	cDC2
11546.06	10905.02	0.1702	-0.0093	-0.0239	0.8105	-0.0330	Myeloid cell
11512.06	11446.02	0.7964	-0.0441	-0.0476	0.1799	-0.0682	cDC2
11498.06	11493.02	-0.0357	0.0076	-0.0090	0.8267	-0.0191	Myeloid cell
11459.06	11008.02	0.0757	0.0171	0.0029	0.8296	-0.0220	Myeloid cell
11431.56	11383.02	0.0861	-0.0304	-0.0443	0.7671	-0.0733	Myeloid cell
11430.06	11337.52	-0.0193	-0.0232	0.1660	0.5527	-0.0641	Myeloid cell
11416.56	10872.52	0.9097	-0.0135	-0.0246	-0.0072	-0.0279	cDC2
11398.06	11371.52	0.6118	-0.0313	-0.0386	0.0081	-0.0410	cDC2
11397.56	11286.52	-0.0170	0.0471	0.0089	0.6675	0.0083	Myeloid cell
11367.56	11334.52	0.0233	-0.0109	-0.0012	0.8774	-0.0371	Myeloid cell
11342.56	11343.52	0.1237	-0.0116	-0.0094	0.6646	-0.0692	Myeloid cell
11308.56	11288.52	-0.0337	-0.0186	-0.0224	0.7002	-0.0499	Myeloid cell
11296.06	11071.02	-0.0371	-0.0049	-0.0113	0.7642	-0.0357	Myeloid cell
11256.56	11437.02	-0.0534	0.0074	-0.0095	0.8945	-0.0224	Myeloid cell
11236.56	10837.52	0.5234	-0.0313	-0.0343	0.1545	-0.0501	cDC2
11222.56	11472.52	0.0705	-0.0130	-0.0476	0.7803	-0.0540	Myeloid cell
11216.56	11059.52	0.4900	0.0039	-0.0101	0.1355	-0.0349	cDC2
11212.56	11220.52	-0.0378	0.0127	0.0006	0.8384	-0.0097	Myeloid cell
11205.56	10878.52	0.6245	-0.0183	-0.0304	0.1063	-0.0431	cDC2
11203.06	11366.02	-0.0639	-0.0006	-0.0163	0.8560	-0.0288	Myeloid cell
11197.06	11021.52	-0.0323	0.0191	0.0142	0.6787	-0.0101	Myeloid cell
11185.06	11393.02	-0.0083	0.0243	-0.0072	0.5996	-0.0226	Myeloid cell
11185.06	10873.02	0.9346	-0.0237	-0.0338	0.0752	-0.0547	cDC2
11180.06	11378.52	0.0424	-0.0226	-0.0039	0.8242	-0.0424	Myeloid cell
11172.06	11193.52	-0.0693	-0.0085	-0.0148	0.7363	-0.0373	Myeloid cell
11154.06	10948.52	0.5420	-0.0177	-0.0129	0.1445	-0.0407	cDC2
11504.06	11496.52	0.7461	-0.0603	-0.0649	-0.0637	-0.0663	cDC2
11476.56	11508.52	0.7197	-0.0512	-0.0598	-0.0024	-0.0454	cDC2
11466.56	11522.52	0.7139	-0.0373	-0.0426	-0.0288	-0.0252	cDC2
11445.06	11530.52	0.6177	-0.0692	-0.0768	-0.0490	-0.0590	cDC2
11440.56	11533.52	0.5562	-0.0524	-0.0607	0.0245	-0.0611	cDC2
11427.56	11524.52	-0.0166	0.0028	-0.0002	0.0119	0.5723	B cell
11422.06	11539.02	0.7295	-0.0575	-0.0603	-0.0637	-0.0660	cDC2
11418.06	11542.52	0.6240	-0.0435	-0.0510	-0.0514	-0.0469	cDC2
11408.06	11542.52	0.7363	-0.0667	-0.0668	-0.0706	-0.0699	cDC2
11407.56	11694.52	-0.0463	-0.0129	-0.0230	-0.0075	0.6006	B cell
11404.06	11543.02	0.8022	-0.0607	-0.0607	-0.0643	-0.0671	cDC2
11403.06	11701.02	-0.0550	-0.0047	-0.0183	0.0113	0.7944	B cell
11400.56	11547.02	0.7974	-0.0509	-0.0549	-0.0551	-0.0619	cDC2
11376.06	11842.52	0.8647	-0.0247	-0.0412	0.0904	-0.0428	cDC2
11368.06	11596.52	-0.0571	0.0104	-0.0063	0.9360	-0.0228	Myeloid cell
11367.56	11555.02	0.7354	-0.0352	-0.0442	0.0594	-0.0561	cDC2
11356.06	11660.52	0.8350	-0.0423	-0.0467	-0.0421	-0.0575	cDC2
11354.06	11567.02	0.6064	-0.0610	-0.0657	-0.0604	-0.0701	cDC2
11349.06	11622.52	-0.0621	0.0074	-0.0116	0.9302	-0.0263	Myeloid cell
11323.56	11567.02	0.4143	-0.0105	-0.0235	0.0784	-0.0204	cDC2
11320.06	11636.02	-0.0421	0.0118	-0.0011	0.8682	-0.0125	Myeloid cell
11305.56	11584.52	0.9673	-0.0331	-0.0345	-0.0258	-0.0385	cDC2
11300.06	11719.02	0.6821	-0.0556	-0.0546	0.1550	-0.0586	cDC2
11289.56	11583.02	0.8091	-0.0307	-0.0391	-0.0152	-0.0386	cDC2
11283.06	11587.52	0.7197	-0.0127	-0.0265	0.0041	-0.0077	cDC2
11271.06	11578.02	0.5347	-0.0353	-0.0300	0.2034	-0.0311	cDC2
11262.56	11914.02	-0.0109	0.0120	-0.0013	0.5532	-0.0158	Myeloid cell
11256.56	11589.52	0.5645	-0.0223	-0.0347	0.1461	-0.0071	cDC2
11245.56	11585.02	0.8052	-0.0340	-0.0368	-0.0248	-0.0361	cDC2
11226.06	11570.02	0.6177	-0.0143	-0.0266	0.0773	-0.0381	cDC2
11223.06	11614.02	-0.0590	-0.0011	-0.0166	0.8599	-0.0267	Myeloid cell
11171.56	11910.02	0.6372	-0.0253	-0.0367	0.3926	-0.0539	cDC2
11162.56	11548.02	0.3982	-0.0105	-0.0278	-0.0011	-0.0119	Other cell
11151.06	11600.52	0.6353	-0.0211	-0.0251	0.1564	-0.0465	cDC2
11143.06	11555.52	0.0294	-0.0337	-0.0506	0.7031	-0.0601	Myeloid cell
11133.56	11599.02	0.7891	-0.0314	-0.0248	0.1261	-0.0523	cDC2
11128.06	11520.02	-0.0142	0.0093	-0.0137	0.8423	-0.0126	Myeloid cell
12015.56	10155.02	-0.0477	-0.0176	0.7231	-0.0009	-0.0163	cDC1
11993.06	10134.52	-0.0522	0.0187	0.0155	0.7739	-0.0177	Myeloid cell
11953.06	10155.02	0.0488	-0.0498	0.1142	0.5571	-0.0622	Myeloid cell
11927.06	10151.02	-0.0213	0.0169	0.0135	0.6904	-0.0089	Myeloid cell
11897.56	10084.02	-0.0640	-0.0327	0.8828	-0.0193	-0.0316	cDC1
11891.56	10129.02	0.3494	-0.0099	-0.0211	0.6592	-0.0314	Myeloid cell
11889.06	10093.02	-0.1086	-0.0441	-0.0244	0.6455	-0.0592	Myeloid cell
11884.06	10120.52	-0.0410	0.0137	0.0003	0.8691	-0.0134	Myeloid cell
11879.56	10136.02	-0.0994	-0.0189	-0.0136	0.6523	-0.0546	Myeloid cell
11861.06	10134.52	0.1713	0.0297	0.0034	0.7705	-0.0052	Myeloid cell
11854.06	10142.52	-0.0867	-0.0237	-0.0106	0.5850	-0.0363	Myeloid cell
11840.56	10016.52	-0.0522	-0.0439	0.6514	-0.0381	-0.0371	cDC1
11808.56	10071.02	-0.0480	-0.0109	0.0067	0.5571	-0.0416	Myeloid cell
11791.56	9999.52	-0.0605	0.0052	-0.0055	0.6665	-0.0363	Myeloid cell
11780.06	10027.52	-0.0469	0.0049	-0.0153	0.8818	-0.0274	Myeloid cell
11771.56	9935.52	-0.0737	-0.0126	-0.0209	0.8159	-0.0380	Myeloid cell
11762.06	10090.52	-0.0589	-0.0021	-0.0138	0.8594	-0.0280	Myeloid cell
11761.56	10008.52	-0.0427	0.0087	-0.0008	0.7954	-0.0193	Myeloid cell
11724.56	10149.52	-0.0432	0.0023	-0.0061	0.7988	-0.0182	Myeloid cell
11721.56	10155.02	-0.0429	-0.0033	-0.0052	0.6733	-0.0199	Myeloid cell
11706.06	9856.02	-0.0396	0.0151	-0.0060	0.7305	-0.0102	Myeloid cell
11692.06	10127.02	-0.0410	0.0011	-0.0112	0.8237	-0.0193	Myeloid cell
11692.06	10080.02	-0.0585	0.0024	-0.0142	0.8970	-0.0269	Myeloid cell
11689.06	10063.52	0.2072	-0.0111	-0.0327	0.6377	-0.0543	Myeloid cell
11688.06	10130.52	-0.0510	-0.0169	-0.0246	0.6387	-0.0329	Myeloid cell
11687.56	10050.02	-0.0376	0.0170	0.0056	0.8862	-0.0090	Myeloid cell
11687.06	10095.52	-0.0693	-0.0160	-0.0127	0.7183	-0.0342	Myeloid cell
11686.06	10071.02	-0.0387	0.0118	0.0014	0.8716	-0.0129	Myeloid cell
11682.56	9878.02	-0.0569	0.0364	0.0221	0.6733	-0.0072	Myeloid cell
11680.06	10141.02	0.1252	0.0144	-0.0081	0.7104	-0.0061	Myeloid cell
11678.06	10018.52	-0.0577	0.0064	0.0221	0.7593	-0.0143	Myeloid cell
11677.06	10147.52	-0.0258	0.0099	0.0003	0.8452	-0.0115	Myeloid cell
11641.56	9838.02	-0.0547	0.0103	-0.0085	0.9087	-0.0204	Myeloid cell
11632.06	10024.02	-0.0714	-0.0178	-0.0112	0.7407	-0.0422	Myeloid cell
11628.06	9824.02	-0.0345	0.0059	-0.0285	0.5732	-0.0280	Myeloid cell
11626.06	10025.52	0.0005	0.0087	0.0055	0.6792	-0.0081	Myeloid cell
12058.56	10342.52	-0.0397	-0.0093	0.8613	-0.0090	-0.0197	cDC1
12057.06	10370.52	0.5952	-0.0385	-0.0494	-0.0337	-0.0501	cDC2
12051.56	10301.52	-0.0349	-0.0112	0.6499	-0.0311	-0.0285	cDC1
12050.06	10273.02	-0.0724	-0.0485	0.6992	-0.0416	-0.0445	cDC1
12048.56	10268.02	-0.0634	-0.0429	0.8042	-0.0326	-0.0385	cDC1
12042.56	10442.52	0.5664	-0.0250	-0.0373	-0.0258	-0.0370	cDC2
12041.06	10315.52	0.5996	-0.0252	-0.0367	0.1124	-0.0472	cDC2
12040.56	10291.52	0.6001	-0.0266	-0.0289	0.0426	-0.0292	cDC2
12040.06	10306.52	0.5947	-0.0290	-0.0237	0.1290	-0.0578	cDC2
12037.56	10278.02	0.5972	-0.0407	-0.0500	-0.0249	-0.0518	cDC2
12031.56	10229.52	-0.0652	-0.0357	0.8726	-0.0163	-0.0227	cDC1
12022.56	10186.52	-0.0067	-0.0044	-0.0096	0.6733	-0.0264	Myeloid cell
11984.06	10286.52	-0.1070	-0.0712	0.6465	-0.0756	-0.0617	cDC1
11979.56	10292.52	-0.0348	0.0064	0.5762	0.0597	0.0159	cDC1
11965.56	10170.52	-0.0481	-0.0085	0.0256	0.6411	-0.0388	Myeloid cell
11959.06	10221.52	-0.0353	0.0130	0.0089	0.7974	-0.0095	Myeloid cell
11957.56	10740.02	0.8311	-0.0275	-0.0368	-0.0295	-0.0343	cDC2
11957.06	10228.02	-0.0432	-0.0027	-0.0134	0.6738	-0.0175	Myeloid cell
11954.06	10387.02	-0.0600	0.0047	-0.0100	0.8828	-0.0252	Myeloid cell
11952.06	10204.52	-0.0443	0.0027	-0.0052	0.8252	-0.0182	Myeloid cell
11950.56	10317.02	-0.0461	0.0039	-0.0083	0.8096	-0.0164	Myeloid cell
11950.56	10304.02	0.6436	-0.0080	-0.0128	0.0249	0.0107	cDC2
11950.06	10387.02	-0.0767	-0.0181	0.0029	0.6855	-0.0405	Myeloid cell
11948.06	10276.02	-0.0808	-0.0481	0.5269	-0.0101	-0.0401	cDC1
11947.56	10295.52	-0.0342	-0.0106	-0.0028	0.8242	-0.0251	Myeloid cell
11947.06	10354.02	-0.0134	0.0153	-0.0018	0.8335	-0.0096	Myeloid cell
11940.56	10186.52	-0.1104	-0.0224	-0.0277	0.5728	0.0588	Myeloid cell
11932.06	10194.52	-0.0207	-0.0152	-0.0252	0.7041	-0.0320	Myeloid cell
11928.56	10361.02	-0.0608	0.0031	-0.0128	0.8975	-0.0278	Myeloid cell
11928.56	10199.02	-0.0613	0.0002	-0.0146	0.8154	-0.0243	Myeloid cell
11927.06	10291.02	0.7432	-0.0271	-0.0418	-0.0047	-0.0172	cDC2
11927.06	10259.52	0.5835	-0.0134	-0.0325	0.4731	-0.0464	Double pos cDC2
11925.56	10262.02	0.6689	-0.0289	-0.0454	0.5088	-0.0560	Double pos cDC2
11924.56	10479.02	-0.0327	0.0135	0.0022	0.8848	-0.0122	Myeloid cell
11924.06	10252.02	-0.0459	-0.0014	-0.0237	0.6748	-0.0131	Myeloid cell
11921.56	10233.52	-0.0687	-0.0323	0.0289	0.5103	-0.0442	Myeloid cell
11919.06	10260.02	0.5361	-0.0176	-0.0523	0.6816	-0.0432	Double pos cDC2
11914.56	10368.52	-0.0649	-0.0062	-0.0220	0.8433	-0.0338	Myeloid cell
11911.06	10262.02	-0.0102	0.0297	0.0221	0.7197	0.0088	Myeloid cell
11905.56	10199.02	-0.0601	0.0028	-0.0007	0.5791	-0.0112	Myeloid cell
11903.06	10302.02	-0.0154	0.0160	-0.0019	0.0781	0.4778	B cell
11902.56	10286.02	0.5732	-0.0062	-0.0232	0.8296	-0.0384	Double pos cDC2
11899.56	10256.02	-0.0273	0.0177	0.0067	0.8687	-0.0027	Myeloid cell
11894.56	10286.02	0.7920	0.0099	-0.0277	0.8525	-0.0378	Double pos cDC2
11890.56	10295.02	0.7485	-0.0391	-0.0482	-0.0074	-0.0371	cDC2
11889.56	10325.02	-0.0545	0.0124	-0.0066	0.9448	-0.0224	Myeloid cell
11884.06	10356.02	-0.0320	0.0152	0.0098	0.8726	-0.0082	Myeloid cell
11882.56	10211.52	-0.0458	0.0151	0.0015	0.8853	-0.0114	Myeloid cell
11880.06	10342.02	-0.0757	-0.0481	0.5938	-0.0075	-0.0292	cDC1
11879.06	10314.02	-0.0389	-0.0101	-0.0275	0.7231	-0.0320	Myeloid cell
11869.06	10169.52	-0.0344	0.0393	0.0160	1.0674	-0.0057	Myeloid cell
11852.06	10206.02	-0.0950	-0.0012	0.3359	0.3596	-0.0289	Other cell
11848.06	10396.52	-0.0975	-0.0199	0.0428	0.6660	-0.0468	Myeloid cell
11844.06	10357.52	-0.0074	0.0183	-0.0009	0.8433	-0.0050	Myeloid cell
11842.56	10212.52	-0.0642	-0.0182	-0.0305	0.6377	-0.0378	Myeloid cell
11825.06	10158.52	-0.0691	-0.0421	0.6450	-0.0402	-0.0395	cDC1
11810.06	10174.02	0.0975	-0.0171	-0.0393	0.7861	-0.0558	Myeloid cell
11803.06	10171.02	-0.0710	-0.0014	0.0079	0.6553	-0.0327	Myeloid cell
11802.56	10662.52	-0.0677	-0.0163	-0.0283	0.7461	-0.0414	Myeloid cell
11802.06	10559.02	-0.0721	-0.0268	-0.0025	0.7290	-0.0494	Myeloid cell
11800.56	10165.52	-0.0561	-0.0254	-0.0361	0.7163	-0.0413	Myeloid cell
11794.56	10169.52	-0.0358	-0.0173	0.3503	0.0864	-0.0205	Other cell
11794.06	10182.02	0.0111	0.0153	0.0009	0.5137	0.0029	Myeloid cell
11768.56	10456.52	-0.0820	-0.0056	0.0267	0.6909	0.0009	Myeloid cell
11764.06	10204.52	0.5557	-0.0272	-0.0374	-0.0330	0.0687	cDC2
11762.56	10358.02	-0.0338	0.0213	0.0078	0.9155	-0.0051	Myeloid cell
11753.06	10783.52	-0.0672	-0.0228	0.0312	0.6289	-0.0243	Myeloid cell
11751.56	10241.02	0.5962	-0.0041	-0.0338	0.7432	-0.0442	Double pos cDC2
11745.06	10187.02	-0.0325	0.0088	0.0007	0.8477	-0.0044	Myeloid cell
11743.06	10205.52	0.0326	0.0509	0.2168	0.1525	0.0267	Other cell
11742.56	10703.02	-0.0414	0.0057	-0.0022	0.8462	-0.0158	Myeloid cell
11728.06	10174.02	-0.1279	-0.0858	0.5552	-0.0754	-0.0791	cDC1
11720.56	10757.52	-0.0266	0.0176	0.0103	0.8921	-0.0021	Myeloid cell
11704.56	10375.52	-0.0850	0.0011	0.0048	0.5298	0.0046	Myeloid cell
11700.06	10706.52	-0.0625	-0.0051	-0.0184	0.8442	-0.0156	Myeloid cell
11687.56	10265.02	-0.0817	-0.0235	-0.0483	0.6543	-0.0461	Myeloid cell
11687.06	10796.52	0.7070	-0.0499	-0.0545	-0.0503	-0.0451	cDC2
11685.56	10390.52	-0.0585	0.0004	-0.0160	0.8276	-0.0240	Myeloid cell
11684.06	10802.02	0.3789	-0.0265	-0.0289	0.7261	-0.0619	Myeloid cell
11678.06	10728.02	0.8984	-0.0069	-0.0250	0.0964	-0.0506	cDC2
11660.56	10588.02	0.6836	-0.0142	-0.0256	0.1471	-0.0423	cDC2
11658.06	10587.02	0.7275	-0.0090	-0.0219	0.1455	-0.0407	cDC2
11658.06	10401.02	-0.0475	0.0100	-0.0048	0.8745	-0.0163	Myeloid cell
11654.56	10357.52	-0.0406	0.0109	0.0049	0.8130	-0.0129	Myeloid cell
11645.56	10607.52	0.7271	-0.0298	-0.0353	0.2759	-0.0466	cDC2
11637.06	10169.52	-0.0429	0.0105	0.0159	0.5801	-0.0061	Myeloid cell
11635.06	10285.02	0.1252	0.0085	-0.0183	0.7397	-0.0076	Myeloid cell
11635.06	10194.02	-0.0555	0.0071	-0.0089	0.9180	-0.0230	Myeloid cell
11633.06	10176.02	-0.0569	0.0024	-0.0136	0.8281	-0.0214	Myeloid cell
11628.56	10416.52	0.0419	0.0341	-0.0193	0.7671	-0.0280	Myeloid cell
11623.56	10206.52	-0.0658	0.0046	0.0422	0.5312	0.0007	Myeloid cell
11619.06	10632.52	0.7788	-0.0380	-0.0440	-0.0388	-0.0495	cDC2
11619.06	10621.02	0.7051	-0.0626	-0.0654	-0.0541	-0.0690	cDC2
11894.56	10865.52	0.8716	-0.0201	-0.0308	-0.0024	-0.0279	cDC2
11848.06	10869.02	-0.0709	-0.0248	-0.0212	0.7852	-0.0417	Myeloid cell
11760.06	10945.02	-0.0596	0.6519	-0.0332	-0.0006	-0.0444	pDC
11757.06	10910.52	-0.0447	-0.0244	-0.0360	0.5083	-0.0378	Myeloid cell
11748.06	10988.52	0.8428	-0.0505	-0.0507	-0.0536	-0.0588	cDC2
11745.06	11213.02	0.6514	-0.0530	-0.0595	-0.0099	-0.0250	cDC2
11740.06	11017.02	0.6050	-0.0267	-0.0334	0.0929	0.0295	cDC2
11735.06	10994.02	-0.0681	-0.0474	0.7158	-0.0363	-0.0362	cDC1
11730.56	10886.52	0.4824	-0.0312	-0.0466	-0.0289	-0.0085	cDC2
11728.06	10827.52	0.4390	0.0150	-0.0116	0.8008	-0.0105	Double pos cDC2
11723.56	10994.52	0.7495	-0.0410	-0.0467	-0.0523	-0.0513	cDC2
11723.56	10991.02	0.7061	-0.0382	-0.0445	-0.0493	-0.0502	cDC2
11713.06	11274.02	0.6260	0.0009	0.0047	0.0920	0.0473	cDC2
11709.56	11073.52	-0.0489	-0.0412	0.5845	-0.0415	-0.0338	cDC1
11707.56	10965.52	0.6187	-0.0169	-0.0314	-0.0149	-0.0246	cDC2
11700.56	10928.52	-0.0537	-0.0301	0.7402	-0.0222	-0.0262	cDC1
11700.06	11068.52	0.5391	-0.0368	-0.0458	-0.0073	-0.0381	cDC2
11698.56	10964.52	0.6196	-0.0411	-0.0497	-0.0533	-0.0426	cDC2
11698.56	10866.02	0.7007	-0.0533	-0.0607	0.0163	-0.0654	cDC2
11693.56	10863.52	0.8911	-0.0219	-0.0294	-0.0140	-0.0326	cDC2
11693.06	10967.02	0.8760	-0.0262	-0.0311	-0.0327	-0.0189	cDC2
11688.56	11016.02	-0.0566	-0.0044	0.0207	0.0883	0.6465	B cell
11683.06	10972.02	0.7422	-0.0316	-0.0359	-0.0298	-0.0415	cDC2
11681.56	11081.52	0.6177	-0.0316	-0.0425	-0.0071	-0.0365	cDC2
11675.06	11310.52	0.7974	-0.0050	-0.0240	0.5098	-0.0414	Double pos cDC2
11672.06	11334.52	-0.0591	-0.0151	-0.0053	-0.0029	0.7222	B cell
11660.56	11084.52	0.7285	-0.0665	-0.0795	-0.0593	-0.0667	cDC2
11658.56	10903.52	0.7612	-0.0488	-0.0577	-0.0265	-0.0497	cDC2
11652.06	11016.02	0.5557	-0.0264	-0.0250	0.1361	-0.0265	cDC2
11650.56	11257.02	0.7959	0.0007	-0.0293	0.7129	-0.0407	Double pos cDC2
11644.06	10864.02	0.4873	-0.0375	-0.0483	-0.0435	-0.0264	cDC2
11643.06	10845.02	0.0057	-0.0117	0.4119	-0.0072	-0.0108	cDC1
11637.06	11315.02	0.7578	-0.0547	-0.0592	0.0322	-0.0665	cDC2
11634.56	11044.02	0.5874	-0.0326	-0.0450	0.0487	-0.0468	cDC2
11633.56	10884.02	0.7959	-0.0051	-0.0386	0.6260	-0.0453	Double pos cDC2
11630.06	10916.02	0.7305	-0.0159	-0.0321	0.1847	-0.0416	cDC2
11619.06	11185.52	0.6187	-0.0284	-0.0317	0.0835	-0.0305	cDC2
