9464.79	976.0	-0.0670	-0.0461	0.7783	-0.0389	-0.0450	cDC1
9434.29	970.0	0.5967	-0.0631	-0.0674	-0.0670	-0.0683	cDC2
9431.79	981.0	-0.0841	-0.0495	0.5586	-0.0599	-0.0459	cDC1
9409.79	992.0	-0.0451	-0.0474	0.6001	-0.0677	-0.0487	cDC1
9401.29	976.0	-0.0455	-0.0007	-0.0455	0.6953	-0.0176	Myeloid cell
9400.29	958.5	-0.0248	-0.0508	0.7046	-0.0655	-0.0366	cDC1
9394.29	991.5	0.2998	-0.0530	-0.0596	-0.1394	0.1941	Other cell
9378.29	1006.5	-0.0560	-0.0554	0.5928	-0.0543	-0.0424	cDC1
9377.79	984.5	-0.1196	-0.0513	-0.0591	-0.0472	0.6699	B cell
9372.79	1008.5	-0.0446	-0.0545	0.5347	-0.0484	-0.0404	cDC1
9357.29	1008.5	-0.0274	-0.0186	0.8037	-0.0251	-0.0132	cDC1
9352.29	973.5	-0.0881	-0.0629	0.8130	-0.0506	-0.0517	cDC1
9349.79	1008.5	0.0206	0.0134	0.6235	-0.0358	0.0024	cDC1
9342.79	1005.5	-0.0273	-0.0125	0.7905	-0.0226	-0.0072	cDC1
9316.29	986.0	-0.0904	-0.0732	0.7085	-0.0659	-0.0652	cDC1
9312.79	990.5	0.4543	-0.0033	-0.0212	-0.0612	0.3738	cDC2
9286.79	967.5	-0.0409	-0.0347	0.5850	-0.0701	-0.0252	cDC1
9284.29	981.0	0.0137	-0.0560	0.6289	-0.0666	-0.0460	cDC1
9284.29	977.0	-0.0795	-0.0777	0.6694	-0.0774	-0.0567	cDC1
9280.79	993.0	-0.0332	-0.0104	0.6895	0.0068	0.0087	cDC1
9230.29	1011.0	0.1068	-0.0275	-0.0421	-0.0452	0.7661	B cell
9217.79	1017.5	-0.0283	-0.0068	-0.0064	-0.0117	0.8140	B cell
9194.79	1034.5	-0.0568	-0.0419	0.7622	-0.0358	-0.0273	cDC1
9184.29	1035.0	0.1826	-0.0140	0.3921	-0.0036	0.0986	Other cell
9084.79	1334.5	-0.0487	-0.0529	0.5215	-0.0557	-0.0424	cDC1
9071.29	1327.5	-0.0602	-0.0336	0.8130	-0.0289	-0.0292	cDC1
9472.29	1940.0	-0.0526	-0.0331	0.7031	0.0052	-0.0075	cDC1
9468.29	1492.0	-0.0385	-0.0202	0.7471	-0.0132	-0.0181	cDC1
9449.79	1975.5	0.9277	-0.0126	-0.0304	0.1008	-0.0449	cDC2
9433.29	1927.5	-0.0879	-0.0601	0.7515	-0.0450	-0.0467	cDC1
9432.29	1501.5	-0.0367	-0.0169	-0.0187	0.8018	-0.0385	Myeloid cell
9386.29	1485.5	0.3066	0.0213	-0.0149	0.6714	-0.0221	Myeloid cell
9381.79	1944.0	0.9033	-0.0139	-0.0249	-0.0135	-0.0272	cDC2
9374.79	1923.0	-0.0720	-0.0544	0.5542	-0.0441	-0.0438	cDC1
9374.29	1464.5	-0.0672	-0.0527	0.7212	-0.0434	-0.0483	cDC1
9362.79	1497.0	-0.0074	0.0126	-0.0066	0.7539	-0.0143	Myeloid cell
9361.79	1863.5	0.0070	0.0235	0.4062	0.0215	0.0067	cDC1
9360.29	1898.0	0.0366	-0.0160	-0.0348	0.7656	-0.0490	Myeloid cell
9356.79	1459.0	-0.0631	0.0067	0.6875	0.0978	-0.0044	cDC1
9325.79	1864.5	0.0030	0.0076	0.4238	0.0109	0.0033	cDC1
9317.79	1455.0	-0.0592	-0.0334	0.8267	-0.0253	-0.0287	cDC1
9305.79	1439.5	0.8979	-0.0244	-0.0308	-0.0308	-0.0338	cDC2
9294.79	1479.0	-0.0797	-0.0596	0.7974	-0.0446	-0.0412	cDC1
9289.79	1476.0	-0.0746	-0.0588	0.8101	-0.0456	-0.0478	cDC1
9285.29	1465.0	-0.0541	-0.0383	0.7783	-0.0338	-0.0334	cDC1
9284.79	1897.0	-0.0809	-0.0114	-0.0254	0.7310	-0.0316	Myeloid cell
9284.79	1814.0	-0.0444	0.0160	-0.0012	0.9531	-0.0118	Myeloid cell
9283.29	1788.0	0.0088	-0.0095	0.6011	-0.0373	-0.0013	cDC1
9272.29	1445.0	-0.0701	-0.0449	0.8740	-0.0337	-0.0381	cDC1
9264.79	1455.5	-0.0293	0.0214	-0.0269	0.8081	0.0238	Myeloid cell
9248.29	1591.0	0.0067	0.0005	0.3462	0.0078	-0.0001	Other cell
9235.29	1444.5	-0.0326	-0.0050	0.0398	0.8652	-0.0214	Myeloid cell
9221.29	1887.5	0.8608	0.0212	-0.0165	0.9834	-0.0425	Double pos cDC2
9217.29	1423.5	-0.0884	-0.0415	0.6611	-0.0437	-0.0380	cDC1
9215.29	1453.0	0.9009	-0.0118	-0.0251	-0.0069	-0.0188	cDC2
9208.29	1746.5	-0.0650	-0.0171	0.0056	0.5679	-0.0350	Myeloid cell
9204.79	1738.5	-0.0356	-0.0151	0.7021	-0.0117	-0.0095	cDC1
9193.79	1414.0	0.8940	-0.0157	-0.0272	-0.0176	-0.0239	cDC2
9190.79	1621.5	0.0155	-0.0130	0.4392	0.0272	0.0197	cDC1
9188.79	1629.0	-0.0456	0.0082	-0.0070	0.8354	-0.0132	Myeloid cell
9187.29	1897.5	-0.0498	-0.0248	0.8135	-0.0195	-0.0286	cDC1
9187.29	1413.0	0.8682	-0.0315	-0.0387	-0.0395	-0.0376	cDC2
9173.29	1730.0	0.0067	0.0202	0.0008	0.8574	-0.0045	Myeloid cell
9171.29	1751.0	0.8574	0.0242	-0.0101	0.9116	-0.0232	Double pos cDC2
9167.79	1453.0	-0.0620	-0.0325	0.6025	-0.0370	-0.0188	cDC1
9163.29	1731.5	-0.0236	0.0212	0.0015	0.8984	-0.0021	Myeloid cell
9157.79	1406.5	-0.0496	0.0122	-0.0064	0.9336	-0.0194	Myeloid cell
9142.79	1699.0	-0.0352	-0.0265	-0.0317	0.6621	-0.0369	Myeloid cell
9135.29	1371.5	-0.0341	-0.0081	0.7031	-0.0086	-0.0140	cDC1
9115.79	1645.0	-0.0417	0.0203	0.0549	0.6567	-0.0097	Myeloid cell
9111.79	1904.0	0.2156	-0.0063	-0.0324	0.5483	-0.0188	Myeloid cell
9110.79	1725.0	-0.0454	0.0101	-0.0093	0.8174	-0.0175	Myeloid cell
9108.79	1858.5	-0.0460	-0.0231	0.9004	-0.0066	-0.0217	cDC1
9105.29	1719.5	-0.0725	0.0035	-0.0046	0.8311	0.0046	Myeloid cell
9103.29	1735.5	-0.0278	-0.0140	-0.0280	0.6802	-0.0356	Myeloid cell
9102.79	1905.5	0.0421	0.0019	-0.0111	0.8296	-0.0230	Myeloid cell
9101.29	1650.0	0.0293	0.0406	0.0190	0.9429	0.0069	Myeloid cell
9097.79	1902.5	-0.0278	0.0167	-0.0062	0.7896	-0.0011	Myeloid cell
9096.79	1891.0	0.0292	0.0193	0.0007	0.9111	-0.0076	Myeloid cell
9096.79	1716.5	-0.0370	0.0277	0.0111	0.9336	-0.0025	Myeloid cell
9092.79	1734.0	-0.0480	0.0044	-0.0026	0.0699	0.5591	B cell
9085.79	1718.0	-0.0303	0.0181	0.0024	0.9346	-0.0081	Myeloid cell
9078.79	1661.0	-0.0487	-0.0348	0.6479	-0.0385	-0.0358	cDC1
9072.79	1925.5	-0.0463	0.0197	-0.0002	0.9800	-0.0152	Myeloid cell
9061.79	1735.0	0.0147	-0.0125	0.4985	0.1602	-0.0149	cDC1
9060.29	1347.0	0.9873	-0.0064	-0.0150	0.0038	-0.0199	cDC2
9036.79	1729.0	-0.0015	-0.0002	0.4175	0.0064	0.0008	cDC1
9008.29	1736.0	-0.0292	-0.0116	0.4321	0.0182	-0.0191	cDC1
8997.79	1720.5	-0.0146	0.0315	0.0085	0.7603	0.0038	Myeloid cell
8997.29	1456.5	-0.0895	-0.0490	0.6680	-0.0395	-0.0485	cDC1
8989.29	1655.0	-0.0383	0.0203	0.0086	0.9287	-0.0067	Myeloid cell
8974.79	1737.0	0.0731	0.0284	-0.0007	0.7437	-0.0067	Myeloid cell
9472.29	2586.0	-0.0408	-0.0202	0.6797	-0.0272	-0.0121	cDC1
9466.79	2522.5	-0.0671	-0.0018	-0.0202	0.6538	-0.0202	Myeloid cell
9445.79	2230.5	-0.0543	-0.0367	0.7490	-0.0339	-0.0345	cDC1
9434.79	2360.5	0.1595	0.0173	0.6050	-0.0065	0.0165	cDC1
9431.29	2234.0	-0.0530	-0.0254	0.0359	0.6592	-0.0222	Myeloid cell
9427.29	2412.0	0.0910	-0.0235	0.6685	-0.0377	-0.0209	cDC1
9421.79	2391.0	-0.0528	0.7959	-0.0485	-0.0287	-0.0429	pDC
9411.29	2380.0	-0.0505	-0.0505	0.6279	-0.0544	-0.0540	cDC1
9409.29	2368.0	0.8613	-0.0190	-0.0314	-0.0131	-0.0271	cDC2
9402.79	2245.5	-0.0570	-0.0309	0.9224	-0.0157	-0.0295	cDC1
9387.79	2403.0	-0.0340	-0.0136	0.6392	-0.0110	-0.0159	cDC1
9359.79	2233.5	-0.0252	0.0158	-0.0044	0.5630	-0.0032	Myeloid cell
9341.79	2672.5	-0.0562	-0.0367	0.7349	-0.0345	-0.0381	cDC1
9318.79	2226.5	-0.0335	-0.0297	0.6299	-0.0288	-0.0221	cDC1
9293.29	2237.0	-0.0725	-0.0614	0.8164	-0.0462	-0.0478	cDC1
9284.79	2241.5	-0.0767	-0.0474	0.8296	-0.0333	-0.0349	cDC1
9246.79	2391.0	-0.0453	0.0150	-0.0038	0.9424	-0.0130	Myeloid cell
9226.79	2185.0	0.9741	-0.0052	-0.0163	0.0021	-0.0156	cDC2
9219.79	2407.0	-0.0396	-0.0098	0.6558	0.0081	-0.0105	cDC1
9194.29	2231.0	0.0026	0.0358	0.0093	0.6128	0.0097	Myeloid cell
9193.79	2392.0	-0.0684	-0.0530	0.7275	-0.0446	-0.0482	cDC1
9164.79	2407.0	-0.0546	-0.0292	0.8325	-0.0212	-0.0307	cDC1
9162.79	2498.5	-0.0862	-0.0602	0.6567	-0.0740	-0.0697	cDC1
9150.79	2228.0	0.8511	-0.0360	-0.0436	-0.0418	-0.0446	cDC2
9143.79	2241.0	0.6831	-0.0649	-0.0684	-0.0723	-0.0726	cDC2
9142.79	2474.0	-0.0308	-0.0121	0.7988	-0.0075	-0.0103	cDC1
9139.79	2244.5	0.9634	0.0003	-0.0141	-0.0052	-0.0104	cDC2
9132.79	2411.0	-0.0018	0.0197	0.0079	0.0351	0.6201	B cell
9126.29	2264.0	-0.1037	-0.0457	-0.0430	0.6313	-0.0681	Myeloid cell
9122.29	2210.0	-0.0406	-0.0178	0.7168	-0.0093	-0.0159	cDC1
9106.79	2256.0	-0.0484	0.0119	-0.0375	0.7842	-0.0300	Myeloid cell
9098.79	2120.0	-0.0346	-0.0275	0.5132	-0.0245	-0.0228	cDC1
9088.29	2466.0	0.0508	-0.0195	0.7739	-0.0019	-0.0175	cDC1
9084.29	2293.0	-0.0566	-0.0289	0.8296	-0.0194	-0.0274	cDC1
9061.79	2388.0	-0.0414	-0.0390	0.6152	-0.0360	-0.0320	cDC1
9042.79	2057.5	0.9272	-0.0159	-0.0271	-0.0123	-0.0265	cDC2
9034.79	2208.0	-0.0327	-0.0393	0.7461	-0.0382	-0.0269	cDC1
9030.79	2187.0	-0.0591	0.0058	-0.0121	0.8862	-0.0222	Myeloid cell
9013.79	2181.5	-0.0511	-0.0377	0.6108	-0.0357	-0.0377	cDC1
8997.79	2261.0	-0.0489	-0.0320	0.8638	-0.0168	-0.0241	cDC1
8984.29	2057.0	-0.0516	-0.0005	0.0389	0.5859	-0.0079	Myeloid cell
8983.79	2065.5	-0.1159	-0.0968	0.5688	-0.0971	-0.0872	cDC1
9472.29	2696.5	0.7715	-0.0363	-0.0393	-0.0533	0.0193	cDC2
9468.79	2797.0	0.7764	-0.0058	-0.0091	0.1084	0.0078	cDC2
9462.79	2809.0	0.5752	-0.0066	-0.0165	-0.0346	0.0332	cDC2
9462.79	2693.5	-0.0725	-0.0497	0.8013	-0.0406	-0.0437	cDC1
9461.79	2712.5	-0.0797	-0.0667	0.6328	-0.0624	-0.0586	cDC1
9457.29	2864.0	-0.0247	-0.0411	0.6631	-0.0225	-0.0059	cDC1
9457.29	2716.0	-0.0547	-0.0232	0.8594	-0.0132	-0.0199	cDC1
9442.29	2809.0	-0.0909	-0.0743	0.7554	-0.0620	-0.0609	cDC1
9430.79	2694.0	-0.0586	-0.0405	0.6982	-0.0316	-0.0382	cDC1
9416.29	2787.0	-0.0388	-0.0388	0.7515	-0.0258	-0.0087	cDC1
9415.29	2693.5	-0.0021	-0.0098	0.4609	-0.0187	-0.0073	cDC1
9401.29	2688.5	-0.0772	-0.0546	0.7432	-0.0471	-0.0460	cDC1
9400.29	2716.0	-0.0637	-0.0163	-0.0262	-0.0171	0.8008	B cell
9396.79	2708.0	-0.0358	-0.0292	0.6587	-0.0227	-0.0233	cDC1
9376.79	2691.0	1.0127	-0.0173	-0.0261	-0.0199	-0.0318	cDC2
9370.79	2692.5	0.2627	0.0347	0.0117	0.0314	0.0614	Other cell
9361.79	2692.0	-0.0909	-0.0726	0.5757	-0.0647	-0.0586	cDC1
9354.79	2717.5	0.7544	-0.0343	-0.0241	-0.0412	-0.0221	cDC2
9346.79	2706.5	-0.0116	0.0128	-0.0021	0.5137	-0.0064	Myeloid cell
9338.79	2713.5	-0.0497	-0.0428	0.7280	-0.0464	-0.0368	cDC1
9336.29	2693.0	-0.0519	-0.0398	0.7817	-0.0253	-0.0339	cDC1
9332.29	2713.0	-0.0519	-0.0247	0.8076	-0.0225	-0.0284	cDC1
9327.79	2680.5	-0.0121	0.3108	-0.0283	0.0435	-0.0199	Other cell
9317.79	2688.5	-0.0491	-0.0147	0.9292	-0.0055	-0.0200	cDC1
9306.79	2733.0	0.4565	-0.0177	-0.0275	0.7461	-0.0793	Double pos cDC2
9295.29	2697.5	-0.0760	-0.0436	0.8330	-0.0279	-0.0362	cDC1
9960.29	643.5	0.2404	0.0098	-0.0401	0.7119	-0.0466	Myeloid cell
9957.29	657.5	-0.0489	0.0144	-0.0079	0.9116	-0.0151	Myeloid cell
9948.29	665.5	-0.0451	0.0182	-0.0075	0.9097	-0.0149	Myeloid cell
9941.79	588.5	0.1252	0.0069	-0.0141	0.6929	-0.0089	Myeloid cell
9938.29	644.0	-0.0422	0.0302	0.0059	0.0323	1.0947	B cell
9938.29	595.5	0.1243	-0.0623	0.3762	-0.0858	0.0556	Other cell
9937.79	623.5	-0.0451	-0.0341	0.8042	-0.0336	-0.0282	cDC1
9934.29	599.5	-0.0578	-0.0352	0.8545	-0.0186	-0.0316	cDC1
9916.29	564.5	-0.0399	-0.0237	0.7808	-0.0356	-0.0181	cDC1
9900.79	631.5	0.0154	0.0142	0.6797	0.0203	0.0289	cDC1
9898.29	645.0	0.8306	-0.0281	-0.0425	-0.0416	-0.0277	cDC2
9868.29	651.5	0.7666	0.0006	-0.0115	0.0131	-0.0152	cDC2
9857.79	654.5	-0.0147	-0.0259	0.6943	-0.0215	-0.0044	cDC1
9850.79	648.5	-0.0515	-0.0180	0.8018	-0.0156	-0.0183	cDC1
9828.29	626.0	-0.0489	-0.0499	0.6699	-0.0515	-0.0435	cDC1
9815.29	622.0	-0.0458	-0.0537	0.6431	-0.0536	-0.0434	cDC1
9791.79	617.5	-0.0905	-0.0770	0.6772	-0.0760	-0.0729	cDC1
9787.79	617.5	-0.0619	-0.0468	0.6411	-0.0710	-0.0528	cDC1
9776.29	613.5	0.0008	-0.0031	0.4197	0.0298	0.0119	cDC1
9774.29	599.0	-0.0627	-0.0133	-0.0418	0.6426	-0.0249	Myeloid cell
9773.29	635.5	-0.0620	-0.0405	0.7998	-0.0333	-0.0375	cDC1
9757.79	633.0	-0.0586	-0.0368	0.8896	-0.0156	-0.0302	cDC1
9753.29	597.5	0.4038	0.0069	0.0104	-0.0580	0.3406	cDC2
9739.29	623.0	-0.0533	-0.0430	0.4265	-0.0469	-0.0339	cDC1
9717.29	606.0	-0.0553	-0.0169	0.8882	-0.0112	-0.0223	cDC1
9711.79	628.0	-0.0006	-0.0142	0.4119	-0.0175	-0.0109	cDC1
9702.29	635.0	0.3337	-0.0025	0.0276	-0.0732	0.2986	Other cell
9972.29	739.5	0.0158	0.4717	-0.0342	-0.0193	-0.0388	pDC
9972.29	732.0	-0.1118	-0.0325	-0.0063	0.6411	-0.0137	Myeloid cell
9966.79	689.0	0.6924	-0.0192	-0.0372	0.6548	-0.0520	Double pos cDC2
9966.29	767.5	0.2190	0.0212	0.2788	0.0118	0.0614	Other cell
9965.79	735.0	-0.0983	0.6851	-0.0754	-0.0667	-0.0763	pDC
9956.29	724.0	0.5864	-0.0130	-0.0201	-0.0392	0.3328	cDC2
9940.29	684.0	-0.0475	-0.0318	0.4768	-0.0361	-0.0277	cDC1
9928.29	699.0	0.2300	0.0320	0.3918	0.0181	0.0940	Other cell
9927.79	718.0	0.0816	0.0132	0.3452	0.0760	-0.0190	Other cell
9924.29	729.0	0.4761	-0.0126	-0.0176	-0.0283	0.5024	Invalid
9921.29	669.0	0.1113	-0.0700	-0.0758	-0.0835	0.6768	B cell
9920.29	697.5	0.4360	0.0003	0.2473	-0.0149	0.0250	cDC2
9907.79	686.5	-0.0237	-0.0323	-0.0446	-0.0515	0.6855	B cell
9898.79	681.5	0.0681	-0.0494	-0.0510	-0.0689	0.7256	B cell
9896.29	679.0	0.0829	-0.0704	0.4475	-0.0160	-0.0064	cDC1
9877.29	669.0	-0.0299	-0.0345	0.7104	-0.0425	-0.0272	cDC1
9816.79	1136.5	-0.0669	-0.0432	0.6172	-0.0603	-0.0526	cDC1
9501.79	769.5	0.0271	-0.0223	0.6777	0.0236	0.0041	cDC1
9954.79	1820.5	0.0426	0.0161	-0.0056	0.8760	-0.0123	Myeloid cell
9950.29	1797.5	-0.0625	-0.0459	0.7563	-0.0494	-0.0489	cDC1
9950.29	1637.0	-0.0536	-0.0258	0.8779	-0.0118	-0.0246	cDC1
9947.79	1944.5	-0.0582	-0.0365	0.7637	-0.0303	-0.0379	cDC1
9947.29	1825.0	-0.0191	-0.0013	-0.0160	0.8403	-0.0357	Myeloid cell
9942.79	1749.5	-0.0890	-0.0012	0.2561	0.4707	-0.0168	Myeloid cell
9927.79	1947.0	-0.0521	-0.0314	0.7964	-0.0262	-0.0270	cDC1
9922.29	1871.0	0.7061	-0.0431	-0.0449	0.0487	-0.0425	cDC2
9920.79	1936.0	-0.0449	-0.0153	0.8530	-0.0107	-0.0222	cDC1
9920.29	1739.0	-0.0029	0.0045	0.6357	0.0199	-0.0004	cDC1
9918.29	1878.0	0.7134	-0.0417	-0.0524	0.2449	-0.0648	cDC2
9913.79	1665.0	-0.0285	0.0037	0.0002	0.8169	-0.0171	Myeloid cell
9909.79	1672.0	0.0196	0.0494	0.0569	0.5542	0.0130	Myeloid cell
9906.29	1875.5	-0.0624	-0.0056	-0.0215	0.8564	-0.0323	Myeloid cell
9899.79	1944.0	-0.0360	0.0491	0.4360	-0.0690	-0.0347	cDC1
9899.29	1936.0	-0.0580	-0.0587	0.5933	-0.0381	-0.0494	cDC1
9893.79	1589.0	-0.1188	-0.0612	-0.0282	0.6216	-0.0729	Myeloid cell
9893.29	1503.5	-0.0392	-0.0124	0.0119	0.8354	-0.0270	Myeloid cell
9886.29	1889.0	0.9146	-0.0105	-0.0238	0.0078	-0.0229	cDC2
9878.79	1577.5	-0.0605	-0.0404	0.8613	-0.0236	-0.0325	cDC1
9870.29	1945.0	-0.0811	-0.0643	0.7505	-0.0534	-0.0555	cDC1
9865.79	1514.0	-0.0263	0.0072	0.0085	0.7480	0.0071	Myeloid cell
9859.79	1867.5	0.9619	-0.0167	-0.0229	-0.0170	-0.0305	cDC2
9859.29	1873.5	0.6226	-0.0429	-0.0514	-0.0583	-0.0546	cDC2
9854.79	1520.5	0.9873	-0.0028	-0.0142	0.0030	-0.0152	cDC2
9849.29	1889.5	0.0471	-0.0022	-0.0380	0.6392	-0.0398	Myeloid cell
9836.79	1827.5	0.0680	-0.0075	-0.0257	0.6978	-0.0247	Myeloid cell
9831.29	1870.5	0.0499	0.0433	0.0037	0.9038	-0.0024	Myeloid cell
9829.79	1885.5	-0.0160	0.0228	0.0000	0.6167	0.0027	Myeloid cell
9828.29	1915.0	-0.0905	-0.0301	-0.0418	0.6846	-0.0535	Myeloid cell
9827.79	1951.0	0.5713	-0.0529	-0.0621	-0.0311	-0.0598	cDC2
9821.79	1915.0	-0.0527	-0.0068	-0.0155	0.8169	-0.0293	Myeloid cell
9816.29	1912.5	-0.0500	0.0097	-0.0084	0.8989	-0.0175	Myeloid cell
9814.29	1573.0	-0.0499	0.0068	-0.0095	0.8369	-0.0184	Myeloid cell
9809.29	1858.5	0.1609	0.0424	-0.0035	0.8789	-0.0182	Myeloid cell
9805.79	1552.5	-0.0632	-0.0068	-0.0194	0.8013	-0.0287	Myeloid cell
9803.79	1883.0	-0.0289	0.0034	-0.0126	0.8804	-0.0227	Myeloid cell
9797.79	1927.0	-0.0773	-0.0502	0.6177	-0.0540	-0.0543	cDC1
9786.29	1578.0	-0.0558	0.0074	-0.0098	0.9121	-0.0242	Myeloid cell
9781.79	1585.5	-0.0517	0.0168	-0.0013	0.9829	-0.0205	Myeloid cell
9776.29	1546.5	-0.0309	-0.0174	-0.0021	0.7715	-0.0365	Myeloid cell
9763.29	1540.0	-0.0282	0.0138	-0.0097	0.8506	-0.0139	Myeloid cell
9758.79	1847.5	-0.0380	-0.0014	-0.0070	0.6631	-0.0186	Myeloid cell
9745.29	1540.0	0.0209	0.0104	-0.0121	0.7769	-0.0151	Myeloid cell
9742.79	1839.0	0.9170	-0.0154	-0.0232	-0.0173	-0.0284	cDC2
9739.79	1538.5	0.1710	0.0200	0.0055	0.9243	-0.0076	Myeloid cell
9739.29	1532.0	-0.0640	0.0226	-0.0069	0.6987	-0.0142	Myeloid cell
9737.29	1525.0	-0.0591	0.0237	0.0121	0.8208	0.0045	Myeloid cell
9736.79	1892.0	-0.0374	0.8413	-0.0336	-0.0145	-0.0275	pDC
9734.79	1840.0	0.9292	-0.0132	-0.0235	-0.0140	-0.0244	cDC2
9729.29	1985.0	-0.0550	-0.0071	0.0131	0.7388	-0.0232	Myeloid cell
9729.29	1577.0	-0.0038	0.0203	0.0032	0.9077	-0.0062	Myeloid cell
9727.79	1543.5	-0.0301	0.0247	0.0084	0.9053	-0.0036	Myeloid cell
9727.79	1533.5	-0.0557	0.0033	-0.0133	0.8843	-0.0222	Myeloid cell
9726.29	1528.0	-0.0716	-0.0210	-0.0027	0.7217	0.0211	Myeloid cell
9712.79	1988.5	-0.0293	0.0245	0.0052	0.9893	-0.0047	Myeloid cell
9706.29	1947.5	-0.0834	-0.0646	0.6660	-0.0554	-0.0546	cDC1
9700.29	1988.0	-0.0229	0.0193	0.0035	0.9165	-0.0074	Myeloid cell
9700.29	1943.5	-0.0649	-0.0431	0.5576	-0.0435	-0.0332	cDC1
9696.29	2003.5	0.0395	0.0303	0.0197	0.8950	-0.0031	Myeloid cell
9691.79	1914.0	0.0783	0.0728	-0.0259	0.6938	0.0007	Myeloid cell
9677.29	1927.5	-0.0396	0.0168	-0.0006	0.9551	-0.0146	Myeloid cell
9668.29	1932.5	-0.0352	0.0188	0.0002	0.9648	-0.0140	Myeloid cell
9648.79	1911.0	-0.0432	0.0128	-0.0019	0.9126	-0.0140	Myeloid cell
9647.79	1522.5	-0.0586	-0.0090	-0.0275	0.5903	-0.0332	Myeloid cell
9617.79	1508.5	-0.0384	-0.0196	0.7407	-0.0207	-0.0154	cDC1
9614.29	1536.5	-0.0440	-0.0038	0.0047	0.6260	-0.0113	Myeloid cell
9595.29	1508.5	-0.0505	0.0067	0.0014	0.8057	-0.0149	Myeloid cell
9581.79	1505.5	-0.0590	-0.0035	-0.0138	0.7471	-0.0284	Myeloid cell
9579.29	1521.0	-0.0573	-0.0005	-0.0173	0.7104	-0.0085	Myeloid cell
9577.79	1508.0	-0.0316	-0.0019	-0.0170	0.7231	-0.0183	Myeloid cell
9569.79	1501.5	0.0280	0.0062	-0.0049	0.6704	-0.0070	Myeloid cell
9567.29	1930.5	-0.0594	0.0059	-0.0101	0.9258	-0.0237	Myeloid cell
9547.29	1514.0	-0.0629	0.0231	-0.0062	0.9717	-0.0148	Myeloid cell
9533.29	1998.0	-0.0620	0.0036	-0.0136	0.9082	-0.0270	Myeloid cell
9508.79	1500.5	0.9746	-0.0098	-0.0185	-0.0126	-0.0180	cDC2
9474.79	1940.0	-0.0338	-0.0217	0.8008	-0.0133	-0.0129	cDC1
9931.29	2042.0	0.9468	0.0009	-0.0239	0.1940	-0.0323	cDC2
9883.29	2318.5	0.9771	-0.0053	-0.0155	-0.0034	-0.0153	cDC2
9871.29	2323.5	-0.0276	-0.0079	0.6328	-0.0090	-0.0162	cDC1
9855.79	2044.5	0.8496	-0.0226	-0.0342	-0.0291	-0.0348	cDC2
9830.79	2295.5	-0.0400	0.0220	0.0036	0.9902	-0.0118	Myeloid cell
9825.29	2085.0	0.9668	-0.0120	-0.0245	0.0561	-0.0336	cDC2
9813.79	2442.0	-0.0320	-0.0100	0.7251	0.0995	-0.0242	cDC1
9810.29	2293.0	-0.0469	0.0091	-0.0092	0.9043	-0.0184	Myeloid cell
9808.79	2285.0	-0.0442	0.0069	-0.0099	0.8833	-0.0215	Myeloid cell
9801.29	2363.0	0.8623	-0.0310	-0.0433	0.1627	-0.0629	cDC2
9789.29	2281.0	-0.0489	0.0072	-0.0065	0.8652	-0.0175	Myeloid cell
9785.79	2257.0	-0.0488	-0.0105	-0.0355	0.7783	-0.0379	Myeloid cell
9775.29	2326.5	0.0315	-0.0182	0.5122	-0.0171	-0.0213	cDC1
9768.29	2154.0	-0.0469	-0.0466	0.4314	-0.0367	-0.0312	cDC1
9748.79	2402.5	-0.0751	-0.0641	0.7456	-0.0557	-0.0546	cDC1
9737.79	2161.5	0.7305	-0.0149	-0.0313	0.4978	-0.0253	Double pos cDC2
9733.79	2223.0	-0.0627	-0.0399	0.7886	-0.0334	-0.0394	cDC1
9732.29	2411.0	-0.0596	0.0047	-0.0124	0.8887	-0.0249	Myeloid cell
9728.29	2204.0	-0.0146	0.0276	0.0291	0.8008	-0.0172	Myeloid cell
9726.29	2374.5	0.0381	-0.0333	-0.0680	0.6978	-0.0569	Myeloid cell
9700.29	2491.0	-0.0327	0.0218	0.0062	0.8818	-0.0085	Myeloid cell
9692.29	2514.0	0.6260	-0.0065	-0.0405	0.8413	-0.0529	Double pos cDC2
9690.29	2189.0	0.0280	-0.0135	-0.0396	0.7803	-0.0468	Myeloid cell
9689.29	2393.5	-0.1098	-0.0720	0.5752	-0.0724	-0.0590	cDC1
9688.29	2447.5	0.1605	-0.0369	0.2007	0.3384	-0.0519	Other cell
9679.79	2348.0	0.8765	-0.0211	-0.0332	0.0086	-0.0326	cDC2
9678.79	2423.5	-0.0230	0.0059	-0.0021	0.6694	-0.0158	Myeloid cell
9677.79	2355.5	0.8467	-0.0314	-0.0364	-0.0247	-0.0367	cDC2
9657.79	2172.0	-0.0216	0.0165	-0.0038	0.6279	-0.0035	Myeloid cell
9655.29	2523.5	-0.0647	-0.0317	0.8081	-0.0198	-0.0283	cDC1
9652.29	2297.5	-0.0317	0.0058	-0.0162	0.6348	-0.0110	Myeloid cell
9648.29	2286.5	-0.0266	0.0080	-0.0123	0.9053	-0.0246	Myeloid cell
9635.29	2351.5	-0.0717	-0.0180	-0.0289	0.7534	-0.0400	Myeloid cell
9633.29	2672.5	-0.0503	-0.0032	-0.0311	0.7559	-0.0185	Myeloid cell
9627.79	2669.0	0.0281	0.0069	0.4019	0.0852	0.0046	cDC1
9623.79	2336.5	-0.0519	0.7319	-0.0523	-0.0405	-0.0450	pDC
9620.79	2176.5	-0.0526	-0.0005	-0.0148	0.8438	-0.0238	Myeloid cell
9618.29	2474.0	-0.0624	0.0039	-0.0127	0.8955	-0.0278	Myeloid cell
9617.29	2016.5	-0.0520	-0.0032	-0.0188	0.8540	-0.0327	Myeloid cell
9614.29	2180.0	-0.0465	0.0066	-0.0096	0.8667	-0.0187	Myeloid cell
9586.29	2349.5	0.9087	-0.0143	-0.0242	-0.0187	-0.0254	cDC2
9581.29	2610.5	0.5664	-0.0317	-0.0381	0.0601	-0.0424	cDC2
9575.29	2632.0	-0.0197	0.0113	-0.0165	0.5215	-0.0059	Myeloid cell
9575.29	2375.5	-0.0375	-0.0261	0.4824	-0.0215	-0.0249	cDC1
9567.79	2069.0	0.8311	-0.0098	-0.0433	0.7603	-0.0616	Double pos cDC2
9566.79	2065.0	0.0879	-0.0073	-0.0267	0.7729	-0.0306	Myeloid cell
9552.79	2354.5	-0.0440	0.8032	-0.0418	-0.0275	-0.0355	pDC
9548.79	2375.5	0.9316	-0.0240	-0.0367	0.0129	-0.0384	cDC2
9546.29	2578.0	-0.0198	-0.0182	0.5698	-0.0242	-0.0164	cDC1
9544.29	2046.5	-0.0336	0.0076	-0.0052	0.6890	-0.0487	Myeloid cell
9532.29	2608.5	0.8291	-0.0275	-0.0368	-0.0291	-0.0345	cDC2
9526.29	2596.0	0.4993	-0.0026	-0.0245	0.5815	-0.0245	Double pos cDC2
9522.79	2373.5	-0.0417	-0.0255	-0.0424	0.7007	-0.0454	Myeloid cell
9521.29	2579.0	0.3203	0.0061	-0.0080	0.8389	-0.0224	Myeloid cell
9520.79	2612.5	0.2866	0.0093	0.1689	0.0089	0.0234	Other cell
9477.29	2615.5	-0.0473	-0.0253	0.7852	-0.0083	-0.0282	cDC1
9968.29	2730.5	-0.0579	0.0017	-0.0153	0.8633	-0.0231	Myeloid cell
9953.29	2707.5	-0.0284	0.0215	-0.0003	0.7744	-0.0069	Myeloid cell
9934.79	2771.0	0.0622	0.0100	-0.0321	0.5703	-0.0172	Myeloid cell
9913.29	2718.0	0.0087	-0.0029	-0.0108	0.8198	-0.0231	Myeloid cell
9890.79	2837.0	-0.0746	-0.0064	-0.0088	0.6099	-0.0139	Myeloid cell
9867.79	2841.0	-0.0490	-0.0364	0.5586	-0.0374	-0.0328	cDC1
9829.29	2845.5	-0.0511	-0.0011	-0.0150	0.8730	-0.0278	Myeloid cell
9796.29	2727.5	-0.0771	-0.0625	0.7783	-0.0494	-0.0526	cDC1
9775.79	2691.0	-0.0008	0.0270	0.0018	0.6729	-0.0011	Myeloid cell
9760.79	2942.0	0.2147	0.0089	0.5513	0.0087	0.1025	cDC1
9746.79	2676.0	0.0602	0.0057	-0.0071	0.7778	0.0008	Myeloid cell
9712.79	2730.5	-0.1129	-0.0377	0.0196	0.6201	-0.0570	Myeloid cell
9707.79	2743.0	0.0036	0.0392	0.0284	0.7285	0.0083	Myeloid cell
9678.29	2848.5	-0.0943	-0.0194	-0.0150	0.6216	-0.0047	Myeloid cell
9670.29	2847.0	-0.0619	-0.0376	0.7017	-0.0308	-0.0284	cDC1
9661.79	2750.0	-0.0167	-0.0081	0.0681	0.4939	-0.0346	Myeloid cell
9647.29	2690.0	-0.0457	0.0107	-0.0048	0.8804	-0.0162	Myeloid cell
9573.79	2881.0	-0.0780	-0.0657	0.6982	-0.0555	-0.0597	cDC1
9570.79	2744.5	-0.0152	-0.0319	0.3826	-0.0367	-0.0298	Other cell
9533.79	2819.0	-0.1107	-0.0550	-0.0469	0.6138	-0.0654	Myeloid cell
9530.29	2803.5	0.8774	-0.0256	-0.0314	-0.0276	-0.0362	cDC2
9524.79	2797.5	0.7681	-0.0075	-0.0339	0.6938	-0.0403	Double pos cDC2
9513.79	2758.5	0.7988	-0.0358	-0.0513	0.0551	-0.0250	cDC2
9512.29	2750.0	0.9111	-0.0117	-0.0203	0.0122	-0.0267	cDC2
9505.79	2744.0	0.9688	-0.0078	-0.0214	-0.0064	-0.0229	cDC2
9493.29	2737.0	-0.0541	-0.0398	0.4646	-0.0438	-0.0383	cDC1
9485.79	2736.0	0.9551	-0.0097	-0.0212	-0.0056	-0.0234	cDC2
10103.29	660.5	-0.0601	-0.0077	0.0379	0.6035	-0.0238	Myeloid cell
10091.29	647.5	-0.0556	-0.0170	0.8472	-0.0153	-0.0081	cDC1
10075.79	641.5	-0.0508	-0.0270	0.8530	-0.0183	-0.0256	cDC1
10065.79	662.5	-0.0147	-0.0055	0.5073	0.0011	-0.0042	cDC1
10017.29	658.0	-0.0226	0.0251	-0.0078	1.0703	-0.0063	Myeloid cell
9979.29	595.0	-0.0526	-0.0292	0.7275	-0.0250	-0.0287	cDC1
9974.79	634.5	-0.1154	-0.0218	-0.0231	0.7041	-0.0461	Myeloid cell
10467.29	964.0	-0.0187	-0.0237	0.4102	-0.0197	-0.0187	cDC1
10452.79	1197.5	-0.0193	-0.0047	-0.0212	0.7090	-0.0243	Myeloid cell
10442.79	1094.0	0.8193	-0.0224	-0.0378	0.2773	-0.0426	cDC2
10442.79	971.5	0.9351	-0.0106	-0.0220	0.0179	-0.0227	cDC2
10433.79	1231.0	-0.0564	0.0004	-0.0103	0.0037	0.8662	B cell
10430.79	1018.5	0.8760	-0.0215	-0.0302	-0.0275	-0.0261	cDC2
10413.79	954.0	-0.0357	-0.0017	-0.0548	0.7808	-0.0423	Myeloid cell
10393.79	964.0	-0.0125	0.3911	-0.0399	-0.0286	-0.0309	Other cell
10356.29	783.5	-0.0216	-0.0334	-0.0140	0.6270	-0.0385	Myeloid cell
10340.29	854.0	-0.0734	-0.0012	-0.0193	0.8960	-0.0359	Myeloid cell
10338.29	784.0	-0.0162	-0.0177	0.6006	-0.0135	-0.0139	cDC1
10335.29	853.0	-0.0736	-0.0238	-0.0276	0.7461	-0.0109	Myeloid cell
10331.29	1171.0	0.9326	-0.0105	-0.0222	-0.0034	-0.0188	cDC2
10321.79	1154.0	-0.0512	0.0097	-0.0058	0.8984	-0.0194	Myeloid cell
10316.29	1227.0	-0.0365	0.0114	0.0001	0.8608	-0.0132	Myeloid cell
10311.79	1115.5	0.0007	0.0013	-0.0163	0.8027	-0.0230	Myeloid cell
10305.79	767.0	-0.0156	-0.0062	-0.0141	0.7739	-0.0481	Myeloid cell
10300.79	1053.5	-0.0583	-0.0087	-0.0237	0.7939	-0.0358	Myeloid cell
10300.29	1058.5	-0.0512	0.0039	-0.0148	0.8828	-0.0266	Myeloid cell
10299.29	765.0	-0.0420	0.0252	0.0054	1.0176	-0.0097	Myeloid cell
10297.29	750.5	-0.0016	-0.0040	0.4927	-0.0049	-0.0064	cDC1
10293.79	1331.0	-0.0972	-0.0203	-0.0416	0.6021	-0.0363	Myeloid cell
10290.79	920.5	-0.0687	0.0060	-0.0059	0.6909	-0.0263	Myeloid cell
10272.79	820.5	-0.0520	-0.0221	0.8984	-0.0123	-0.0244	cDC1
10249.29	931.5	-0.0098	-0.0112	0.4539	-0.0126	-0.0111	cDC1
10214.29	751.5	0.9858	-0.0083	-0.0188	0.0120	-0.0251	cDC2
10213.79	799.0	0.0407	0.0243	0.0040	0.6812	-0.0030	Myeloid cell
10201.79	721.0	-0.1031	-0.0884	0.5840	-0.0875	-0.0803	cDC1
10197.29	889.5	-0.0273	-0.0070	0.9277	0.0039	-0.0102	cDC1
10171.79	711.5	-0.0430	-0.0007	-0.0166	0.8379	-0.0220	Myeloid cell
10166.29	784.0	-0.0370	0.0185	-0.0016	0.8511	-0.0133	Myeloid cell
10143.79	686.5	-0.0441	0.0080	-0.0034	0.8408	-0.0146	Myeloid cell
10130.79	719.0	0.0046	0.0264	0.1653	0.3042	-0.0019	Other cell
10122.29	690.0	-0.0880	-0.0181	0.0462	0.6211	-0.0382	Myeloid cell
10119.29	689.5	-0.1075	-0.0224	0.0677	0.5952	-0.0312	Myeloid cell
10074.79	760.0	-0.0537	-0.0222	0.8159	-0.0199	-0.0271	cDC1
10059.79	752.5	-0.0527	-0.0271	0.7261	-0.0240	-0.0254	cDC1
10056.79	769.5	-0.0588	-0.0020	-0.0272	0.7642	-0.0239	Myeloid cell
10051.29	770.0	-0.0435	-0.0063	-0.0184	0.7515	-0.0253	Myeloid cell
10050.79	728.0	0.3210	0.0310	-0.0019	0.9492	-0.0115	Myeloid cell
10046.79	1264.0	0.8594	-0.0276	-0.0355	-0.0288	-0.0341	cDC2
10038.79	1267.5	0.8857	-0.0091	-0.0255	0.0925	-0.0246	cDC2
10036.29	1246.0	0.9067	-0.0126	-0.0238	-0.0064	-0.0219	cDC2
10035.79	693.0	-0.0062	0.0159	-0.0056	0.7905	-0.0032	Myeloid cell
10015.79	1308.5	-0.0412	0.0135	-0.0037	0.9155	-0.0097	Myeloid cell
10007.29	697.5	-0.0862	-0.0150	-0.0399	0.7017	-0.0367	Myeloid cell
10001.29	693.0	-0.0892	-0.0106	-0.0240	0.7388	-0.0199	Myeloid cell
10472.29	1604.0	-0.0584	0.0034	-0.0117	0.8608	-0.0211	Myeloid cell
10465.79	1923.0	-0.0345	0.0186	0.0062	0.9067	-0.0081	Myeloid cell
10461.29	1587.5	0.5586	-0.0341	-0.0438	0.1733	-0.0172	cDC2
10454.79	1900.5	-0.0309	0.0121	-0.0028	0.7246	-0.0088	Myeloid cell
10439.29	1613.5	0.0058	0.0273	0.5186	0.0144	0.0063	cDC1
10431.79	1734.0	-0.0446	0.0195	0.0024	1.0098	-0.0188	Myeloid cell
10422.79	1604.0	-0.0490	-0.0057	-0.0289	0.7822	-0.0277	Myeloid cell
10419.29	1872.5	0.9121	-0.0163	-0.0247	-0.0136	-0.0275	cDC2
10418.29	1629.0	-0.0720	-0.0035	-0.0175	0.8643	-0.0335	Myeloid cell
10413.79	1358.0	0.0067	-0.0002	0.3328	0.0064	0.0002	Other cell
10410.79	1376.5	0.8540	-0.0308	-0.0436	0.0343	-0.0431	cDC2
10409.79	1589.5	0.9180	-0.0099	-0.0220	-0.0055	-0.0188	cDC2
10409.29	1382.0	0.4597	-0.0569	-0.0623	0.4187	-0.0388	Double pos cDC2
10406.79	1920.0	-0.0362	-0.0179	-0.0323	0.6377	-0.0417	Myeloid cell
10394.29	1707.0	-0.0128	-0.0220	0.0132	0.6611	-0.0578	Myeloid cell
10393.29	1603.5	-0.0529	0.0098	-0.0077	0.9185	-0.0207	Myeloid cell
10393.29	1403.0	0.9658	-0.0164	-0.0312	0.0493	-0.0393	cDC2
10389.79	1410.0	0.8394	-0.0267	-0.0316	0.0314	0.0307	cDC2
10389.29	1524.5	-0.0245	0.0204	0.0047	0.8237	-0.0056	Myeloid cell
10389.29	1361.0	0.8770	-0.0238	-0.0319	0.0198	-0.0323	cDC2
10386.79	1696.5	-0.0481	0.0134	-0.0035	0.9834	-0.0225	Myeloid cell
10384.79	1654.0	-0.0489	0.0042	-0.0177	0.8379	-0.0201	Myeloid cell
10384.79	1604.0	-0.0121	0.0146	-0.0121	0.5415	-0.0163	Myeloid cell
10383.29	1502.0	-0.0522	0.0049	-0.0083	0.8379	-0.0188	Myeloid cell
10379.79	1657.5	-0.0434	-0.0067	-0.0192	0.7837	-0.0256	Myeloid cell
10377.29	1603.0	0.1191	0.0234	0.0089	0.8994	-0.0069	Myeloid cell
10373.79	1670.0	-0.0643	-0.0016	-0.0168	0.8726	-0.0328	Myeloid cell
10363.79	1550.0	0.8218	-0.0246	-0.0312	0.0452	-0.0372	cDC2
10361.79	1508.0	0.7744	-0.0286	-0.0359	0.3271	-0.0483	cDC2
10349.29	1920.5	-0.0204	0.0099	-0.0047	0.7266	-0.0043	Myeloid cell
10347.29	1913.0	-0.0377	0.0142	-0.0042	0.8960	-0.0124	Myeloid cell
10341.29	1424.0	0.9434	-0.0126	-0.0218	-0.0114	-0.0258	cDC2
10326.79	1505.0	0.8223	-0.0261	-0.0318	0.0029	-0.0414	cDC2
10320.79	1848.5	-0.0854	-0.0189	-0.0446	0.6411	-0.0388	Myeloid cell
10317.79	1638.5	-0.0612	0.0053	-0.0104	0.8804	-0.0242	Myeloid cell
10313.79	1491.0	0.8647	-0.0269	-0.0358	-0.0305	-0.0381	cDC2
10311.79	1867.0	0.0048	-0.0065	0.0012	0.9048	-0.0359	Myeloid cell
10309.29	1412.5	0.7207	-0.0162	-0.0410	0.6743	-0.0589	Double pos cDC2
10306.79	1503.5	-0.0148	-0.0467	-0.0423	0.4978	-0.0199	Myeloid cell
10301.79	1635.0	-0.0305	0.0085	-0.0053	0.8970	-0.0140	Myeloid cell
10300.79	1504.5	0.9038	-0.0176	-0.0282	-0.0098	-0.0311	cDC2
10295.79	1499.5	0.8701	-0.0215	-0.0304	-0.0206	-0.0327	cDC2
10294.79	1492.0	0.8413	-0.0230	-0.0336	-0.0261	-0.0326	cDC2
10291.29	1849.0	-0.0390	0.0175	-0.0082	0.8506	-0.0178	Myeloid cell
10291.29	1453.0	0.8984	-0.0167	-0.0228	-0.0060	-0.0302	cDC2
10288.79	1641.0	-0.0204	0.0188	-0.0003	0.6191	-0.0025	Myeloid cell
10287.79	1448.0	0.7432	-0.0478	-0.0536	-0.0495	-0.0536	cDC2
10278.79	1976.0	-0.0428	-0.0249	0.1721	0.6348	-0.0638	Myeloid cell
10277.29	1778.5	-0.0561	-0.0062	-0.0257	0.5923	-0.0215	Myeloid cell
10276.79	1349.0	-0.0351	0.0179	0.0008	0.9595	-0.0108	Myeloid cell
10276.29	1628.0	0.8188	0.0041	-0.0231	0.5459	-0.0338	Double pos cDC2
10273.29	1463.0	0.8750	-0.0182	-0.0291	-0.0202	-0.0308	cDC2
10271.79	1815.0	0.3845	-0.0131	-0.0403	0.6860	-0.0445	Myeloid cell
10270.79	1795.0	0.0082	-0.0037	-0.0049	0.7544	-0.0271	Myeloid cell
10266.29	1569.5	-0.0275	-0.0076	-0.0309	0.7402	-0.0421	Myeloid cell
10265.29	1403.0	0.2571	-0.0088	-0.0229	0.8711	-0.0601	Myeloid cell
10261.79	1574.0	-0.0050	0.0140	-0.0093	0.8530	-0.0130	Myeloid cell
10261.29	1525.5	0.9189	-0.0157	-0.0276	0.0090	-0.0349	cDC2
10257.79	1403.5	-0.0845	0.0015	0.1142	0.5879	-0.0131	Myeloid cell
10256.79	1396.5	-0.0295	0.0185	0.0002	0.6987	-0.0051	Myeloid cell
10252.79	1879.5	-0.0492	0.0051	-0.0101	0.8877	-0.0219	Myeloid cell
10251.79	1352.5	-0.0408	0.0018	-0.0152	0.6758	-0.0186	Myeloid cell
10247.79	1358.0	0.8081	-0.0203	-0.0296	0.2440	-0.0403	cDC2
10243.79	1416.0	-0.0101	0.0043	-0.0237	0.8291	0.0118	Myeloid cell
10235.79	1338.0	-0.0430	0.0181	0.0032	0.0252	0.9487	B cell
10227.79	1564.5	0.9727	-0.0170	-0.0245	0.0046	-0.0312	cDC2
10224.79	1997.0	-0.0394	0.0201	0.0043	0.8867	-0.0134	Myeloid cell
10200.29	1706.5	0.0906	0.0177	-0.0076	0.6450	-0.0145	Myeloid cell
10198.79	1715.0	-0.0547	-0.0074	-0.0298	0.8438	-0.0302	Myeloid cell
10193.79	1920.5	-0.0725	-0.0170	0.0398	0.6567	-0.0374	Myeloid cell
10174.79	1399.5	-0.0869	-0.0139	-0.0332	0.6138	-0.0311	Myeloid cell
10154.29	1756.5	-0.0874	-0.0093	-0.0122	0.6040	-0.0287	Myeloid cell
10147.79	1567.5	0.0043	0.0327	0.0118	0.5654	0.0147	Myeloid cell
10147.29	1400.0	0.9932	-0.0005	-0.0113	0.0086	-0.0137	cDC2
10138.79	1370.5	-0.0397	0.0088	-0.0110	0.8975	-0.0195	Myeloid cell
10066.29	1774.0	0.0021	-0.0056	-0.0277	0.5786	-0.0210	Myeloid cell
10064.79	1378.0	0.5586	-0.0065	-0.0184	-0.0030	-0.0242	cDC2
10043.79	1812.5	0.4268	0.0043	-0.0076	0.0787	-0.0161	cDC2
10019.79	1831.0	0.6133	0.0003	-0.0117	0.0024	-0.0228	cDC2
10008.29	1944.5	-0.0711	-0.0509	0.7812	-0.0403	-0.0453	cDC1
10005.29	1746.0	-0.0422	0.0107	0.0022	0.8750	-0.0118	Myeloid cell
9988.29	1790.5	0.8950	-0.0208	-0.0294	-0.0187	-0.0323	cDC2
9974.79	1897.0	-0.0277	0.0107	-0.0016	0.8936	-0.0108	Myeloid cell
10468.29	2456.0	-0.0217	0.0133	0.0267	0.7471	-0.0036	Myeloid cell
10466.29	2014.0	-0.0479	-0.0006	-0.0132	0.8560	-0.0120	Myeloid cell
10458.29	2449.0	0.0790	0.0110	0.0007	0.8003	-0.0156	Myeloid cell
10449.29	2073.0	-0.0588	-0.0382	0.2050	0.6323	-0.0654	Myeloid cell
10439.29	2648.0	-0.0544	0.0019	-0.0127	0.8286	-0.0242	Myeloid cell
10393.29	2518.5	-0.0326	0.0036	-0.0042	0.8350	-0.0141	Myeloid cell
10391.29	2027.0	0.0011	0.0122	-0.0000	0.9302	-0.0181	Myeloid cell
10384.79	2471.0	-0.0770	-0.0255	-0.0259	-0.0084	0.7935	B cell
10381.79	2029.5	-0.0223	-0.0205	0.5156	-0.0103	-0.0167	cDC1
10369.29	2404.5	0.1840	0.0041	0.0217	0.6606	-0.0151	Myeloid cell
10367.29	2450.0	-0.0454	0.0061	-0.0114	0.8853	-0.0149	Myeloid cell
10358.29	2439.0	-0.0359	0.0203	0.0046	0.9336	-0.0077	Myeloid cell
10350.29	2455.0	-0.0190	-0.0104	-0.0342	0.7563	-0.0231	Myeloid cell
10348.29	2461.5	-0.0497	-0.0186	-0.0261	0.6724	-0.0176	Myeloid cell
10347.79	2505.0	-0.0566	0.7832	-0.0507	-0.0358	-0.0450	pDC
10330.79	2479.0	-0.0135	0.0220	0.0037	0.6787	0.0012	Myeloid cell
10330.29	2567.5	0.9614	-0.0110	-0.0206	-0.0143	-0.0247	cDC2
10315.29	2395.0	-0.0807	-0.0533	0.7446	-0.0466	-0.0428	cDC1
10305.29	2539.0	0.9434	-0.0085	-0.0191	-0.0051	-0.0173	cDC2
10294.29	2489.5	-0.0548	0.0147	-0.0057	0.9634	-0.0245	Myeloid cell
10264.79	2425.0	0.0081	0.0011	-0.0062	0.6377	-0.0263	Myeloid cell
10242.79	2505.0	-0.0371	0.0056	-0.0129	0.5908	-0.0131	Myeloid cell
10225.79	2482.0	-0.0486	-0.0432	0.5928	-0.0408	-0.0351	cDC1
10217.79	2461.0	-0.0574	-0.0007	-0.0159	0.8667	-0.0247	Myeloid cell
10212.29	2529.5	0.1588	0.0162	-0.0023	0.9111	-0.0246	Myeloid cell
10207.29	2463.5	-0.0381	0.0055	-0.0087	0.8125	-0.0182	Myeloid cell
10201.29	2440.5	0.9292	-0.0110	-0.0225	0.0059	-0.0240	cDC2
10187.79	2520.0	-0.0394	0.0095	-0.0066	0.7251	-0.0138	Myeloid cell
10184.79	2525.0	-0.0616	-0.0018	0.0014	0.7866	-0.0244	Myeloid cell
10174.79	2007.0	0.0456	0.0105	-0.0236	0.7578	-0.0286	Myeloid cell
10168.29	2435.0	0.0540	0.0271	-0.0027	0.5869	0.0137	Myeloid cell
10160.29	2339.5	0.7271	-0.0311	-0.0368	-0.0128	-0.0367	cDC2
10150.79	2629.5	0.0748	-0.0064	-0.0189	0.7104	-0.0264	Myeloid cell
10139.29	2541.5	-0.0580	0.0136	-0.0070	0.9570	-0.0241	Myeloid cell
10138.79	2536.5	-0.0580	-0.0321	-0.0261	0.3960	-0.0389	Other cell
10138.29	2464.0	-0.0288	0.5884	-0.0378	-0.0314	-0.0247	pDC
10137.29	2420.5	0.6167	-0.0146	0.0053	-0.0218	-0.0257	cDC2
10130.79	2520.5	0.1326	0.0222	-0.0084	0.7490	-0.0082	Myeloid cell
10128.79	2460.0	0.6069	-0.0611	-0.0667	0.2000	-0.0855	cDC2
10126.29	2642.0	-0.0370	0.0165	-0.0022	0.9526	-0.0142	Myeloid cell
10123.29	2459.5	0.9331	-0.0305	-0.0329	-0.0251	-0.0427	cDC2
10122.79	2418.0	0.8755	-0.0161	-0.0270	-0.0155	-0.0279	cDC2
10113.79	2405.5	-0.0766	-0.0426	-0.0414	0.5605	-0.0706	Myeloid cell
10103.29	2442.5	0.6875	0.0409	0.0119	0.9121	-0.0144	Double pos cDC2
10098.79	2510.0	0.3364	0.0400	0.0042	0.8320	-0.0051	Myeloid cell
10095.29	2522.0	-0.0382	0.0167	0.0018	0.8677	-0.0093	Myeloid cell
10095.29	2433.0	-0.0485	0.0129	-0.0053	0.9141	-0.0127	Myeloid cell
10092.29	2401.5	-0.0144	-0.0035	0.5093	-0.0092	-0.0163	cDC1
10085.79	2490.5	0.4988	-0.0108	-0.0168	0.3342	-0.0219	cDC2
10084.29	2667.5	-0.0482	-0.0410	0.6099	-0.0357	-0.0329	cDC1
10082.79	2481.5	-0.0540	0.0027	-0.0128	0.8765	-0.0206	Myeloid cell
10081.79	2510.0	0.8442	0.0032	-0.0222	0.4956	-0.0356	Double pos cDC2
10079.29	2410.5	-0.0504	0.0050	-0.0114	0.9072	-0.0146	Myeloid cell
10043.29	2456.0	-0.0847	-0.0188	0.0221	0.6816	-0.0152	Myeloid cell
10013.79	2353.5	-0.0481	0.0229	0.0012	0.9854	-0.0153	Myeloid cell
9992.29	2347.5	0.9287	-0.0120	-0.0211	-0.0091	-0.0250	cDC2
9986.79	2350.5	0.5757	-0.0521	-0.0577	-0.0574	-0.0602	cDC2
10452.29	2728.0	0.7627	-0.0304	-0.0419	0.0564	-0.0072	cDC2
10438.79	2983.0	0.0275	0.0121	0.4395	0.0058	0.0155	cDC1
10418.79	2974.0	-0.0643	-0.0599	0.4124	-0.0596	-0.0523	cDC1
10411.79	2729.5	-0.0509	-0.0085	-0.0267	0.7261	-0.0229	Myeloid cell
10406.29	2727.5	0.0529	-0.0083	-0.0300	0.7798	-0.0496	Myeloid cell
10404.29	2763.5	-0.1263	0.5459	-0.1142	-0.1049	-0.1111	pDC
10399.29	2715.5	-0.0437	-0.0246	0.8286	-0.0281	-0.0200	cDC1
10369.29	2750.0	0.9634	-0.0031	-0.0163	0.0018	-0.0148	cDC2
10362.29	2787.5	-0.0535	-0.0194	-0.0370	0.8042	-0.0320	Myeloid cell
10358.79	2795.0	0.9185	-0.0185	-0.0271	-0.0168	-0.0306	cDC2
10337.79	2721.5	-0.0330	0.0395	0.6270	0.0529	0.0284	cDC1
10325.79	2718.0	-0.0153	-0.0065	0.6099	-0.0063	-0.0067	cDC1
10323.79	2767.0	-0.0415	-0.0340	0.7163	-0.0331	-0.0300	cDC1
10305.79	2775.0	-0.0465	-0.0112	-0.0437	0.6426	-0.0387	Myeloid cell
10300.29	2789.5	-0.0382	-0.0036	-0.0142	0.6509	-0.0195	Myeloid cell
10300.29	2706.0	-0.0720	-0.0516	0.7520	-0.0435	-0.0451	cDC1
10266.79	2704.5	-0.0385	-0.0332	0.6338	-0.0334	-0.0332	cDC1
10232.79	2729.5	-0.0164	-0.0261	0.4255	-0.0290	-0.0220	cDC1
10169.79	2698.0	0.8081	-0.0319	-0.0388	0.0164	-0.0419	cDC2
10077.79	2775.5	0.9170	-0.0204	-0.0284	-0.0229	-0.0331	cDC2
10854.79	656.0	0.2026	0.0572	0.1539	0.2983	0.0324	Other cell
10847.29	646.5	0.7803	-0.0409	-0.0482	-0.0461	-0.0511	cDC2
10846.29	664.0	-0.0928	-0.0764	0.7095	-0.0671	-0.0687	cDC1
10840.29	665.5	-0.0715	-0.0449	0.7803	-0.0326	-0.0448	cDC1
10838.29	637.5	-0.0659	-0.0031	-0.0192	0.8633	-0.0281	Myeloid cell
10835.79	629.5	0.3262	-0.0184	-0.0328	0.0324	-0.0154	Other cell
10835.79	623.0	0.9380	-0.0165	-0.0281	-0.0200	-0.0287	cDC2
10832.29	605.5	0.6802	-0.0492	-0.0472	-0.0348	-0.0477	cDC2
10829.79	614.0	0.2245	0.0562	0.0347	0.0459	0.4768	B cell
10811.79	435.5	0.0188	-0.0401	0.4644	-0.0673	-0.0259	cDC1
10808.29	445.5	0.0090	-0.0176	0.5410	-0.0164	0.0251	cDC1
10799.79	608.5	-0.0198	-0.0049	0.5908	-0.0072	-0.0086	cDC1
10764.79	433.0	-0.0247	-0.0332	0.7485	-0.0381	-0.0057	cDC1
10750.29	537.5	-0.0619	-0.0381	0.9302	-0.0168	-0.0265	cDC1
10749.29	502.0	-0.0433	-0.0364	0.6968	-0.0447	-0.0023	cDC1
10742.79	443.5	-0.0128	-0.0051	0.5493	-0.0082	-0.0102	cDC1
10739.29	534.0	-0.0556	0.0069	-0.0085	0.9438	-0.0241	Myeloid cell
10735.79	652.0	-0.0573	0.0046	-0.0119	0.8799	-0.0231	Myeloid cell
10734.79	528.0	-0.0748	0.0005	-0.0075	0.8091	0.0120	Myeloid cell
10732.79	499.0	0.9370	-0.0185	-0.0303	-0.0231	-0.0286	cDC2
10727.29	485.5	0.3442	0.0248	0.2328	0.4580	0.0228	Myeloid cell
10722.79	627.0	-0.0359	-0.0310	0.7705	-0.0375	-0.0214	cDC1
10722.79	604.5	-0.0194	-0.0342	0.7305	-0.0422	-0.0240	cDC1
10721.29	615.5	0.8374	-0.0184	0.0104	-0.0099	0.0010	cDC2
10719.79	650.5	0.7349	-0.0574	-0.0617	-0.0589	-0.0580	cDC2
10718.79	596.0	-0.0328	-0.0359	0.4917	-0.0305	-0.0306	cDC1
10717.29	582.0	-0.0580	-0.0310	0.8384	-0.0201	-0.0254	cDC1
10958.79	827.0	-0.0370	0.0161	-0.0025	0.8594	-0.0108	Myeloid cell
10951.79	775.0	-0.0735	-0.0584	0.7295	-0.0516	-0.0523	cDC1
10946.79	804.0	0.0223	-0.0034	0.4263	0.1812	0.0544	cDC1
10937.79	803.0	-0.0912	-0.0204	-0.0381	0.7520	-0.0366	Myeloid cell
10934.29	796.5	-0.0492	0.0072	-0.0083	0.8965	-0.0150	Myeloid cell
10930.79	1109.0	-0.0514	0.0136	-0.0044	0.9438	-0.0186	Myeloid cell
10917.29	1116.5	-0.0568	0.0079	-0.0109	0.9087	-0.0223	Myeloid cell
10902.79	759.5	-0.0604	-0.0099	-0.0263	0.8286	-0.0334	Myeloid cell
10900.29	754.0	-0.0524	-0.0024	-0.0186	0.8755	-0.0304	Myeloid cell
10890.79	1120.5	-0.0575	-0.0448	0.7275	-0.0413	-0.0406	cDC1
10863.79	1115.5	-0.0363	-0.0172	0.7275	-0.0065	-0.0140	cDC1
10845.29	698.5	0.5586	-0.0145	0.2622	-0.0212	0.0745	cDC2
10844.29	669.0	-0.0627	-0.0433	0.7456	-0.0387	-0.0429	cDC1
10832.79	686.5	-0.0577	-0.0508	0.5435	-0.0529	-0.0491	cDC1
10800.29	1128.0	0.6504	-0.0149	-0.0369	0.5737	-0.0415	Double pos cDC2
10762.79	1124.5	0.0226	-0.0092	0.6855	-0.0126	-0.0070	cDC1
10737.79	1122.0	-0.0440	-0.0367	0.5405	-0.0471	-0.0460	cDC1
10723.29	717.5	-0.0159	-0.0324	0.7168	-0.0464	-0.0324	cDC1
10719.79	724.5	-0.0489	-0.0444	0.8140	-0.0328	-0.0330	cDC1
10706.29	726.5	-0.0670	-0.0339	0.0146	0.7026	-0.0357	Myeloid cell
10705.29	1150.0	-0.0359	-0.0486	0.4470	-0.0513	-0.0380	cDC1
10690.79	697.5	-0.0529	-0.0419	-0.0427	0.6431	-0.0693	Myeloid cell
10684.29	701.5	-0.0408	0.0077	-0.0101	0.8374	-0.0213	Myeloid cell
10673.79	1156.0	-0.0466	-0.0297	0.6846	-0.0258	-0.0235	cDC1
10655.79	1152.5	0.0151	0.0183	-0.0028	0.7676	0.0051	Myeloid cell
10651.79	709.5	-0.0134	-0.0012	0.5303	-0.0038	-0.0093	cDC1
10634.79	756.0	0.9307	-0.0115	-0.0235	0.0154	-0.0223	cDC2
10609.79	766.5	0.0256	-0.0506	-0.0551	0.6226	-0.0662	Myeloid cell
10581.79	766.0	0.0016	-0.0018	0.6655	-0.0074	0.0018	cDC1
10555.29	1158.5	0.8032	-0.0360	-0.0508	-0.0109	-0.0471	cDC2
10552.79	1260.5	-0.0069	-0.0102	0.4309	-0.0176	-0.0176	cDC1
10549.79	1162.0	0.8618	-0.0190	-0.0305	-0.0198	-0.0285	cDC2
10546.79	1180.5	-0.0653	-0.0303	0.8335	-0.0190	-0.0257	cDC1
10539.79	1334.5	-0.0442	0.0316	0.0101	1.0107	-0.0046	Myeloid cell
10539.29	801.5	-0.0651	0.7822	-0.0485	-0.0181	-0.0426	pDC
10512.79	1201.0	0.3445	0.0206	0.0050	0.8560	-0.0061	Myeloid cell
10509.79	823.0	-0.0441	0.0064	-0.0038	0.8369	-0.0158	Myeloid cell
10502.79	978.5	0.0032	0.0372	0.0113	0.6035	0.0126	Myeloid cell
10496.79	1190.5	0.0120	0.0370	0.0766	0.5566	0.0186	Myeloid cell
10495.29	1176.5	0.9355	-0.0064	-0.0196	0.0015	-0.0175	cDC2
10491.29	856.5	-0.0533	0.0117	-0.0021	0.8931	-0.0103	Myeloid cell
10487.79	988.0	-0.0469	0.0097	-0.0058	0.9116	-0.0194	Myeloid cell
10474.79	1022.0	-0.0611	-0.0082	-0.0239	0.6206	-0.0205	Myeloid cell
10960.29	1781.5	-0.0513	-0.0172	0.8447	-0.0109	-0.0208	cDC1
10958.29	1989.0	-0.0838	0.0086	0.5586	0.1194	-0.0009	cDC1
10956.79	1867.0	-0.0359	0.0156	-0.0011	0.9443	-0.0114	Myeloid cell
10954.79	2003.5	0.0940	-0.0092	-0.0024	0.8872	-0.0492	Myeloid cell
10951.29	1865.5	-0.0659	-0.0339	-0.0460	0.6777	-0.0468	Myeloid cell
10923.79	1836.0	0.9292	-0.0043	-0.0185	0.1603	-0.0316	cDC2
10895.79	1839.5	0.0313	-0.0061	-0.0257	0.7148	-0.0356	Myeloid cell
10890.79	1885.5	0.0306	0.0171	-0.0089	0.6113	0.0055	Myeloid cell
10885.79	1889.0	-0.0920	-0.0423	-0.0552	0.6211	-0.0629	Myeloid cell
10875.29	1941.5	-0.0684	0.0014	-0.0157	0.9072	-0.0308	Myeloid cell
10856.79	1646.0	0.0318	0.0239	-0.0066	0.6787	-0.0338	Myeloid cell
10852.29	1651.5	-0.0348	-0.0223	-0.0477	0.6782	0.0022	Myeloid cell
10844.79	1654.5	-0.0333	0.0051	-0.0082	0.0067	0.6641	B cell
10837.29	1895.0	-0.0250	-0.0011	-0.0157	0.8647	-0.0205	Myeloid cell
10820.29	1921.5	-0.1266	-0.0273	0.0528	0.4932	-0.0465	Myeloid cell
10780.79	1629.0	0.1218	-0.0029	-0.0133	0.8857	-0.0278	Myeloid cell
10779.29	1941.0	-0.0111	0.5190	0.0101	0.0279	-0.0174	pDC
10773.79	1848.0	0.1384	0.0150	-0.0044	0.9258	-0.0176	Myeloid cell
10764.79	1844.5	-0.0295	0.0114	-0.0064	0.7734	-0.0129	Myeloid cell
10758.79	1837.5	-0.0656	-0.0112	-0.0237	0.8271	-0.0330	Myeloid cell
10751.29	1916.5	-0.0794	0.1356	0.2371	-0.0057	-0.0385	Other cell
10737.79	1903.5	-0.0586	-0.0058	-0.0249	0.8018	-0.0248	Myeloid cell
10724.29	1893.0	-0.0468	0.0067	-0.0109	0.8975	-0.0205	Myeloid cell
10723.29	1678.5	0.9116	-0.0168	-0.0271	-0.0184	-0.0266	cDC2
10719.29	1885.5	-0.0612	-0.0034	-0.0200	0.8477	-0.0287	Myeloid cell
10715.29	1680.5	0.6680	-0.0649	-0.0684	-0.0667	-0.0654	cDC2
10713.79	1784.0	-0.0701	-0.0033	-0.0178	0.8496	-0.0291	Myeloid cell
10701.79	1784.0	-0.0486	-0.0134	-0.0238	0.7197	-0.0293	Myeloid cell
10697.29	1807.0	0.7109	-0.0159	-0.0503	0.7686	-0.0607	Double pos cDC2
10694.29	1878.5	-0.0868	-0.0260	-0.0048	0.7002	-0.0466	Myeloid cell
10683.79	1905.0	-0.0372	0.8330	-0.0356	-0.0182	-0.0291	pDC
10681.29	1674.5	-0.0400	0.0082	-0.0075	0.8647	-0.0172	Myeloid cell
10672.79	1998.0	-0.0425	0.0188	-0.0009	0.9756	-0.0157	Myeloid cell
10665.29	1653.0	-0.0937	-0.0232	-0.0435	0.7129	-0.0597	Myeloid cell
10652.29	1850.5	-0.0583	-0.0056	-0.0208	0.8472	-0.0323	Myeloid cell
10645.79	1757.0	0.0817	-0.0132	-0.0273	0.7231	-0.0312	Myeloid cell
10644.79	1671.5	1.0010	-0.0008	-0.0135	0.0093	-0.0157	cDC2
10641.79	1750.5	0.0129	-0.0254	-0.0286	0.7505	-0.0577	Myeloid cell
10637.29	1844.5	-0.0810	-0.0591	0.6104	-0.0202	-0.0471	cDC1
10634.29	1750.5	-0.0414	0.0069	-0.0169	0.9038	-0.0284	Myeloid cell
10632.29	1984.5	0.0740	0.0210	0.0017	0.7505	-0.0087	Myeloid cell
10625.79	1835.5	-0.0822	-0.0421	0.7041	-0.0368	-0.0322	cDC1
10621.79	1607.0	-0.0580	-0.0030	-0.0179	0.8389	-0.0260	Myeloid cell
10615.79	1866.5	-0.0867	-0.0643	0.7095	-0.0546	-0.0541	cDC1
10613.29	1664.0	0.0126	0.0242	-0.0053	0.7837	-0.0135	Myeloid cell
10608.79	1997.5	-0.0421	0.0110	-0.0013	0.8477	-0.0106	Myeloid cell
10605.29	1721.5	-0.0521	0.0146	-0.0035	0.9502	-0.0222	Myeloid cell
10601.79	1854.5	-0.0806	-0.0596	0.6396	-0.0534	-0.0514	cDC1
10599.29	1850.0	0.0320	0.0351	0.1201	0.2607	0.0254	Other cell
10588.29	1839.5	-0.0633	-0.0480	0.6987	-0.0599	-0.0594	cDC1
10586.79	1854.5	-0.0442	-0.0154	0.7065	-0.0199	-0.0127	cDC1
10571.29	1796.0	-0.0616	0.0011	-0.0152	0.8975	-0.0260	Myeloid cell
10569.79	1601.5	0.9229	-0.0190	-0.0264	-0.0230	-0.0303	cDC2
10568.29	1787.5	-0.0416	0.0047	-0.0102	0.8203	-0.0198	Myeloid cell
10566.79	1662.0	0.1450	0.0098	-0.0315	0.7358	-0.0252	Myeloid cell
10557.79	1998.5	-0.0314	-0.0113	-0.0194	0.8013	-0.0296	Myeloid cell
10548.79	1998.0	-0.0463	0.0153	-0.0041	0.9194	-0.0064	Myeloid cell
10539.29	1617.5	-0.0450	0.0072	-0.0082	0.8662	-0.0182	Myeloid cell
10537.79	1338.0	-0.0604	0.0049	-0.0120	0.9043	-0.0248	Myeloid cell
10531.79	1996.0	-0.0641	-0.0199	-0.0336	0.8149	-0.0426	Myeloid cell
10531.29	1963.5	0.3767	0.0177	-0.0208	0.7417	-0.0025	Myeloid cell
10529.79	1757.0	-0.0599	-0.0253	0.7256	-0.0289	-0.0342	cDC1
10524.29	1613.0	0.9648	-0.0124	-0.0194	-0.0002	-0.0266	cDC2
10520.79	1838.5	-0.0424	0.0124	-0.0060	0.8687	-0.0203	Myeloid cell
10520.29	1832.5	-0.0623	0.0020	-0.0168	0.8013	-0.0227	Myeloid cell
10518.29	1756.5	-0.0630	-0.0397	0.8027	-0.0304	-0.0381	cDC1
10514.79	1828.0	-0.0620	-0.0040	-0.0115	0.8247	-0.0101	Myeloid cell
10500.29	1740.5	-0.0509	0.0020	-0.0112	0.8672	-0.0212	Myeloid cell
10496.79	1986.0	-0.0426	0.0004	-0.0176	0.5674	-0.0190	Myeloid cell
10478.79	1616.5	0.7461	-0.0408	-0.0499	0.0116	-0.0626	cDC2
10972.29	2441.5	-0.0604	0.0092	-0.0081	0.9336	-0.0279	Myeloid cell
10964.79	2031.0	-0.0675	-0.0003	-0.0169	0.8833	-0.0306	Myeloid cell
10931.79	2168.0	-0.0615	0.0063	-0.0120	0.9502	-0.0328	Myeloid cell
10929.29	2207.0	-0.0229	0.0166	0.0005	0.7310	-0.0046	Myeloid cell
10909.79	2672.5	-0.0432	-0.0086	-0.0226	0.7534	-0.0231	Myeloid cell
10906.29	2652.0	-0.0236	-0.0360	0.4531	-0.0366	-0.0292	cDC1
10902.79	2670.5	-0.0426	0.0004	-0.0170	0.0356	0.6523	B cell
10896.79	2203.5	-0.0488	0.0026	-0.0101	0.8867	-0.0179	Myeloid cell
10895.29	2508.5	0.7915	-0.0215	-0.0252	0.2164	-0.0463	cDC2
10895.29	2034.0	0.8599	-0.0308	-0.0494	-0.0294	-0.0329	cDC2
10890.29	2532.5	0.8989	-0.0099	-0.0237	-0.0044	-0.0196	cDC2
10889.79	2267.0	-0.0244	0.0223	0.0070	0.9043	-0.0047	Myeloid cell
10889.79	2037.0	-0.0589	-0.0292	-0.0348	0.7207	-0.0047	Myeloid cell
10888.79	2512.5	0.9351	-0.0164	-0.0219	0.0185	-0.0222	cDC2
10884.29	2068.5	-0.0636	0.0052	-0.0136	0.8979	-0.0302	Myeloid cell
10882.79	2510.0	0.6123	-0.0357	-0.0401	0.0035	-0.0177	cDC2
10877.79	2236.0	-0.0090	0.0076	-0.0136	0.7974	-0.0249	Myeloid cell
10875.29	2254.5	0.0876	0.0291	0.0041	0.9536	-0.0067	Myeloid cell
10866.29	2352.0	-0.0484	0.7227	-0.0455	-0.0393	-0.0413	pDC
10861.79	2279.5	-0.0155	0.0175	-0.0021	0.6689	-0.0000	Myeloid cell
10860.79	2495.5	1.0020	-0.0247	-0.0270	-0.0104	-0.0432	cDC2
10859.29	2287.0	0.1466	0.0326	0.0020	0.8828	-0.0043	Myeloid cell
10858.29	2628.0	-0.0332	0.0257	0.0075	0.9985	-0.0089	Myeloid cell
10856.29	2153.5	-0.0519	0.0067	-0.0064	0.8940	-0.0209	Myeloid cell
10855.79	2200.0	-0.0439	-0.0049	-0.0193	0.7690	-0.0234	Myeloid cell
10855.29	2389.5	-0.1072	-0.0414	0.0036	0.5933	-0.0649	Myeloid cell
10845.79	2261.5	0.0232	0.0021	-0.0235	0.5596	-0.0150	Myeloid cell
10808.29	2332.0	-0.0472	0.0060	-0.0064	0.8130	-0.0166	Myeloid cell
10804.29	2307.0	-0.0385	-0.0041	0.2549	0.3582	-0.0241	Other cell
10796.79	2086.0	-0.0034	0.0506	0.4202	-0.0284	-0.0264	cDC1
10784.29	2544.0	-0.0369	0.0225	0.0039	0.9912	-0.0124	Myeloid cell
10778.79	2039.0	0.7881	-0.0488	-0.0543	-0.0583	-0.0555	cDC2
10758.79	2141.0	0.2898	0.0066	-0.0085	0.8618	-0.0123	Myeloid cell
10757.29	2131.0	-0.0624	-0.0082	-0.0204	0.8267	-0.0323	Myeloid cell
10748.29	2094.0	0.1182	0.0151	-0.0017	0.9067	-0.0213	Myeloid cell
10709.79	2119.0	-0.0493	0.0177	-0.0006	0.9663	-0.0199	Myeloid cell
10669.29	2049.5	-0.0469	0.0148	-0.0029	0.9482	-0.0164	Myeloid cell
10656.79	2050.0	-0.0436	0.0251	0.0030	0.9556	-0.0108	Myeloid cell
10652.29	2010.0	-0.0415	0.0126	-0.0080	0.8213	-0.0194	Myeloid cell
10651.79	2338.5	0.8911	-0.0365	-0.0382	0.0024	-0.0524	cDC2
10627.79	2112.0	0.0248	-0.0359	-0.0197	0.7310	-0.0674	Myeloid cell
10622.79	2058.0	0.6963	0.0200	-0.0148	0.9243	-0.0284	Double pos cDC2
10622.29	2071.5	-0.0826	-0.0349	-0.0493	0.7231	-0.0571	Myeloid cell
10615.79	2085.5	-0.0481	-0.0064	-0.0223	0.7422	-0.0246	Myeloid cell
10601.29	2097.0	-0.0249	0.0192	0.0010	0.7925	-0.0055	Myeloid cell
10543.29	2183.5	-0.0451	0.7974	-0.0434	-0.0296	-0.0367	pDC
10538.29	2448.0	-0.0307	0.0114	-0.0017	0.7622	-0.0086	Myeloid cell
10530.79	2090.5	-0.0558	-0.0059	-0.0187	0.8486	-0.0261	Myeloid cell
10530.29	2424.0	-0.0277	-0.0161	-0.0272	0.8721	-0.0417	Myeloid cell
10528.29	2015.5	-0.0146	0.0127	-0.0028	0.7368	-0.0056	Myeloid cell
10517.79	2412.5	0.8740	-0.0189	-0.0293	-0.0181	-0.0347	cDC2
10509.29	2016.5	0.5308	-0.0066	-0.0417	0.6313	-0.0449	Double pos cDC2
10508.79	2483.5	0.0030	0.0038	-0.0148	0.6245	-0.0142	Myeloid cell
10504.79	2404.0	-0.0887	-0.0389	-0.0515	0.6504	-0.0574	Myeloid cell
10497.79	2405.5	-0.0623	-0.0169	-0.0294	0.7192	-0.0330	Myeloid cell
10497.79	2216.0	-0.0178	0.0080	-0.0097	0.7446	-0.0192	Myeloid cell
10480.29	2035.0	0.9487	-0.0121	-0.0202	0.0008	-0.0260	cDC2
10972.29	2946.0	-0.0346	0.0027	-0.0153	0.7588	-0.0178	Myeloid cell
10972.29	2938.5	0.0074	0.0028	-0.0104	0.8320	-0.0143	Myeloid cell
10965.29	2766.5	-0.0523	0.0056	-0.0114	0.9009	-0.0229	Myeloid cell
10953.29	2932.0	-0.0342	0.8369	-0.0328	-0.0146	-0.0259	pDC
10947.29	2835.0	0.0656	0.0055	-0.0411	0.8286	-0.0437	Myeloid cell
10934.79	2904.0	0.0232	-0.0204	0.6641	0.2230	-0.0251	cDC1
10930.29	2898.0	-0.0565	-0.0441	-0.0126	0.8086	-0.0498	Myeloid cell
10924.79	2839.5	-0.0864	-0.0785	0.6738	-0.0715	-0.0638	cDC1
10923.79	2763.0	0.9502	-0.0092	-0.0201	0.0127	-0.0244	cDC2
10918.29	2682.0	-0.0124	-0.0024	-0.0176	0.6191	-0.0071	Myeloid cell
10911.29	2679.0	-0.0695	-0.0068	-0.0214	0.8472	-0.0331	Myeloid cell
10902.29	3026.0	-0.0451	0.0166	-0.0031	0.9536	-0.0140	Myeloid cell
10893.79	2836.0	0.8550	-0.0257	-0.0348	-0.0306	-0.0282	cDC2
10866.79	2980.5	-0.0311	0.0103	-0.0025	0.7627	-0.0049	Myeloid cell
10850.29	2910.0	0.1221	0.0010	-0.0154	0.8477	-0.0262	Myeloid cell
10840.79	2987.5	-0.0592	0.0040	-0.0110	0.8477	-0.0238	Myeloid cell
10830.29	2931.5	-0.0570	0.0117	-0.0056	0.9648	-0.0270	Myeloid cell
10828.79	2728.0	-0.0471	0.0185	-0.0010	0.9551	-0.0119	Myeloid cell
10817.29	2917.5	0.9121	0.0039	-0.0234	0.4048	-0.0289	Double pos cDC2
10813.29	2990.5	-0.0378	0.0030	-0.0145	0.8130	-0.0184	Myeloid cell
10813.29	2925.5	-0.0609	-0.0418	0.7466	-0.0434	-0.0448	cDC1
10812.79	2766.5	-0.0351	0.8252	-0.0343	-0.0190	-0.0269	pDC
10806.79	2926.0	-0.0386	-0.0197	0.7368	-0.0178	-0.0226	cDC1
10802.29	2779.5	-0.0289	0.0140	-0.0053	0.6880	-0.0061	Myeloid cell
10779.79	2913.5	-0.0388	-0.0495	-0.0161	0.6924	-0.0667	Myeloid cell
10758.29	2876.5	-0.0744	-0.0479	0.6533	-0.0299	-0.0445	cDC1
10753.29	2910.0	-0.0659	-0.0064	-0.0185	0.7817	-0.0295	Myeloid cell
10737.29	2755.5	-0.0253	0.0160	-0.0039	0.6387	-0.0053	Myeloid cell
10734.79	2826.0	-0.1043	0.0004	0.0023	0.7217	-0.0106	Myeloid cell
10731.29	2738.5	-0.0533	0.7710	-0.0483	-0.0386	-0.0419	pDC
10713.79	2896.0	-0.0892	-0.0107	-0.0328	0.5894	-0.0283	Myeloid cell
10700.79	2822.0	-0.0461	0.0139	-0.0020	0.8896	-0.0167	Myeloid cell
10690.29	2845.0	-0.0555	-0.0024	-0.0162	0.8618	-0.0267	Myeloid cell
10687.79	2902.0	0.0170	-0.0242	-0.0381	0.6870	-0.0395	Myeloid cell
10683.79	2981.0	-0.0576	0.0060	-0.0097	0.9180	-0.0262	Myeloid cell
10675.29	2979.0	-0.0740	-0.0121	-0.0286	0.7773	-0.0374	Myeloid cell
10675.29	2740.0	-0.0458	0.0007	-0.0115	0.8574	-0.0180	Myeloid cell
10669.29	2907.5	-0.0148	0.0234	0.0057	0.8760	-0.0049	Myeloid cell
10656.29	2906.5	-0.0452	0.0050	-0.0093	0.8853	-0.0190	Myeloid cell
10656.29	2831.0	-0.0109	0.0201	-0.0046	0.5850	-0.0010	Myeloid cell
10652.29	2795.0	0.4539	-0.0291	-0.0451	0.2859	-0.0367	cDC2
10650.29	2826.5	0.1404	0.0083	-0.0033	0.4771	-0.0091	Myeloid cell
10645.29	2818.0	-0.0175	0.0041	-0.0097	0.8652	-0.0121	Myeloid cell
10641.79	2909.0	0.8857	-0.0182	-0.0285	-0.0193	-0.0261	cDC2
10620.29	2943.0	-0.0594	0.0049	-0.0117	0.8901	-0.0206	Myeloid cell
10577.29	2945.0	0.0067	0.0019	-0.0402	0.6396	-0.0630	Myeloid cell
10569.79	2813.5	-0.0335	0.0096	-0.0069	0.6772	-0.0128	Myeloid cell
10556.29	2940.0	-0.0517	0.0037	-0.0127	0.8481	-0.0229	Myeloid cell
10495.79	2751.0	-0.0510	0.0096	-0.0083	0.9097	-0.0198	Myeloid cell
11403.29	615.5	-0.0291	-0.0184	0.7974	-0.0299	-0.0093	cDC1
11344.79	660.5	-0.0455	0.0071	0.0062	0.0447	0.9014	B cell
11329.29	640.5	-0.0396	-0.0311	0.7529	-0.0151	-0.0255	cDC1
11306.29	642.0	0.6235	-0.0460	-0.0503	-0.0590	-0.0587	cDC2
11305.29	619.0	0.2952	-0.0812	0.0704	-0.0707	0.2379	Other cell
11301.79	650.0	0.1711	-0.1026	0.1644	-0.0584	0.3215	Other cell
11300.79	626.5	0.5518	-0.0219	-0.0171	0.0593	-0.0177	cDC2
11297.79	652.5	0.6152	-0.1126	-0.0885	-0.0696	0.2015	cDC2
11293.29	648.5	0.3003	-0.0175	0.0654	-0.0206	0.0319	Other cell
11289.79	627.5	-0.0693	-0.0564	0.6543	-0.0534	-0.0483	cDC1
11472.29	1175.5	-0.0002	0.0368	0.0087	0.7969	0.0014	Myeloid cell
11467.29	995.5	-0.0443	0.0121	-0.0047	0.9443	-0.0150	Myeloid cell
11466.29	1088.5	-0.0095	0.0195	-0.0005	0.8877	-0.0061	Myeloid cell
11461.79	813.5	-0.0211	0.0154	-0.0064	0.6880	-0.0079	Myeloid cell
11457.79	761.0	-0.0566	0.0072	-0.0099	0.9224	-0.0258	Myeloid cell
11457.29	855.0	-0.0540	0.0137	-0.0036	0.9512	-0.0205	Myeloid cell
11456.79	1138.5	0.2644	0.0311	0.0045	0.7100	-0.0005	Myeloid cell
11455.29	775.5	0.2296	-0.0173	-0.0333	0.7026	-0.0639	Myeloid cell
11450.29	1284.5	-0.0784	-0.0442	0.7510	-0.0338	-0.0331	cDC1
11448.79	1143.5	0.0017	-0.0067	-0.0145	0.8076	-0.0398	Myeloid cell
11443.29	1203.0	0.0045	-0.0254	-0.0370	0.7339	-0.0459	Myeloid cell
11439.79	812.5	-0.0780	-0.0171	-0.0246	0.6831	-0.0405	Myeloid cell
11439.29	916.0	0.8931	-0.0260	-0.0343	0.0285	-0.0431	cDC2
11438.29	964.5	-0.0515	-0.0076	-0.0176	0.8379	-0.0278	Myeloid cell
11438.29	797.5	0.9238	-0.0099	-0.0222	-0.0047	-0.0205	cDC2
11437.79	743.5	-0.0004	-0.0127	-0.0341	0.7480	-0.0414	Myeloid cell
11430.29	784.5	-0.0485	-0.0040	-0.0223	0.7104	-0.0267	Myeloid cell
11428.79	1239.5	-0.0248	0.0108	-0.0081	0.6875	-0.0119	Myeloid cell
11420.29	900.5	-0.0383	0.0177	0.0027	0.9565	-0.0143	Myeloid cell
11407.79	810.5	0.6626	-0.0025	-0.0238	0.5093	-0.0323	Double pos cDC2
11384.29	1295.5	-0.0200	0.0202	0.0010	0.8667	-0.0047	Myeloid cell
11333.29	862.5	0.2440	0.0113	-0.0033	0.6641	0.0009	Myeloid cell
11327.29	872.0	-0.0618	-0.0470	-0.0253	0.4836	-0.0528	Myeloid cell
11326.29	865.5	-0.0121	0.0069	-0.0025	0.6318	-0.0040	Myeloid cell
11324.79	688.5	-0.0607	-0.0037	-0.0078	0.8779	-0.0306	Myeloid cell
11323.29	764.5	-0.0747	-0.0083	-0.0238	0.8374	-0.0429	Myeloid cell
11314.29	896.5	0.6333	-0.0058	0.0259	0.0571	-0.0113	cDC2
11285.79	770.5	-0.0217	-0.0026	-0.0205	0.8340	-0.0324	Myeloid cell
11284.79	764.5	-0.0648	-0.0505	0.5479	-0.0466	-0.0381	cDC1
11274.79	936.5	0.7217	-0.0471	-0.0475	-0.0503	-0.0424	cDC2
11263.29	819.0	-0.0381	0.8179	-0.0364	-0.0225	-0.0292	pDC
11260.79	858.0	-0.0580	-0.0369	0.7808	-0.0337	-0.0388	cDC1
11257.79	841.0	0.1221	0.0218	0.0054	0.9160	-0.0100	Myeloid cell
11257.29	828.0	-0.0414	0.0202	-0.0022	0.9780	-0.0175	Myeloid cell
11243.79	1183.5	-0.0422	-0.0367	0.5239	-0.0359	-0.0334	cDC1
11239.29	1185.5	-0.0837	-0.0510	0.6768	-0.0594	-0.0491	cDC1
11232.79	1191.5	0.0015	-0.0552	-0.0704	0.8008	-0.0663	Myeloid cell
11224.29	1227.5	-0.0640	0.8320	-0.0484	-0.0428	-0.0463	pDC
11222.79	1098.5	-0.0392	0.7202	-0.0426	-0.0284	-0.0338	pDC
11218.79	1111.5	-0.0720	-0.0124	-0.0257	0.7969	-0.0312	Myeloid cell
11215.29	1080.5	-0.0549	0.0138	-0.0042	0.9561	-0.0241	Myeloid cell
11199.79	1044.5	-0.0454	0.0085	-0.0065	0.9058	-0.0183	Myeloid cell
11199.29	860.0	-0.0497	0.7998	-0.0433	-0.0278	-0.0336	pDC
11192.79	819.0	0.8325	0.0112	-0.0247	0.9419	-0.0371	Double pos cDC2
11190.79	1022.5	0.8442	0.0054	-0.0332	0.7246	-0.0406	Double pos cDC2
11185.79	797.0	0.9492	-0.0041	-0.0250	0.1245	-0.0184	cDC2
11185.29	785.0	-0.0595	-0.0439	0.5420	-0.0370	-0.0432	cDC1
11184.79	1048.0	0.9116	-0.0125	-0.0233	-0.0092	-0.0199	cDC2
11181.79	1067.5	-0.0136	0.0223	0.0033	0.6235	0.0026	Myeloid cell
11174.29	1080.5	-0.0503	-0.0059	-0.0203	0.8057	-0.0273	Myeloid cell
11173.79	998.5	-0.0757	-0.0529	0.6519	-0.0393	-0.0540	cDC1
11173.29	1202.5	-0.0476	-0.0014	-0.0190	0.8760	-0.0322	Myeloid cell
11171.79	1176.0	-0.0502	0.0114	-0.0058	0.9272	-0.0170	Myeloid cell
11171.79	877.0	0.9336	-0.0210	-0.0281	0.0035	-0.0336	cDC2
11171.29	1087.5	-0.0322	-0.0083	-0.0237	0.8442	-0.0362	Myeloid cell
11171.29	787.0	-0.0547	-0.0467	0.4365	-0.0376	-0.0368	cDC1
11167.79	1085.5	-0.0685	-0.0164	-0.0313	0.7451	-0.0393	Myeloid cell
11166.29	991.5	-0.0746	-0.0133	-0.0294	0.7661	-0.0361	Myeloid cell
11162.79	804.5	-0.0502	0.0155	-0.0026	0.9502	-0.0174	Myeloid cell
11147.29	1248.5	0.5781	-0.0422	-0.0529	0.4380	-0.0637	Double pos cDC2
11147.29	1042.0	-0.0596	-0.0003	-0.0166	0.8696	-0.0300	Myeloid cell
11141.79	900.5	0.9473	-0.0138	-0.0251	0.0468	-0.0289	cDC2
11140.29	1050.5	0.0187	0.0056	-0.0108	0.8936	-0.0190	Myeloid cell
11139.29	893.5	0.9487	-0.0045	-0.0190	0.0507	-0.0191	cDC2
11139.29	796.5	-0.0497	0.0160	-0.0026	0.9600	-0.0189	Myeloid cell
11131.79	1047.0	0.0745	-0.0416	-0.0342	0.8174	-0.0634	Myeloid cell
11128.79	933.0	0.8672	-0.0270	-0.0333	-0.0207	-0.0431	cDC2
11126.29	1043.5	-0.0384	0.0048	-0.0071	0.9106	-0.0185	Myeloid cell
11126.29	887.0	-0.0488	0.0168	-0.0011	0.9517	-0.0150	Myeloid cell
11124.79	819.5	-0.0284	0.8584	-0.0274	-0.0075	-0.0212	pDC
11124.29	1013.0	-0.0448	-0.0200	0.9404	-0.0052	-0.0214	cDC1
11121.79	1122.0	-0.0668	-0.0101	-0.0095	0.6060	-0.0211	Myeloid cell
11119.29	831.5	-0.0671	0.7690	-0.0566	-0.0437	-0.0526	pDC
11116.29	953.5	-0.0303	0.0140	0.0012	0.5781	-0.0042	Myeloid cell
11112.29	829.5	-0.0466	-0.0167	0.9062	-0.0084	-0.0249	cDC1
11109.29	889.0	-0.0498	0.0165	-0.0026	0.9941	-0.0226	Myeloid cell
11101.29	814.5	0.0277	0.0224	-0.0019	0.9756	-0.0105	Myeloid cell
11082.79	814.5	0.7227	-0.0050	-0.0214	0.0213	0.0599	cDC2
11070.29	811.0	0.9043	-0.0152	-0.0234	-0.0168	-0.0307	cDC2
11028.79	1077.0	-0.0561	-0.0176	0.5703	-0.0323	-0.0190	cDC1
11025.29	814.5	-0.0516	0.0032	-0.0121	0.8540	-0.0263	Myeloid cell
10981.79	805.0	0.0056	0.4370	-0.0226	-0.0080	-0.0135	pDC
11472.29	1883.0	-0.0223	-0.0110	0.5991	-0.0481	-0.0204	cDC1
11472.29	1776.0	0.7354	0.0084	-0.0163	0.8169	-0.0360	Double pos cDC2
11472.29	1685.5	0.0280	0.0225	-0.0073	0.8955	-0.0175	Myeloid cell
11467.29	1678.0	-0.0463	0.0109	-0.0059	0.9375	-0.0181	Myeloid cell
11464.79	1874.0	0.0617	-0.0148	-0.0312	0.7358	-0.0457	Myeloid cell
11462.79	1675.0	-0.0616	-0.0008	-0.0201	0.8232	-0.0194	Myeloid cell
11462.29	1419.0	-0.0497	-0.0014	-0.0144	0.7891	-0.0237	Myeloid cell
11456.79	1846.5	0.1758	-0.0031	-0.0239	0.7905	-0.0348	Myeloid cell
11456.29	1923.5	0.9634	-0.0035	-0.0142	0.0026	-0.0161	cDC2
11454.29	1749.0	0.0219	0.0168	-0.0037	0.9790	-0.0242	Myeloid cell
11452.29	1756.0	0.0175	0.0165	0.0089	0.8545	-0.0054	Myeloid cell
11450.29	1769.5	0.0599	0.0483	0.0659	0.4919	0.0195	Myeloid cell
11448.79	1629.5	0.1558	0.0046	-0.0300	0.6821	-0.0465	Myeloid cell
11445.29	1896.5	0.4290	-0.0488	-0.0551	-0.0388	-0.0500	cDC2
11440.29	1342.5	-0.0587	0.0117	-0.0076	0.9346	-0.0210	Myeloid cell
11438.79	1822.5	-0.0416	-0.0169	-0.0286	0.6875	-0.0364	Myeloid cell
11435.79	1844.5	-0.0209	-0.0040	0.4229	0.3530	-0.0264	cDC1
11433.79	1991.5	0.8135	-0.0318	-0.0390	-0.0288	-0.0442	cDC2
11431.79	1823.5	0.1333	-0.0150	-0.0319	0.7451	-0.0349	Myeloid cell
11428.79	1839.0	-0.0415	-0.0017	-0.0313	0.7578	-0.0426	Myeloid cell
11422.29	1818.0	-0.0052	0.0227	0.0096	0.5737	0.0049	Myeloid cell
11416.79	1928.5	-0.0691	-0.0507	0.7114	-0.0490	-0.0481	cDC1
11412.29	1923.0	-0.1078	-0.0952	0.5459	-0.0867	-0.0731	cDC1
11412.29	1697.5	0.1765	0.0122	-0.0067	0.9648	-0.0284	Myeloid cell
11411.29	1652.0	-0.0114	-0.0138	0.0577	0.8306	-0.0338	Myeloid cell
11410.29	1830.0	-0.0435	0.0085	-0.0144	0.7983	-0.0204	Myeloid cell
11407.29	1496.5	-0.0940	-0.0238	-0.0165	0.5918	-0.0253	Myeloid cell
11406.79	1745.0	-0.0595	-0.0069	-0.0218	0.7866	-0.0244	Myeloid cell
11395.79	1479.5	0.9414	-0.0029	-0.0162	0.0049	-0.0109	cDC2
11393.79	1379.5	-0.0507	-0.0013	-0.0079	0.7852	-0.0217	Myeloid cell
11393.29	1651.0	-0.0502	0.0164	0.0046	0.7988	0.0126	Myeloid cell
11387.29	1981.5	-0.0472	0.7988	-0.0436	-0.0287	-0.0370	pDC
11386.79	1756.0	-0.0636	-0.0137	-0.0275	0.8213	-0.0376	Myeloid cell
11376.29	1757.5	0.1267	0.0128	-0.0023	0.7500	-0.0134	Myeloid cell
11373.29	1745.5	-0.0562	-0.0143	-0.0266	0.6655	-0.0349	Myeloid cell
11370.29	1984.0	0.9204	-0.0110	-0.0250	0.1356	-0.0356	cDC2
11369.29	1554.0	-0.0313	0.0075	-0.0141	0.8472	-0.0117	Myeloid cell
11365.29	1937.0	0.9438	-0.0201	-0.0273	0.0339	-0.0385	cDC2
11364.79	1966.5	-0.0458	-0.0264	-0.0327	0.7505	-0.0466	Myeloid cell
11363.29	1855.0	0.1709	0.0362	-0.0238	0.6045	-0.0363	Myeloid cell
11362.29	1995.5	-0.0732	-0.0271	-0.0438	0.7627	-0.0492	Myeloid cell
11362.29	1732.0	0.1628	0.0243	0.0016	0.6577	-0.0057	Myeloid cell
11361.79	1635.0	-0.0347	0.0099	-0.0014	0.8770	-0.0119	Myeloid cell
11358.79	1762.5	-0.0381	-0.0211	-0.0311	0.8618	-0.0460	Myeloid cell
11354.29	1861.5	0.0062	-0.0217	-0.0327	0.8311	-0.0607	Myeloid cell
11348.79	1947.0	-0.0511	-0.0264	-0.0424	0.8228	-0.0471	Myeloid cell
11348.79	1769.0	0.2335	0.0229	-0.0154	0.8237	-0.0128	Myeloid cell
11347.29	1957.5	0.7222	-0.0285	-0.0556	0.6597	-0.0676	Double pos cDC2
11341.79	1978.0	-0.0704	-0.0276	-0.0363	0.6655	-0.0424	Myeloid cell
11341.79	1842.5	0.4399	0.0080	-0.0251	0.8379	-0.0342	Double pos cDC2
11339.79	1742.0	-0.0515	-0.0019	-0.0193	0.7109	-0.0235	Myeloid cell
11338.79	1983.5	-0.0579	-0.0011	-0.0153	0.8774	-0.0284	Myeloid cell
11331.29	1745.0	-0.0518	-0.0165	-0.0300	0.7339	-0.0288	Myeloid cell
11328.79	1990.5	0.8135	-0.0403	-0.0461	-0.0435	-0.0524	cDC2
11327.29	1742.0	-0.0414	0.0003	-0.0136	0.8677	0.0027	Myeloid cell
11324.29	1749.5	0.8481	-0.0252	-0.0383	0.0707	-0.0502	cDC2
11322.79	1758.0	0.9062	-0.0272	-0.0295	-0.0091	-0.0297	cDC2
11319.79	2003.5	-0.0771	-0.0305	-0.0389	0.7822	-0.0496	Myeloid cell
11314.79	1978.5	0.0080	-0.0264	-0.0450	0.5967	-0.0443	Myeloid cell
11313.29	1723.5	-0.0437	0.0101	-0.0044	0.8945	-0.0197	Myeloid cell
11309.79	1895.5	0.0023	-0.0040	0.6665	-0.0154	-0.0183	cDC1
11309.29	1974.5	-0.0359	0.0126	-0.0039	0.7764	-0.0114	Myeloid cell
11302.79	1962.5	-0.0792	-0.0171	-0.0311	0.7803	-0.0421	Myeloid cell
11302.29	1798.5	0.6665	-0.0691	-0.0744	-0.0754	-0.0759	cDC2
11301.29	1793.5	0.8882	-0.0205	-0.0300	-0.0238	-0.0331	cDC2
11300.79	1969.0	0.0149	0.0032	-0.0182	0.8125	-0.0207	Myeloid cell
11299.79	1786.5	0.8643	-0.0233	-0.0323	-0.0242	-0.0349	cDC2
11299.29	1752.0	-0.0521	0.0033	-0.0122	0.8623	-0.0146	Myeloid cell
11297.79	1766.5	0.8374	-0.0235	-0.0347	-0.0300	-0.0364	cDC2
11281.79	1903.5	-0.0291	-0.0234	-0.0443	0.7529	-0.0518	Myeloid cell
11259.29	1917.0	-0.0571	0.0021	-0.0138	0.8789	-0.0247	Myeloid cell
11256.79	1764.5	-0.0504	-0.0405	0.5205	-0.0384	-0.0359	cDC1
11235.79	1797.0	0.5972	-0.0830	-0.0941	0.0267	-0.0987	cDC2
11231.79	1756.5	-0.0020	0.0104	-0.0060	0.8193	-0.0133	Myeloid cell
11229.29	1941.5	-0.0497	0.0037	-0.0106	0.8618	-0.0215	Myeloid cell
11227.29	1966.5	-0.0542	0.0041	-0.0134	0.8828	-0.0242	Myeloid cell
11226.79	1493.0	0.8882	-0.0248	-0.0333	-0.0258	-0.0372	cDC2
11225.79	1945.0	-0.0504	-0.0206	-0.0224	0.7158	-0.0451	Myeloid cell
11224.79	1822.5	0.5269	-0.0704	-0.0687	-0.0146	-0.0905	cDC2
11223.79	1486.5	0.7295	-0.0469	-0.0560	-0.0507	-0.0503	cDC2
11221.79	1971.5	-0.0492	-0.0240	0.8071	-0.0195	-0.0271	cDC1
11211.79	1878.5	0.0225	-0.0187	-0.0277	0.7871	-0.0453	Myeloid cell
11207.79	1868.0	-0.0580	0.8032	-0.0505	-0.0378	-0.0464	pDC
11201.79	1670.0	0.0119	0.0144	-0.0076	0.9551	-0.0249	Myeloid cell
11200.29	1967.0	-0.0520	0.0095	-0.0075	0.9268	-0.0196	Myeloid cell
11199.79	1859.0	0.0718	-0.0011	0.0004	0.6392	-0.0190	Myeloid cell
11186.29	1653.5	-0.0492	0.8247	-0.0426	-0.0237	-0.0358	pDC
11176.29	1867.5	0.8525	-0.0230	-0.0335	-0.0226	-0.0303	cDC2
11171.79	1902.5	0.0370	0.0102	-0.0084	0.6953	-0.0071	Myeloid cell
11158.79	1835.0	-0.0556	-0.0350	0.8540	-0.0257	-0.0348	cDC1
11151.79	1879.0	-0.0219	0.0062	-0.0021	0.9067	-0.0145	Myeloid cell
11146.29	1859.5	-0.0569	0.7549	-0.0508	-0.0434	-0.0447	pDC
11145.29	1824.5	0.8862	-0.0072	-0.0332	0.2969	-0.0429	cDC2
11143.29	1482.5	-0.0662	-0.0154	-0.0269	0.7383	-0.0380	Myeloid cell
11135.29	1536.0	0.9702	-0.0043	-0.0148	0.0029	-0.0180	cDC2
11133.29	2003.5	0.0383	0.0222	0.0010	0.8521	-0.0016	Myeloid cell
11131.79	1707.0	-0.0492	0.0141	-0.0033	0.9668	-0.0206	Myeloid cell
11131.29	1687.5	-0.0039	0.0155	-0.0058	0.7896	-0.0069	Myeloid cell
11130.29	1733.5	0.0303	0.0197	-0.0048	0.8540	-0.0085	Myeloid cell
11127.29	1760.0	-0.0521	0.0018	-0.0143	0.8667	-0.0275	Myeloid cell
11124.29	1806.5	-0.0432	0.0073	-0.0031	0.8560	-0.0143	Myeloid cell
11117.79	1573.0	0.0029	0.0270	-0.0011	0.7363	0.0031	Myeloid cell
11116.79	1392.0	-0.0486	0.0278	0.0004	0.8794	-0.0106	Myeloid cell
11116.29	1688.5	-0.0206	0.0221	-0.0048	0.9956	-0.0255	Myeloid cell
11114.29	1849.5	0.8638	-0.0170	-0.0209	0.0131	-0.0378	cDC2
11113.79	1579.0	-0.0319	-0.0214	-0.0203	0.6133	-0.0497	Myeloid cell
11109.29	1943.5	-0.0310	0.0180	0.0017	0.9229	-0.0088	Myeloid cell
11103.79	1423.5	0.1461	0.0335	-0.0133	0.8042	-0.0289	Myeloid cell
11100.79	1943.5	-0.0064	0.0208	0.0009	0.4712	0.0055	Myeloid cell
11099.79	1830.5	0.9292	-0.0123	-0.0216	-0.0146	-0.0257	cDC2
11090.79	1924.5	-0.0437	0.0121	-0.0052	0.9375	-0.0167	Myeloid cell
11089.79	1819.5	0.5298	0.0102	-0.0237	0.7222	-0.0244	Double pos cDC2
11087.29	1812.0	0.1204	0.0465	-0.0083	0.8262	0.0253	Myeloid cell
11082.29	1906.0	-0.0468	-0.0001	-0.0139	0.5625	-0.0146	Myeloid cell
11075.29	1909.5	-0.0268	0.0012	-0.0187	0.5728	-0.0115	Myeloid cell
11074.79	1813.5	-0.0126	-0.0142	0.6763	-0.0233	-0.0032	cDC1
11053.29	1572.5	-0.0335	0.0268	-0.0031	0.7773	-0.0263	Myeloid cell
11047.29	1853.5	0.6118	-0.0020	-0.0396	0.7251	-0.0447	Double pos cDC2
11046.29	1816.5	-0.0464	0.0205	0.0011	0.9648	-0.0110	Myeloid cell
11045.29	1859.5	0.6470	-0.0018	-0.0129	0.2317	0.0273	cDC2
11036.29	1849.5	-0.0382	0.0087	-0.0085	0.9136	-0.0185	Myeloid cell
11001.79	1823.0	-0.0431	0.0151	-0.0039	0.9629	-0.0167	Myeloid cell
10997.29	1816.5	-0.0362	0.0176	0.0003	0.8945	-0.0107	Myeloid cell
11467.29	2067.5	-0.0386	0.0047	-0.0061	0.8027	-0.0153	Myeloid cell
11463.79	2479.0	-0.0374	-0.0236	0.6650	-0.0233	-0.0230	cDC1
11461.29	2469.0	-0.0552	-0.0240	0.8408	-0.0174	-0.0270	cDC1
11457.29	2553.5	-0.0618	0.7705	-0.0550	-0.0471	-0.0490	pDC
11456.29	2406.0	-0.0301	0.0163	0.0021	0.8555	-0.0072	Myeloid cell
11453.29	2632.5	0.7573	-0.0502	-0.0615	0.0767	-0.0622	cDC2
11452.79	2612.5	-0.0548	0.0146	-0.0038	0.9429	-0.0207	Myeloid cell
11450.29	2634.5	0.6870	-0.0479	-0.0506	0.0233	-0.0529	cDC2
11447.79	2388.0	0.9092	-0.0180	-0.0264	-0.0195	-0.0283	cDC2
11446.79	2446.0	-0.0602	0.0034	-0.0125	0.8799	-0.0224	Myeloid cell
11446.29	2467.5	-0.0481	-0.0202	0.8647	-0.0108	-0.0230	cDC1
11440.79	2373.0	-0.0332	0.0178	0.0004	0.9146	-0.0103	Myeloid cell
11439.79	2527.0	-0.0528	0.0083	-0.0084	0.9243	-0.0203	Myeloid cell
11426.29	2488.5	-0.0648	-0.0374	0.8809	-0.0221	-0.0289	cDC1
11409.29	2603.0	0.9512	-0.0135	-0.0370	0.3489	-0.0586	cDC2
11406.29	2138.0	-0.0382	0.0192	0.0009	0.9463	-0.0082	Myeloid cell
11405.79	2467.0	-0.0659	0.0121	-0.0120	0.9268	-0.0231	Myeloid cell
11401.79	2158.5	-0.0406	0.0181	0.0002	0.9580	-0.0099	Myeloid cell
11401.29	2472.5	-0.0592	0.0018	-0.0139	0.9141	-0.0300	Myeloid cell
11386.29	2510.5	-0.0312	0.0170	-0.0016	0.8330	-0.0094	Myeloid cell
11382.79	2555.0	-0.0393	0.0169	-0.0005	0.9263	-0.0101	Myeloid cell
11371.79	2019.5	0.8228	-0.0328	-0.0407	-0.0145	-0.0438	cDC2
11366.29	2514.0	0.0136	0.0026	-0.0190	0.8730	-0.0342	Myeloid cell
11356.79	2499.0	-0.0283	0.0127	-0.0111	0.7354	-0.0116	Myeloid cell
11346.79	2430.5	-0.0624	-0.0120	-0.0263	0.7720	-0.0299	Myeloid cell
11343.29	2548.5	-0.0524	0.0040	-0.0124	0.8877	-0.0252	Myeloid cell
11340.79	2113.0	0.9541	-0.0096	-0.0188	0.0007	-0.0236	cDC2
11332.79	2146.0	-0.0565	0.0009	-0.0136	0.8735	-0.0234	Myeloid cell
11329.29	2207.0	-0.0214	0.0041	-0.0179	0.6084	-0.0093	Myeloid cell
11329.29	2136.5	0.8726	-0.0455	-0.0518	-0.0452	-0.0619	cDC2
11325.79	2075.0	-0.0395	0.3779	0.2117	-0.0195	0.0168	Other cell
11324.79	2062.5	-0.0672	-0.0681	0.4607	-0.0601	-0.0500	cDC1
11321.79	2534.5	-0.0521	0.0058	-0.0129	0.8901	-0.0234	Myeloid cell
11321.79	2514.0	-0.0492	0.0091	-0.0055	0.8662	-0.0162	Myeloid cell
11320.79	2070.0	-0.0626	0.7251	-0.0515	-0.0377	-0.0486	pDC
11320.29	2010.0	0.0373	-0.0201	-0.0459	0.7339	-0.0534	Myeloid cell
11317.79	2143.5	-0.0601	-0.0144	-0.0236	0.7778	-0.0298	Myeloid cell
11312.79	2488.0	-0.0187	0.0041	-0.0060	0.7959	-0.0144	Myeloid cell
11310.79	2564.5	0.8057	-0.0847	-0.0858	-0.0927	-0.0831	cDC2
11300.29	2496.0	0.5273	-0.0083	-0.0276	0.7798	-0.0519	Double pos cDC2
11274.29	2542.0	-0.0464	0.0079	-0.0078	0.9053	-0.0181	Myeloid cell
11266.79	2589.5	-0.0578	0.0065	-0.0097	0.9292	-0.0271	Myeloid cell
11265.29	2410.5	0.8999	-0.0214	-0.0316	0.0237	-0.0338	cDC2
11261.79	2086.5	0.6387	-0.0752	-0.0801	-0.0668	-0.0795	cDC2
11258.79	2411.5	0.8433	-0.0312	-0.0374	-0.0023	-0.0445	cDC2
11257.79	2124.0	0.7021	-0.0324	-0.0545	0.5562	-0.0626	Double pos cDC2
11257.79	2088.0	0.8511	-0.0295	-0.0229	-0.0242	-0.0326	cDC2
11255.29	2425.5	0.8696	0.0094	-0.0218	0.9023	-0.0463	Double pos cDC2
11255.29	2130.5	0.5322	-0.0094	-0.0168	0.0925	0.0126	cDC2
11233.79	2436.0	-0.0411	0.0079	-0.0112	0.9365	-0.0325	Myeloid cell
11230.79	2138.5	-0.1157	-0.0483	-0.0636	0.6191	-0.0697	Myeloid cell
11225.79	2146.0	-0.0404	0.0165	-0.0034	0.9360	-0.0152	Myeloid cell
11201.79	2346.0	-0.0428	0.0386	0.2272	0.3887	-0.0286	Other cell
11200.29	2179.5	0.4685	-0.0304	-0.0398	0.0324	-0.0517	cDC2
11158.79	2329.0	-0.0104	0.0179	-0.0070	0.5020	0.0012	Myeloid cell
11151.29	2038.0	-0.0439	0.0098	-0.0019	0.8745	-0.0166	Myeloid cell
11148.79	2134.5	-0.0376	0.0027	-0.0126	0.8843	-0.0247	Myeloid cell
11142.79	2059.0	-0.0388	0.0172	0.0008	0.9272	-0.0102	Myeloid cell
11138.29	2344.5	-0.0779	-0.0143	-0.0226	0.7056	-0.0360	Myeloid cell
11136.29	2243.5	0.0055	0.0076	0.0007	0.8105	-0.0150	Myeloid cell
11135.29	2012.5	0.1019	-0.0055	-0.0224	0.8184	-0.0401	Myeloid cell
11132.29	2007.0	-0.0580	0.0107	-0.0082	0.9302	-0.0220	Myeloid cell
11117.79	2326.0	-0.0450	0.0010	-0.0171	0.9512	-0.0282	Myeloid cell
11113.79	2466.5	0.5659	0.0011	0.0068	0.0650	-0.0102	cDC2
11110.79	2384.5	0.0087	0.0314	0.0186	0.8257	-0.0108	Myeloid cell
11099.29	2279.0	-0.0168	0.0089	0.0013	0.8579	-0.0110	Myeloid cell
11081.29	2563.5	0.9282	-0.0038	-0.0278	0.2274	-0.0397	cDC2
11070.79	2077.5	-0.0759	-0.0253	-0.0468	0.8115	-0.0449	Myeloid cell
11069.79	2273.0	-0.0244	0.0121	-0.0101	0.6714	-0.0099	Myeloid cell
11066.29	2084.5	-0.0541	-0.0066	-0.0216	0.8145	-0.0276	Myeloid cell
11051.79	2279.0	-0.0214	-0.0037	-0.0190	0.8423	-0.0226	Myeloid cell
11050.79	2362.5	0.9307	-0.0113	-0.0211	0.0133	-0.0250	cDC2
11031.29	2462.0	-0.0512	-0.0001	-0.0208	0.5571	-0.0163	Myeloid cell
11017.79	2231.0	-0.0388	-0.0145	-0.0267	0.7559	-0.0341	Myeloid cell
11016.29	2122.5	0.1188	-0.0193	-0.0147	0.6011	-0.0496	Myeloid cell
10994.29	2082.5	-0.0483	-0.0302	-0.0599	0.7559	-0.0616	Myeloid cell
10989.79	2274.5	-0.0206	0.0085	-0.0048	0.7837	-0.0054	Myeloid cell
10983.29	2197.5	-0.0329	0.0173	0.0006	0.9390	-0.0130	Myeloid cell
10974.79	2589.5	-0.0477	0.0122	-0.0049	0.9307	-0.0147	Myeloid cell
11417.79	2761.5	0.0158	0.0267	0.0037	0.8027	0.0080	Myeloid cell
11391.79	2783.0	-0.0331	0.0073	-0.0061	0.9048	-0.0165	Myeloid cell
11380.29	2922.0	-0.0532	0.0202	0.0000	1.0186	-0.0217	Myeloid cell
11376.79	2828.5	0.4607	-0.0135	-0.0336	0.6899	-0.0461	Double pos cDC2
11356.79	2945.5	0.0087	-0.0008	0.3501	0.0077	0.0015	Other cell
11347.79	2774.5	0.8418	-0.0315	-0.0383	-0.0329	-0.0367	cDC2
11342.29	2821.0	-0.0504	-0.0222	0.8208	-0.0165	-0.0258	cDC1
11340.29	2782.0	-0.1120	-0.0944	0.5425	-0.0939	-0.0871	cDC1
11336.79	2922.0	-0.0475	0.0166	-0.0018	0.9424	-0.0143	Myeloid cell
11331.79	2908.5	-0.0456	0.0154	-0.0042	0.9658	-0.0220	Myeloid cell
11324.29	2810.0	-0.0535	0.0100	-0.0070	0.9365	-0.0227	Myeloid cell
11319.29	2732.5	-0.0565	-0.0017	-0.0163	0.8867	-0.0288	Myeloid cell
11307.29	2743.5	-0.0493	0.0067	-0.0092	0.8945	-0.0191	Myeloid cell
11285.29	2744.5	-0.0536	0.0053	-0.0155	0.9087	-0.0281	Myeloid cell
11281.79	2712.0	-0.0505	0.0102	-0.0077	0.9170	-0.0168	Myeloid cell
11272.79	2725.5	0.8882	-0.0181	-0.0332	0.1703	-0.0500	cDC2
11266.79	2682.5	-0.0831	-0.0686	0.7173	-0.0589	-0.0555	cDC1
11258.79	2776.5	0.0851	-0.0044	-0.0247	0.8271	-0.0405	Myeloid cell
11239.79	2795.0	0.1780	0.0657	-0.0326	0.5889	-0.0274	Myeloid cell
11236.79	2968.5	-0.0500	0.0019	-0.0133	0.8062	-0.0218	Myeloid cell
11224.79	2700.0	-0.0400	0.0096	-0.0051	0.8691	-0.0150	Myeloid cell
11213.29	2708.0	-0.0528	0.0004	-0.0126	0.0034	0.8359	B cell
11198.79	3003.5	-0.0704	0.0038	-0.0115	0.9287	-0.0363	Myeloid cell
11192.29	2975.0	0.8154	-0.0367	-0.0415	-0.0270	-0.0495	cDC2
11192.29	2711.0	-0.0044	-0.0074	-0.0032	0.5947	0.0083	Myeloid cell
11180.79	2936.5	-0.0192	-0.0203	-0.0453	0.5986	-0.0502	Myeloid cell
11173.79	2741.0	-0.0460	0.0135	-0.0049	0.9341	-0.0192	Myeloid cell
11154.29	2917.5	0.8638	-0.0308	-0.0380	-0.0353	-0.0419	cDC2
11153.29	2946.0	0.1226	0.0349	0.0038	0.8799	-0.0142	Myeloid cell
11135.29	2958.0	-0.0436	0.0167	-0.0016	0.9443	-0.0118	Myeloid cell
11121.79	3006.5	0.0411	0.0280	0.0130	0.9712	-0.0036	Myeloid cell
11062.79	2907.5	-0.0405	0.0089	-0.0071	0.9194	-0.0195	Myeloid cell
11057.29	2840.0	-0.0380	0.0092	-0.0073	0.8970	-0.0177	Myeloid cell
11054.29	2998.0	-0.0352	-0.0007	-0.0030	0.5859	-0.0086	Myeloid cell
11041.29	2894.0	0.1449	0.0246	-0.0427	0.6641	-0.0261	Myeloid cell
11034.29	2845.5	-0.0493	-0.0201	-0.0248	0.7744	-0.0375	Myeloid cell
11029.29	2844.5	-0.0843	-0.0260	-0.0401	0.5825	-0.0511	Myeloid cell
11024.79	2858.5	0.0217	0.0121	-0.0052	0.5923	-0.0057	Myeloid cell
11014.29	2937.5	0.0376	0.0066	-0.0286	0.5762	-0.0317	Myeloid cell
11008.29	2887.5	0.0015	0.0127	-0.0087	0.7642	-0.0286	Myeloid cell
11005.79	2957.5	-0.0566	0.0083	-0.0099	0.9321	-0.0234	Myeloid cell
11005.29	2919.5	-0.0709	-0.0105	-0.0234	0.8418	-0.0348	Myeloid cell
11004.79	2969.5	-0.0243	-0.0173	-0.0425	0.7622	-0.0444	Myeloid cell
10985.29	2947.5	0.0622	-0.0234	-0.0193	0.6333	-0.0527	Myeloid cell
10983.79	2764.5	0.9419	-0.0130	-0.0208	-0.0139	-0.0240	cDC2
10982.29	2941.0	-0.0367	0.0127	-0.0013	0.8862	-0.0120	Myeloid cell
10976.79	2905.5	-0.0864	-0.0370	-0.0079	0.6738	-0.0089	Myeloid cell
10974.79	3051.5	-0.0100	0.0231	0.0053	0.6978	0.0031	Myeloid cell
11800.79	1130.0	-0.0530	-0.0292	0.8369	-0.0208	-0.0303	cDC1
11752.79	1164.0	-0.0625	-0.0364	0.7788	-0.0280	-0.0351	cDC1
11739.79	1043.5	0.0042	0.0416	0.0716	0.5376	0.0082	Myeloid cell
11735.79	1039.0	-0.1195	-0.0558	-0.0706	0.6934	-0.0701	Myeloid cell
11732.79	1043.0	-0.0630	-0.0196	-0.0309	0.7920	-0.0482	Myeloid cell
11699.79	1002.0	-0.0256	-0.0249	0.7485	-0.0269	-0.0260	cDC1
11638.79	944.5	0.9097	-0.0213	-0.0299	-0.0004	-0.0366	cDC2
11634.79	904.5	-0.0411	0.0082	-0.0050	0.8506	-0.0155	Myeloid cell
11632.29	976.0	0.0250	-0.0084	0.0253	0.6431	-0.0322	Myeloid cell
11626.29	936.5	-0.0729	-0.0533	0.8286	-0.0367	-0.0447	cDC1
11622.79	965.0	-0.0468	0.0108	-0.0051	0.9302	-0.0177	Myeloid cell
11611.79	953.5	-0.0444	0.0103	-0.0043	0.8838	-0.0135	Myeloid cell
11599.29	1090.0	-0.0537	-0.0371	0.7104	-0.0338	-0.0342	cDC1
11596.29	1067.0	-0.0498	0.0077	-0.0087	0.8838	-0.0184	Myeloid cell
11593.79	1314.0	-0.0333	-0.0074	0.4880	0.0934	0.0267	cDC1
11592.79	1117.5	0.7979	-0.0027	-0.0156	0.0798	-0.0353	cDC2
11591.79	976.5	0.0323	0.0383	0.1196	0.5239	0.0268	Myeloid cell
11590.79	1242.5	-0.0641	0.0015	-0.0152	0.8960	-0.0287	Myeloid cell
11586.79	1237.5	-0.0588	-0.0125	-0.0262	0.8101	-0.0360	Myeloid cell
11583.79	1330.5	0.2039	-0.0423	-0.0415	0.6021	-0.0461	Myeloid cell
11580.29	1037.0	-0.0540	0.0023	-0.0158	0.8945	-0.0253	Myeloid cell
11579.29	1014.5	-0.0073	0.0260	-0.0072	0.9194	-0.0199	Myeloid cell
11575.29	983.0	-0.0500	0.0065	-0.0078	0.8511	-0.0201	Myeloid cell
11561.29	849.0	-0.0477	0.0045	-0.0084	0.8677	-0.0201	Myeloid cell
11560.29	1058.0	-0.0544	0.0076	-0.0096	0.8965	-0.0189	Myeloid cell
11555.79	1165.5	-0.0478	0.0125	-0.0043	0.9175	-0.0150	Myeloid cell
11554.29	853.5	-0.0388	0.0206	0.0015	0.9824	-0.0151	Myeloid cell
11552.29	864.5	0.1459	0.0392	0.0129	0.8604	0.0126	Myeloid cell
11547.29	860.0	-0.0259	0.0174	-0.0005	0.9531	-0.0103	Myeloid cell
11546.29	925.0	-0.0533	0.0104	-0.0068	0.9619	-0.0226	Myeloid cell
11546.29	910.5	-0.0207	-0.0212	-0.0239	0.6079	-0.0181	Myeloid cell
11545.79	852.0	-0.0329	0.0184	0.0004	0.9590	-0.0058	Myeloid cell
11542.29	1137.5	-0.0557	0.0130	-0.0064	0.9106	-0.0161	Myeloid cell
11539.79	854.5	-0.0078	0.0161	-0.0004	0.8887	-0.0169	Myeloid cell
11538.29	874.0	-0.0530	0.0144	-0.0045	0.9878	-0.0214	Myeloid cell
11535.29	911.5	-0.0458	0.0181	-0.0050	0.9712	-0.0204	Myeloid cell
11534.29	929.0	-0.0314	0.0202	0.0027	0.9805	-0.0078	Myeloid cell
11526.79	884.0	-0.0578	0.0141	0.1027	0.7612	0.0176	Myeloid cell
11525.79	930.0	-0.0386	0.0193	0.0005	0.9702	-0.0107	Myeloid cell
11519.79	921.0	-0.0517	0.0099	-0.0092	0.9233	-0.0204	Myeloid cell
11519.29	1287.0	-0.0493	0.0116	-0.0064	0.9121	-0.0139	Myeloid cell
11519.29	803.5	-0.0502	0.0107	-0.0066	0.9414	-0.0211	Myeloid cell
11517.79	1090.0	0.0645	-0.0433	-0.0592	0.8281	-0.0535	Myeloid cell
11517.79	929.0	-0.0144	0.0158	-0.0044	0.8442	0.0037	Myeloid cell
11510.79	940.5	0.0556	-0.0127	0.3643	0.0555	-0.0110	Other cell
11507.79	946.5	-0.0525	-0.0389	0.5308	-0.0383	-0.0357	cDC1
11506.29	951.5	-0.0368	-0.0349	0.4370	-0.0280	-0.0233	cDC1
11503.79	1013.0	-0.0562	0.0104	-0.0076	0.9482	-0.0228	Myeloid cell
11502.79	818.5	0.9590	-0.0112	-0.0275	0.0912	-0.0327	cDC2
11484.79	861.0	-0.0620	0.0069	-0.0112	0.9180	-0.0246	Myeloid cell
11481.79	1147.0	-0.0453	0.0112	-0.0021	0.8960	-0.0158	Myeloid cell
11474.79	1118.0	-0.0201	-0.0230	-0.0335	0.4570	-0.0334	Myeloid cell
11474.79	809.5	-0.0202	-0.0214	-0.0117	0.8511	-0.0353	Myeloid cell
11867.79	1986.0	-0.0419	-0.0334	0.6528	-0.0371	-0.0378	cDC1
11825.29	1980.0	0.0340	-0.0133	0.4788	-0.0093	-0.0153	cDC1
11798.29	1784.0	0.8447	-0.0266	-0.0406	0.3579	-0.0660	cDC2
11788.79	1751.0	-0.0425	0.0145	-0.0002	0.9038	-0.0123	Myeloid cell
11787.29	1872.5	-0.0665	0.0014	-0.0163	0.9165	-0.0377	Myeloid cell
11783.79	1869.0	-0.0701	-0.0299	-0.0331	0.7778	-0.0322	Myeloid cell
11757.29	1868.0	-0.0563	0.0033	-0.0138	0.8828	-0.0221	Myeloid cell
11750.29	1865.0	-0.0253	-0.0004	-0.0167	0.6543	-0.0165	Myeloid cell
11744.29	1847.5	0.0003	0.0078	-0.0014	0.6489	-0.0032	Myeloid cell
11742.79	1728.5	-0.0437	0.0193	0.0002	0.9712	-0.0132	Myeloid cell
11740.29	1825.0	0.2686	0.0218	-0.0236	0.6606	-0.0331	Myeloid cell
11736.79	1776.5	-0.0532	-0.0036	-0.0164	0.8281	-0.0256	Myeloid cell
11736.29	1787.0	0.9414	-0.0154	-0.0245	-0.0149	-0.0289	cDC2
11734.79	1412.0	-0.0069	0.0245	0.0091	0.8779	-0.0018	Myeloid cell
11731.79	1840.5	-0.0053	0.0186	-0.0009	0.8223	-0.0060	Myeloid cell
11728.79	1786.5	0.5537	-0.0830	-0.0845	-0.0754	-0.0856	cDC2
11724.29	1422.5	-0.0448	0.0126	-0.0049	0.9341	-0.0185	Myeloid cell
11715.79	1425.0	-0.0528	0.0121	0.0167	0.6445	-0.0091	Myeloid cell
11706.79	1677.5	0.9116	-0.0122	-0.0236	-0.0101	-0.0207	cDC2
11705.79	1415.5	-0.0175	0.0199	0.0018	0.7563	-0.0047	Myeloid cell
11701.29	1816.0	-0.0670	-0.0523	-0.0602	0.5991	-0.0702	Myeloid cell
11699.29	1781.0	0.8848	-0.0125	-0.0266	-0.0233	-0.0246	cDC2
11698.29	1667.0	-0.0467	0.0069	-0.0076	0.8926	-0.0166	Myeloid cell
11685.79	1822.0	-0.0807	-0.0643	0.7397	-0.0553	-0.0558	cDC1
11683.79	1896.5	0.0721	0.0163	0.0040	0.7266	-0.0199	Myeloid cell
11678.29	1441.0	-0.0586	0.0077	-0.0090	0.9155	-0.0243	Myeloid cell
11670.79	2000.0	0.9004	-0.0158	-0.0251	-0.0164	-0.0268	cDC2
11666.29	1997.5	0.7612	-0.0325	-0.0337	-0.0340	0.0359	cDC2
11641.79	1997.0	0.9058	-0.0174	-0.0359	0.0376	-0.0357	cDC2
11627.29	1879.0	-0.0139	0.0229	0.0034	0.5801	-0.0003	Myeloid cell
11625.79	1905.5	-0.0528	-0.0517	0.5679	-0.0457	-0.0380	cDC1
11623.29	1969.5	-0.0552	0.0089	-0.0089	0.9214	-0.0221	Myeloid cell
11616.79	1375.5	0.0515	0.0607	0.3704	0.1359	0.0421	Other cell
11616.29	1795.5	-0.0638	-0.0099	-0.0109	0.6782	-0.0218	Myeloid cell
11615.29	1357.5	-0.0109	-0.0123	0.2971	0.4583	-0.0073	Myeloid cell
11609.29	1440.0	0.1065	0.0238	-0.0037	0.6528	0.0070	Myeloid cell
11605.29	1346.5	-0.0525	0.0142	-0.0060	0.9355	-0.0163	Myeloid cell
11604.79	1791.5	-0.0529	0.0098	-0.0073	0.9194	-0.0220	Myeloid cell
11598.79	1482.5	0.9268	-0.0147	-0.0239	-0.0129	-0.0293	cDC2
11597.79	1400.5	-0.0413	-0.0179	0.6426	-0.0200	-0.0294	cDC1
11592.29	1458.0	-0.0319	0.0101	-0.0057	0.9204	-0.0198	Myeloid cell
11589.29	1448.0	-0.0308	0.0143	-0.0034	0.8462	-0.0119	Myeloid cell
11585.79	1917.0	-0.0438	-0.0464	0.6084	-0.0439	-0.0359	cDC1
11584.79	1441.0	-0.0338	0.0095	-0.0072	0.6777	-0.0101	Myeloid cell
11581.29	1931.0	-0.0560	-0.0413	0.6499	-0.0525	-0.0364	cDC1
11571.79	1379.5	0.0552	0.0238	0.0008	0.8008	-0.0045	Myeloid cell
11543.79	1586.5	-0.0591	-0.0358	0.7988	-0.0290	-0.0353	cDC1
11530.29	1723.5	-0.0489	0.0157	-0.0048	0.9443	-0.0209	Myeloid cell
11521.79	1617.0	0.9888	-0.0028	-0.0153	0.0113	-0.0188	cDC2
11515.79	1385.0	-0.0457	0.0159	-0.0030	0.9531	-0.0158	Myeloid cell
11515.29	1859.5	-0.0169	0.0091	-0.0088	0.9404	-0.0300	Myeloid cell
11504.79	1389.0	0.8066	0.0408	0.0044	1.0098	-0.0133	Double pos cDC2
11492.29	1809.0	-0.0591	-0.0030	-0.0158	0.8047	-0.0268	Myeloid cell
11488.29	1599.5	0.0267	-0.0083	-0.0287	0.5239	-0.0358	Myeloid cell
11481.79	1840.5	-0.0190	0.0261	0.0024	0.7788	0.0007	Myeloid cell
11474.79	1775.0	0.6118	0.0326	0.0083	0.9707	-0.0166	Double pos cDC2
11972.29	2156.5	-0.0455	0.0171	-0.0011	0.9712	-0.0155	Myeloid cell
11958.79	2096.5	0.8140	-0.0367	-0.0449	-0.0481	-0.0439	cDC2
11954.29	2110.0	-0.0603	-0.0036	-0.0201	0.8608	-0.0269	Myeloid cell
11953.79	2126.0	0.7568	-0.0402	-0.0433	-0.0135	-0.0445	cDC2
11939.79	2142.5	-0.0837	0.0022	-0.0267	0.7705	-0.0337	Myeloid cell
11936.29	2137.5	-0.0510	0.0088	-0.0050	0.8276	-0.0154	Myeloid cell
11934.29	2213.0	0.0224	-0.0146	0.4490	-0.0162	-0.0220	cDC1
11933.79	2144.5	-0.0525	-0.0005	-0.0205	0.8638	-0.0307	Myeloid cell
11932.29	2267.5	-0.0598	0.0044	-0.0157	0.8555	-0.0121	Myeloid cell
11928.29	2270.5	-0.0569	-0.0362	-0.0500	0.5928	-0.0517	Myeloid cell
11921.79	2273.0	-0.0291	0.0199	0.0046	0.9062	-0.0054	Myeloid cell
11917.79	2191.5	0.6050	0.0100	-0.0030	0.8218	-0.0315	Double pos cDC2
11916.79	2104.0	-0.0218	-0.0326	-0.0490	0.7578	-0.0644	Myeloid cell
11903.79	2127.5	-0.0677	-0.0331	0.8755	-0.0219	-0.0268	cDC1
11899.29	2149.0	-0.1089	-0.0873	0.6411	-0.0667	-0.0670	cDC1
11895.29	2143.5	-0.0594	-0.0034	0.0138	0.7593	-0.0285	Myeloid cell
11892.29	2411.0	-0.0542	-0.0007	-0.0093	0.8652	-0.0267	Myeloid cell
11887.79	2158.0	-0.0265	-0.0137	0.0495	0.7397	-0.0284	Myeloid cell
11885.29	2075.5	0.5454	-0.0074	-0.0143	0.6504	-0.0259	Double pos cDC2
11879.29	2148.5	-0.0496	-0.0254	0.5967	-0.0049	-0.0156	cDC1
11878.79	2186.5	0.0224	0.0073	-0.0090	0.8867	-0.0197	Myeloid cell
11875.29	2313.0	-0.0428	0.0092	-0.0074	0.8950	-0.0077	Myeloid cell
11873.79	2116.0	0.8242	0.0086	-0.0249	0.9355	-0.0403	Double pos cDC2
11871.79	2188.5	-0.0524	0.0112	-0.0074	0.9077	-0.0179	Myeloid cell
11864.29	2192.0	0.0282	0.0619	0.0611	0.6221	0.0239	Myeloid cell
11861.79	2060.0	-0.0090	-0.0122	-0.0271	0.7349	-0.0270	Myeloid cell
11860.29	2349.5	-0.0231	0.0101	-0.0126	0.6582	-0.0070	Myeloid cell
11854.29	2187.5	-0.0238	0.0120	0.5620	0.1241	-0.0024	cDC1
11853.29	2352.0	0.0063	0.0231	0.0035	0.7495	-0.0018	Myeloid cell
11845.29	2156.0	-0.0318	0.0247	0.0048	0.9941	-0.0094	Myeloid cell
11838.29	2152.0	-0.0088	-0.0020	-0.0235	0.7002	0.0020	Myeloid cell
11835.79	2074.5	-0.0457	-0.0074	-0.0028	0.8564	-0.0344	Myeloid cell
11830.79	2094.5	-0.0430	0.0104	-0.0053	0.8950	-0.0152	Myeloid cell
11828.29	2122.5	0.9019	-0.0117	-0.0268	0.1206	-0.0432	cDC2
11815.29	2095.5	0.5952	0.0096	-0.0255	0.7827	-0.0155	Double pos cDC2
11815.29	2083.5	-0.0563	0.0114	-0.0085	0.8975	-0.0199	Myeloid cell
11814.29	2090.0	0.3384	0.0062	-0.0210	0.7896	-0.0233	Myeloid cell
11814.29	2077.0	-0.0575	0.0063	-0.0113	0.8975	-0.0258	Myeloid cell
11813.29	2430.0	-0.0439	0.0131	-0.0039	0.9282	-0.0168	Myeloid cell
11760.29	2245.0	-0.0503	0.0224	0.0054	1.0107	-0.0170	Myeloid cell
11752.79	2164.0	-0.0533	0.0099	-0.0086	0.9238	-0.0237	Myeloid cell
11748.79	2072.0	0.5435	-0.0457	-0.0734	0.5562	-0.0703	Double pos cDC2
11745.79	2064.0	-0.0626	-0.0366	0.7969	-0.0296	-0.0395	cDC1
11741.79	2068.0	-0.0562	-0.0252	0.8999	-0.0190	-0.0224	cDC1
11734.29	2203.0	0.7939	0.0014	-0.0334	0.9146	-0.0537	Double pos cDC2
11710.79	2514.0	-0.0656	-0.0059	-0.0181	0.8232	-0.0309	Myeloid cell
11700.29	2114.5	0.0135	0.0088	-0.0081	0.8276	-0.0038	Myeloid cell
11697.79	2089.5	-0.0207	-0.0198	-0.0423	0.6431	-0.0379	Myeloid cell
11694.29	2129.0	-0.0420	0.0079	-0.0062	0.9268	-0.0188	Myeloid cell
11692.29	2086.5	-0.0709	-0.0001	-0.0187	0.8672	-0.0350	Myeloid cell
11688.29	2065.5	-0.0514	-0.0030	-0.0195	0.5991	-0.0191	Myeloid cell
11688.29	2021.0	0.8726	-0.0270	-0.0392	0.0240	-0.0303	cDC2
11681.29	2035.0	-0.0406	0.0080	-0.0008	0.8755	-0.0178	Myeloid cell
11679.29	2496.5	-0.1036	-0.0418	-0.0142	0.6006	-0.0567	Myeloid cell
11679.29	2298.5	-0.0389	-0.0022	-0.0043	0.8213	-0.0296	Myeloid cell
11672.29	2114.5	-0.0232	-0.0112	0.0409	0.6543	-0.0258	Myeloid cell
11670.29	2010.5	0.8203	-0.0144	-0.0346	0.1411	-0.0667	cDC2
11658.79	2495.0	-0.0626	0.0024	-0.0140	0.9014	-0.0297	Myeloid cell
11656.79	2539.5	0.8984	-0.0144	-0.0249	-0.0117	-0.0244	cDC2
11655.79	2286.0	0.2289	0.0088	-0.0091	0.8623	-0.0249	Myeloid cell
11649.79	2066.0	0.9897	-0.0058	-0.0143	-0.0011	-0.0205	cDC2
11646.79	2519.0	-0.0532	0.0089	-0.0079	0.9009	-0.0205	Myeloid cell
11644.79	2034.0	0.8711	0.0085	-0.0224	0.7715	-0.0404	Double pos cDC2
11642.29	2207.0	0.0494	0.0166	-0.0034	0.6299	-0.0002	Myeloid cell
11639.79	2070.5	-0.0726	-0.0525	0.6221	-0.0611	-0.0420	cDC1
11635.79	2188.5	-0.0431	0.0071	-0.0068	0.7324	-0.0110	Myeloid cell
11634.29	2302.5	-0.0354	0.8237	-0.0345	-0.0189	-0.0270	pDC
11626.29	2077.5	-0.0643	-0.0097	-0.0195	0.6382	-0.0307	Myeloid cell
11623.79	2148.0	0.9268	-0.0075	-0.0210	-0.0081	-0.0193	cDC2
11621.79	2081.5	-0.0288	-0.0190	-0.0325	0.7461	-0.0374	Myeloid cell
11620.79	2430.0	-0.0531	-0.0282	0.7666	-0.0344	-0.0304	cDC1
11619.29	2195.5	-0.0234	0.0026	-0.0134	0.8462	-0.0141	Myeloid cell
11616.79	2241.0	-0.0144	0.0070	-0.0097	0.8535	-0.0159	Myeloid cell
11615.29	2102.0	0.8467	-0.0224	-0.0320	0.1482	-0.0508	cDC2
11612.29	2109.5	0.8325	-0.0186	-0.0339	0.1500	-0.0453	cDC2
11605.29	2287.0	-0.0407	0.0201	0.0027	0.9927	-0.0162	Myeloid cell
11601.79	2248.5	-0.1298	-0.0130	-0.0075	0.6392	-0.0124	Myeloid cell
11600.79	2266.5	-0.0624	-0.0011	-0.0196	0.8687	-0.0352	Myeloid cell
11593.29	2093.0	0.0375	0.0101	-0.0095	0.7183	-0.0164	Myeloid cell
11590.79	2267.0	-0.0057	0.0061	-0.0126	0.7637	-0.0181	Myeloid cell
11577.79	2654.0	0.0012	0.0054	-0.0053	0.7427	-0.0135	Myeloid cell
11568.79	2661.0	-0.0193	0.0204	-0.0001	0.7148	-0.0020	Myeloid cell
11558.29	2126.0	0.0107	0.0138	0.0109	0.7339	-0.0063	Myeloid cell
11548.79	2347.5	-0.0616	-0.0111	-0.0392	0.6460	-0.0504	Myeloid cell
11537.29	2462.0	1.0127	0.0040	-0.0076	0.0073	-0.0102	cDC2
11530.29	2169.0	0.6992	0.0107	-0.0259	0.7661	-0.0403	Double pos cDC2
11526.79	2184.0	-0.0667	0.7905	-0.0567	-0.0511	-0.0558	pDC
11525.79	2404.0	-0.0701	0.0006	-0.0170	0.9131	-0.0335	Myeloid cell
11524.29	2527.5	-0.0712	-0.0312	0.6572	-0.0272	-0.0410	cDC1
11507.29	2116.5	0.0771	0.0163	-0.0154	0.8267	-0.0201	Myeloid cell
11503.79	2146.5	0.4326	0.0011	-0.0082	0.7603	-0.0202	Double pos cDC2
11501.29	2499.0	-0.0316	-0.0188	0.6641	-0.0159	-0.0191	cDC1
11500.29	2483.5	-0.0461	0.0061	-0.0098	0.9170	-0.0228	Myeloid cell
11490.79	2481.0	-0.0610	0.0012	-0.0160	0.8521	-0.0274	Myeloid cell
11490.29	2452.0	0.1181	0.0125	-0.0031	0.8896	-0.0224	Myeloid cell
11488.79	2492.5	-0.0373	0.0203	0.0033	0.9712	-0.0107	Myeloid cell
11483.79	2481.5	-0.0596	-0.0179	-0.0156	0.6133	-0.0230	Myeloid cell
11483.29	2097.0	-0.0471	-0.0149	-0.0194	0.4631	-0.0287	Myeloid cell
11474.79	2089.0	-0.0096	0.0268	0.0048	0.7607	0.0021	Myeloid cell
11794.79	2684.0	-0.0491	-0.0345	0.8433	-0.0211	-0.0298	cDC1
11758.79	2701.0	-0.0558	-0.0523	0.4424	-0.0504	-0.0404	cDC1
11752.79	2704.0	-0.0598	-0.0553	0.4702	-0.0515	-0.0436	cDC1
11744.79	2706.5	-0.0872	-0.0144	0.8813	-0.0083	-0.0143	cDC1
11709.79	2676.0	0.0148	-0.0222	0.4351	-0.0408	-0.0223	cDC1
11670.79	2692.5	-0.0739	-0.0746	0.8105	-0.0568	-0.0635	cDC1
11665.79	2696.5	0.5464	0.0554	0.0151	0.0044	0.2610	cDC2
11664.79	2681.0	-0.0771	0.6890	-0.0487	-0.0152	-0.0401	pDC
11648.29	2703.0	0.0242	-0.0453	0.7402	-0.0485	-0.0327	cDC1
11584.29	2703.5	0.4060	-0.0826	-0.0906	-0.0168	0.2332	cDC2
11581.79	2709.0	0.5449	-0.0379	-0.0490	-0.0865	0.1606	cDC2
11562.29	2796.5	-0.0817	-0.0619	0.7432	-0.0623	-0.0566	cDC1
11556.79	2676.0	-0.0684	-0.0566	0.7075	-0.0534	-0.0511	cDC1
11541.79	2880.5	0.3748	-0.0353	-0.0481	-0.0809	0.3347	Other cell
11529.79	2888.5	0.2563	-0.0857	0.3594	-0.0843	0.0169	Other cell
11503.79	2789.0	0.0063	-0.0134	0.7051	0.0146	-0.0272	cDC1
11474.79	2676.0	0.0264	0.0262	0.7891	-0.0284	0.0171	cDC1
12080.79	1901.5	-0.0518	-0.0080	-0.0201	-0.0119	0.8574	B cell
12057.79	1893.0	-0.0384	-0.0147	0.7412	-0.0060	-0.0009	cDC1
12056.29	1904.0	-0.0610	-0.0438	0.7915	-0.0347	-0.0377	cDC1
12044.29	1984.0	0.6074	-0.0111	-0.0135	-0.0370	0.4976	Invalid
12044.29	1839.5	0.6938	-0.0038	-0.0242	0.4167	-0.0289	Double pos cDC2
12043.79	1848.5	0.9229	-0.0100	-0.0272	0.0449	-0.0319	cDC2
12043.29	1893.0	0.6782	0.0001	-0.0112	-0.0176	0.1493	cDC2
12042.29	1997.5	-0.0018	-0.0072	0.4573	0.0140	0.0962	cDC1
12041.29	1866.0	-0.0468	-0.0329	-0.0386	-0.0340	0.7881	B cell
12037.79	1947.5	-0.0624	-0.0182	0.8696	-0.0129	-0.0155	cDC1
12036.79	1972.0	0.2184	-0.0129	-0.0461	0.5894	-0.0648	Myeloid cell
12031.79	1918.5	-0.0424	0.0207	0.0072	0.8472	0.0411	Myeloid cell
12024.79	1907.0	0.0248	0.0184	0.0050	0.2178	0.4280	B cell
12021.29	1846.0	0.1475	-0.0113	0.5762	-0.0132	0.0710	cDC1
12019.79	1887.0	-0.0613	-0.0337	0.7285	-0.0439	-0.0145	cDC1
12008.79	1882.0	0.2311	0.0522	0.0092	0.9390	-0.0035	Myeloid cell
12008.29	1929.0	0.2162	-0.0038	0.3892	0.0844	-0.0235	Other cell
12007.29	1989.5	-0.0759	-0.0770	0.6255	-0.0750	-0.0614	cDC1
12100.79	2021.5	-0.0512	-0.0543	0.6714	0.0206	-0.0301	cDC1
12029.79	2095.0	-0.0570	-0.0393	0.7983	-0.0341	-0.0354	cDC1
11996.29	2118.0	0.0800	-0.0308	-0.0433	-0.0196	0.8281	B cell
11992.29	2134.5	-0.1186	-0.0590	-0.0691	-0.0594	0.7168	B cell
11991.79	2076.5	-0.1105	-0.0740	0.7461	-0.0596	-0.0554	cDC1
11990.79	2093.0	-0.0993	-0.0138	-0.0332	0.0214	0.7871	B cell
11989.79	2118.0	0.3875	0.0028	0.1097	0.0759	0.0723	Other cell
11975.79	2129.0	-0.0921	-0.0753	0.7383	-0.0626	-0.0628	cDC1
11974.79	2138.5	-0.0494	0.6353	-0.0375	-0.0490	-0.0335	pDC
