1502.22	7563.79	-0.0602	0.0049	-0.0118	0.9014	-0.0225	Myeloid cell
1495.22	7598.79	-0.0320	0.0085	0.0516	0.7466	-0.0113	Myeloid cell
1476.22	7607.79	-0.0547	-0.0071	-0.0189	0.7871	-0.0312	Myeloid cell
1450.72	7501.29	-0.0470	-0.0122	-0.0223	0.7817	-0.0261	Myeloid cell
1449.72	7639.29	-0.0391	0.0161	-0.0021	0.8823	-0.0103	Myeloid cell
1434.22	7212.29	-0.0425	0.0159	0.0005	0.9004	-0.0117	Myeloid cell
1432.72	7617.29	-0.0403	0.0103	-0.0065	0.0109	0.9526	B cell
1430.72	7561.29	-0.0621	0.0010	-0.0159	0.8975	-0.0284	Myeloid cell
1429.22	7358.29	-0.0626	-0.0171	-0.0264	0.7437	-0.0352	Myeloid cell
1427.22	7640.29	0.1981	0.0034	-0.0218	0.7925	-0.0320	Myeloid cell
1426.72	7567.29	-0.0839	0.0099	-0.0200	-0.0122	0.7485	B cell
1426.22	7558.29	-0.0714	-0.0135	-0.0222	0.8271	-0.0164	Myeloid cell
1425.22	7377.29	0.9268	-0.0139	-0.0275	0.0886	-0.0394	cDC2
1424.72	7629.79	-0.0554	0.0102	-0.0107	0.9683	-0.0263	Myeloid cell
1418.72	7232.29	0.6064	0.0054	-0.0216	0.5957	-0.0406	Double pos cDC2
1416.22	7585.79	-0.0448	0.0048	-0.0093	0.9160	-0.0274	Myeloid cell
1412.22	7534.29	-0.0473	0.0107	-0.0045	0.9116	-0.0213	Myeloid cell
1409.22	7610.79	0.5132	-0.0161	-0.0177	0.2131	-0.0244	cDC2
1409.22	7578.79	0.0318	0.0283	0.0095	0.9526	-0.0067	Myeloid cell
1406.22	7628.29	-0.0510	-0.0214	0.8965	-0.0110	-0.0257	cDC1
1402.22	7261.29	-0.0236	0.0131	-0.0075	0.7070	-0.0095	Myeloid cell
1400.22	7550.29	-0.0437	0.0127	-0.0057	0.8730	-0.0172	Myeloid cell
1394.22	7629.29	-0.0597	0.0004	0.0253	0.6904	0.0119	Myeloid cell
1388.72	7597.79	-0.0840	-0.0700	0.7163	-0.0569	-0.0562	cDC1
1384.22	7592.29	-0.0565	-0.0336	0.8438	-0.0220	-0.0331	cDC1
1375.22	7526.29	-0.0674	-0.0008	-0.0172	0.8926	-0.0312	Myeloid cell
1370.22	7608.29	0.6963	0.0368	0.0077	0.2292	0.0475	cDC2
1340.72	7593.79	0.5840	-0.0918	-0.0961	-0.0667	-0.0911	cDC2
1335.22	7594.29	0.9062	-0.0223	-0.0308	-0.0254	-0.0359	cDC2
1332.22	7617.79	-0.0545	0.0014	-0.0147	0.8691	-0.0201	Myeloid cell
1330.72	7623.79	-0.0826	-0.0263	-0.0368	0.7251	-0.0477	Myeloid cell
1328.22	7604.79	-0.0172	-0.0260	0.6211	-0.0447	-0.0258	cDC1
1323.22	7647.79	-0.0603	0.0017	-0.0144	0.8940	-0.0303	Myeloid cell
1299.72	7525.29	-0.0622	0.0017	-0.0141	0.8901	-0.0274	Myeloid cell
1298.72	7579.29	-0.0604	0.0039	-0.0146	0.8682	-0.0237	Myeloid cell
1296.22	7612.79	0.0102	0.0063	-0.0143	0.6333	-0.0113	Myeloid cell
1280.72	7391.29	-0.0244	0.0155	-0.0013	0.9443	-0.0133	Myeloid cell
1279.72	7447.79	0.8623	-0.0249	-0.0331	-0.0274	-0.0393	cDC2
1272.22	7620.29	-0.0827	-0.0281	0.0002	0.7261	-0.0303	Myeloid cell
1268.22	7501.79	0.6953	-0.0098	-0.0255	0.0867	-0.0377	cDC2
1265.72	7652.29	-0.0555	-0.0378	0.7881	-0.0339	-0.0386	cDC1
1259.72	7502.29	-0.0327	0.0133	-0.0044	0.8809	-0.0083	Myeloid cell
1256.72	7630.79	-0.0614	-0.0008	-0.0178	0.8521	-0.0273	Myeloid cell
1249.22	7635.79	0.2012	0.0236	-0.0123	0.6665	-0.0375	Myeloid cell
1244.72	7621.29	-0.0643	-0.0330	0.7661	-0.0242	-0.0301	cDC1
1232.22	7629.79	0.0382	0.0328	0.0161	0.9834	-0.0028	Myeloid cell
1231.22	7494.79	-0.0721	-0.0540	0.7500	-0.0347	-0.0327	cDC1
1230.72	7611.29	-0.0966	-0.0216	-0.0215	0.7690	-0.0329	Myeloid cell
1226.22	7603.29	-0.0395	-0.0091	0.9087	-0.0007	-0.0176	cDC1
1225.22	7485.79	0.7881	-0.0359	-0.0444	-0.0308	-0.0421	cDC2
1225.22	7473.29	0.0270	0.0245	-0.0031	0.5444	-0.0116	Myeloid cell
1219.22	7481.79	0.0331	0.0120	0.0058	0.8750	-0.0150	Myeloid cell
1214.72	7635.79	-0.0373	-0.0254	0.5547	-0.0314	-0.0209	cDC1
1213.72	7494.79	-0.0399	0.0156	-0.0010	0.9336	-0.0141	Myeloid cell
1210.22	7569.29	0.0210	0.0011	-0.0111	0.8521	-0.0238	Myeloid cell
1209.72	7511.79	-0.0517	-0.0073	-0.0228	0.8110	-0.0085	Myeloid cell
1205.72	7628.79	0.0617	0.0066	-0.0148	0.8154	-0.0276	Myeloid cell
1205.22	7620.29	-0.0434	0.0270	0.0117	0.6714	0.0384	Myeloid cell
1202.72	7521.29	-0.0399	-0.0147	0.8926	-0.0010	-0.0164	cDC1
1201.72	7578.29	-0.0227	-0.0057	0.0007	0.7114	-0.0126	Myeloid cell
1201.22	7556.79	-0.0536	-0.0058	-0.0172	0.7461	-0.0259	Myeloid cell
1198.22	7597.29	-0.0135	-0.0069	0.5195	-0.0049	-0.0015	cDC1
1197.22	7621.79	0.0600	0.0179	0.0012	0.9160	-0.0099	Myeloid cell
1195.72	7614.29	-0.0270	0.0011	-0.0162	0.8062	-0.0088	Myeloid cell
1194.72	7602.79	-0.0598	-0.0421	0.6982	-0.0138	-0.0325	cDC1
1192.72	7584.79	0.8833	-0.0220	-0.0314	-0.0040	-0.0339	cDC2
1189.22	7606.29	-0.0493	-0.0216	0.8042	-0.0096	-0.0174	cDC1
1185.22	7522.79	0.1871	-0.0180	-0.0350	0.6919	-0.0262	Myeloid cell
1185.22	7501.79	0.0648	0.0111	-0.0269	0.6191	-0.0324	Myeloid cell
1179.72	7609.79	-0.0477	0.0048	-0.0113	0.0057	0.7974	B cell
1175.22	7580.79	-0.0493	0.0060	-0.0105	0.8438	-0.0188	Myeloid cell
1171.72	7610.29	0.0097	0.0274	0.0006	0.6553	0.0193	Myeloid cell
1170.22	7592.29	-0.0606	-0.0029	-0.0170	0.8574	-0.0293	Myeloid cell
1151.22	7496.29	-0.0532	-0.0197	0.8984	-0.0092	-0.0239	cDC1
1148.22	7557.29	0.0996	0.0404	0.0277	1.0312	-0.0021	Myeloid cell
1147.72	7627.79	-0.0672	-0.0455	0.7773	-0.0375	-0.0435	cDC1
1143.22	7545.79	-0.0202	-0.0050	-0.0202	0.8433	-0.0213	Myeloid cell
1132.22	7576.29	0.0222	0.0017	-0.0219	0.0946	0.6460	B cell
1132.22	7540.29	-0.0500	-0.0104	-0.0177	0.6621	0.0079	Myeloid cell
1130.22	7534.29	-0.0358	-0.0022	-0.0165	0.7480	-0.0218	Myeloid cell
1125.72	7592.29	0.5117	0.0094	-0.0173	0.7935	-0.0199	Double pos cDC2
1125.22	7564.29	-0.0439	0.0287	-0.0027	0.9624	-0.0248	Myeloid cell
1118.72	7563.29	-0.1144	0.0101	-0.0146	0.7578	0.0373	Myeloid cell
1116.22	7579.79	0.1508	-0.0334	-0.0540	0.6499	-0.0557	Myeloid cell
1115.72	7568.29	0.0281	-0.0373	-0.0558	0.5967	-0.0488	Myeloid cell
1105.72	7600.79	-0.0276	-0.0004	-0.0194	0.8071	-0.0244	Myeloid cell
1103.22	7569.29	0.0043	0.0134	0.0008	0.8989	-0.0139	Myeloid cell
1093.72	7607.79	-0.0281	-0.0079	-0.0197	0.0007	0.5762	B cell
1091.72	7601.79	-0.0891	-0.0425	-0.0455	-0.0384	0.7959	B cell
1090.22	7572.79	-0.0523	-0.0247	0.8320	-0.0203	-0.0275	cDC1
1085.72	7587.79	-0.0421	-0.0120	0.8770	-0.0057	-0.0189	cDC1
1080.22	7562.29	-0.0429	0.0020	-0.0106	0.8608	-0.0197	Myeloid cell
1075.22	7600.29	-0.0640	-0.0078	-0.0162	-0.0028	0.8467	B cell
1073.72	7563.79	-0.0562	0.0177	0.0158	0.5918	-0.0070	Myeloid cell
1070.22	7596.29	0.0629	0.0062	-0.0012	0.7339	-0.0238	Myeloid cell
1064.72	7590.79	-0.0592	-0.0412	0.7827	-0.0336	-0.0406	cDC1
1062.22	7566.79	-0.0550	0.0102	-0.0090	0.9023	-0.0186	Myeloid cell
1056.72	7575.29	0.0611	0.0010	-0.0124	0.7651	-0.0060	Myeloid cell
1049.72	7589.29	-0.0283	0.0127	-0.0055	0.8838	-0.0150	Myeloid cell
1049.22	7595.79	-0.0397	-0.0172	-0.0260	0.7861	-0.0294	Myeloid cell
1043.72	7588.29	-0.0879	-0.0278	-0.0352	-0.0073	0.5947	B cell
1037.22	7592.29	0.0001	0.0228	0.0012	0.0869	0.4326	B cell
2006.72	6170.29	-0.0634	-0.0094	-0.0184	0.8037	-0.0373	Myeloid cell
1999.22	6179.29	-0.0279	-0.0150	0.0094	0.6943	0.0573	Myeloid cell
1997.22	6206.79	-0.0646	-0.0429	0.8149	-0.0338	-0.0383	cDC1
1991.72	6239.79	0.5356	-0.0234	-0.0329	-0.0297	-0.0332	cDC2
1985.22	6137.79	0.0895	-0.0228	-0.0005	0.6045	-0.0146	Myeloid cell
1975.22	6255.79	-0.0665	-0.0547	0.6348	-0.0605	-0.0459	cDC1
1971.22	6211.29	-0.0694	-0.0562	0.6582	-0.0517	-0.0506	cDC1
1966.22	6194.29	-0.0787	-0.0682	0.6763	-0.0684	-0.0661	cDC1
1962.72	6061.79	-0.0105	-0.0025	0.8105	-0.0025	0.0070	cDC1
1954.22	6048.79	-0.0396	-0.0369	0.7393	-0.0445	-0.0420	cDC1
1930.72	6267.79	-0.0811	-0.0665	0.6577	-0.0759	-0.0714	cDC1
1921.72	6205.29	-0.0045	0.0070	0.6060	-0.0372	-0.0058	cDC1
1918.72	6170.79	-0.1061	-0.0148	0.0975	0.5796	-0.0354	Myeloid cell
1916.72	6147.29	-0.0611	-0.0171	0.0619	0.4558	-0.0187	Myeloid cell
1898.72	6185.79	0.0018	0.0160	0.2949	0.1216	0.0045	Other cell
1891.72	5933.79	-0.0651	-0.0523	0.5210	-0.0563	-0.0548	cDC1
1885.72	6029.29	-0.0474	-0.0079	0.0484	0.5947	-0.0197	Myeloid cell
1884.72	6051.29	0.1398	0.0253	0.0100	0.8643	-0.0066	Myeloid cell
1882.22	6057.79	-0.0349	0.0179	-0.0016	0.9370	-0.0166	Myeloid cell
1866.22	5987.79	-0.0699	-0.0098	-0.0227	0.7344	-0.0298	Myeloid cell
1860.72	6145.29	-0.0473	0.0042	-0.0022	0.8843	-0.0156	Myeloid cell
1860.22	6134.79	-0.0562	-0.0255	0.8242	-0.0204	-0.0279	cDC1
1853.22	6090.79	-0.0443	0.0105	0.0023	0.9106	-0.0038	Myeloid cell
2011.72	7058.79	0.0225	-0.0057	-0.0323	0.5552	-0.0357	Myeloid cell
2011.72	6841.79	0.0031	0.0289	0.0326	0.5635	0.0005	Myeloid cell
1998.22	7037.79	-0.0119	0.0006	-0.0123	0.7095	-0.0035	Myeloid cell
1997.72	6937.29	-0.0605	0.0025	-0.0132	0.9067	-0.0275	Myeloid cell
1994.22	7066.79	-0.0213	-0.0186	-0.0520	0.6699	-0.0596	Myeloid cell
1989.22	6521.29	-0.0701	-0.0096	-0.0243	0.8228	-0.0338	Myeloid cell
1982.72	6516.29	-0.0635	0.0054	-0.0038	0.6240	-0.0220	Myeloid cell
1979.72	6521.79	-0.0538	-0.0037	-0.0157	0.8110	-0.0213	Myeloid cell
1979.22	7001.79	-0.0533	0.0059	-0.0087	0.8921	-0.0199	Myeloid cell
1970.72	7032.79	-0.0860	-0.0660	0.7861	-0.0534	-0.0564	cDC1
1968.72	7016.79	-0.0566	-0.0341	0.8599	-0.0277	-0.0347	cDC1
1962.22	7008.29	0.6265	-0.0088	-0.0385	0.7266	-0.0435	Double pos cDC2
1958.72	7014.29	0.3457	-0.0243	-0.0194	0.6294	-0.0128	Myeloid cell
1955.72	6978.29	-0.0448	0.0066	-0.0337	0.7485	-0.0409	Myeloid cell
1953.22	7010.79	0.0937	0.0202	-0.0070	0.9155	-0.0180	Myeloid cell
1944.22	7018.79	-0.0456	0.8135	-0.0359	-0.0127	-0.0324	pDC
1938.22	7056.79	-0.0236	0.0219	0.0053	0.0569	0.7261	B cell
1929.72	6955.79	-0.0064	-0.0134	-0.0331	0.8184	-0.0370	Myeloid cell
1927.22	6982.79	-0.0656	-0.0068	-0.0217	0.8525	-0.0352	Myeloid cell
1926.22	6952.29	-0.0470	-0.0084	-0.0230	0.8296	-0.0308	Myeloid cell
1922.22	7014.79	-0.0670	-0.0441	0.7285	-0.0408	-0.0381	cDC1
1921.72	7066.79	-0.0624	-0.0181	-0.0357	0.8086	-0.0426	Myeloid cell
1919.72	7046.29	-0.0325	-0.0083	0.0038	0.8672	-0.0173	Myeloid cell
1919.72	7001.79	-0.0458	-0.0017	-0.0156	0.0064	0.8379	B cell
1918.72	6995.29	-0.0131	0.0205	-0.0017	0.8354	-0.0053	Myeloid cell
1916.72	7062.79	-0.0532	-0.0116	-0.0242	0.7412	-0.0303	Myeloid cell
1915.22	7041.29	0.0229	-0.0060	-0.0071	0.7153	0.0219	Myeloid cell
1915.22	6975.29	-0.0482	-0.0075	-0.0206	0.0110	0.6729	B cell
1914.72	6959.79	-0.0295	-0.0065	-0.0210	0.7290	-0.0137	Myeloid cell
1912.22	6995.79	-0.0417	0.0000	-0.0347	0.6528	-0.0205	Myeloid cell
1911.22	6812.29	-0.0284	-0.0088	-0.0216	0.7715	-0.0320	Myeloid cell
1910.22	7066.79	0.0017	0.0312	0.0088	0.0974	0.7261	B cell
1910.22	6787.29	0.0314	-0.0062	-0.0190	0.7139	-0.0144	Myeloid cell
1906.72	6964.29	-0.0494	-0.0070	-0.0272	0.7734	-0.0284	Myeloid cell
1904.72	6946.79	-0.0478	0.0122	-0.0074	0.9219	-0.0169	Myeloid cell
1903.72	6812.29	-0.0242	0.0168	-0.0013	0.9429	-0.0064	Myeloid cell
1902.72	6885.29	-0.0375	-0.0272	-0.0381	0.5957	-0.0417	Myeloid cell
1902.22	6958.29	-0.0361	0.0113	-0.0090	0.0525	0.5713	B cell
1900.72	7038.79	0.0140	-0.0148	-0.0268	0.6699	-0.0306	Myeloid cell
1900.72	6784.29	-0.0265	0.0138	-0.0014	0.9277	-0.0121	Myeloid cell
1898.72	6890.79	-0.0481	0.0060	-0.0102	0.8999	-0.0198	Myeloid cell
1895.22	6803.29	0.3647	0.0121	-0.0140	0.8843	-0.0303	Myeloid cell
1892.72	7061.79	-0.0862	-0.0508	-0.0534	-0.0455	0.6494	B cell
1891.72	6774.29	-0.0426	0.0190	0.0008	0.9634	-0.0134	Myeloid cell
1889.72	7066.79	-0.0642	-0.0057	-0.0210	0.0034	0.8521	B cell
1889.22	6797.79	-0.0387	0.0056	-0.0086	0.8784	-0.0149	Myeloid cell
1888.72	6902.79	0.6675	-0.0393	-0.0229	0.1045	-0.0500	cDC2
1887.72	6948.79	-0.0415	0.0095	-0.0008	0.0214	0.7900	B cell
1883.22	6798.79	-0.0118	-0.0030	0.0306	0.3638	-0.0053	Other cell
1879.72	6889.29	0.1552	-0.0117	-0.0307	0.7744	-0.0422	Myeloid cell
1877.72	7066.79	-0.0757	-0.0386	-0.0586	0.6816	-0.0676	Myeloid cell
1877.72	6786.29	-0.0484	-0.0144	-0.0289	0.7788	-0.0268	Myeloid cell
1877.22	6998.79	-0.0288	-0.0054	-0.0156	0.0956	0.6860	B cell
1876.72	6885.79	0.0285	-0.0125	-0.0571	0.7192	-0.0617	Myeloid cell
1874.22	7011.29	-0.0550	-0.0021	-0.0150	0.8750	-0.0260	Myeloid cell
1872.22	7044.29	0.0612	0.0405	0.0130	0.0538	0.4526	B cell
1872.22	7000.79	-0.0258	0.0099	-0.0084	0.8413	-0.0153	Myeloid cell
1870.22	6963.79	0.0232	-0.0269	-0.0457	0.6875	-0.0437	Myeloid cell
1869.22	6991.29	0.0605	0.0006	-0.0143	0.8252	0.0679	Myeloid cell
1867.72	7022.79	-0.0579	0.0186	-0.0059	0.9956	-0.0276	Myeloid cell
1865.72	6984.29	-0.0074	0.0192	0.0032	0.0540	0.4509	B cell
1865.72	6615.79	-0.0265	0.0085	-0.0054	0.5776	-0.0079	Myeloid cell
1863.22	7030.29	0.0099	-0.0147	-0.0393	0.6323	-0.0420	Myeloid cell
1855.72	6998.79	-0.0354	-0.0462	0.6855	-0.0383	-0.0351	cDC1
1853.72	7023.79	-0.0620	-0.0276	-0.0363	-0.0164	0.6230	B cell
1849.72	6582.29	-0.0607	0.0030	-0.0147	0.8560	-0.0218	Myeloid cell
1848.72	7027.29	-0.0475	0.0192	0.0028	0.0204	0.9185	B cell
1846.22	6975.29	0.2294	0.0049	-0.0114	0.8271	-0.0130	Myeloid cell
1846.22	6798.29	-0.0560	0.0090	-0.0077	0.9312	-0.0251	Myeloid cell
1843.72	6981.79	0.0229	-0.0459	-0.0696	0.6479	-0.0760	Myeloid cell
1842.72	6876.79	-0.0402	0.0101	-0.0079	0.8960	-0.0140	Myeloid cell
1841.72	6859.79	-0.0451	-0.0237	-0.0375	0.7856	-0.0458	Myeloid cell
1841.72	6846.29	-0.0524	0.0115	-0.0042	0.9111	-0.0176	Myeloid cell
1840.72	6949.79	0.0217	-0.0082	-0.0366	0.6221	-0.0435	Myeloid cell
1835.22	6845.29	-0.0642	0.0047	-0.0210	0.8569	-0.0257	Myeloid cell
1834.22	6855.29	-0.0665	-0.0020	-0.0211	0.0469	0.8691	B cell
1831.22	6886.79	0.0987	0.0075	0.0001	0.8325	-0.0061	Myeloid cell
1831.22	6840.29	0.0661	0.0281	0.0074	0.9395	-0.0032	Myeloid cell
1829.72	6862.29	-0.0551	-0.0209	-0.0331	-0.0233	0.5693	B cell
1823.22	7022.29	-0.0426	0.0105	-0.0060	0.9106	-0.0168	Myeloid cell
1821.22	6802.79	-0.0375	0.0052	-0.0097	0.7354	-0.0155	Myeloid cell
1820.22	6858.79	0.0376	-0.0063	-0.0065	0.3254	0.4883	B cell
1819.72	6844.79	-0.0826	-0.0353	-0.0497	-0.0174	0.6309	B cell
1818.72	6970.79	-0.0614	-0.0093	-0.0219	-0.0055	0.8633	B cell
1817.72	6849.29	0.0015	-0.0086	0.0039	0.5796	-0.0150	Myeloid cell
1816.22	6964.79	-0.0516	0.0036	-0.0091	0.0310	0.8066	B cell
1813.72	6855.79	-0.0206	0.0061	-0.0155	0.6421	-0.0296	Myeloid cell
1813.22	6811.79	-0.0481	0.7993	-0.0451	-0.0336	-0.0395	pDC
1811.72	6877.79	-0.0621	-0.0094	0.0072	0.6782	-0.0234	Myeloid cell
1808.22	6779.29	-0.0544	0.0094	-0.0078	0.9282	-0.0216	Myeloid cell
1805.72	7051.79	0.0824	-0.0100	-0.0172	0.7354	-0.0486	Myeloid cell
1795.72	6922.79	0.1597	-0.0081	-0.0274	0.7563	-0.0459	Myeloid cell
1794.72	6879.29	0.0740	0.0184	-0.0033	0.8145	0.0036	Myeloid cell
1789.72	6769.79	-0.0228	-0.0063	-0.0461	0.5591	-0.0348	Myeloid cell
1789.22	6837.29	0.2054	0.0037	-0.0269	0.7012	-0.0344	Myeloid cell
1788.72	6827.79	-0.0564	-0.0326	0.7168	-0.0237	-0.0262	cDC1
1786.72	6810.79	-0.0307	0.0109	-0.0048	0.0272	0.7456	B cell
1786.72	6794.29	0.3481	-0.0065	-0.0317	0.5801	-0.0370	Myeloid cell
1783.22	6832.79	0.6431	-0.0120	-0.0174	0.2217	0.0262	cDC2
1782.72	6970.79	0.0950	0.0291	0.0003	0.8906	-0.0297	Myeloid cell
1778.22	6920.79	-0.0244	-0.0195	-0.0383	0.6011	-0.0452	Myeloid cell
1777.72	6890.79	0.0213	-0.0013	-0.0159	0.6421	-0.0073	Myeloid cell
1775.22	6774.29	-0.1073	0.0034	-0.0132	0.8125	-0.0111	Myeloid cell
1775.22	6765.79	0.0697	-0.0046	-0.0138	0.7520	-0.0233	Myeloid cell
1769.72	6771.79	-0.1290	0.0218	0.0008	0.6465	0.0043	Myeloid cell
1767.22	6808.29	0.0092	0.0048	-0.0133	0.7041	-0.0069	Myeloid cell
1765.22	6821.29	0.5312	0.0190	-0.0107	0.6709	0.0194	Double pos cDC2
1763.72	6865.79	-0.0570	-0.0099	-0.0228	0.8496	-0.0323	Myeloid cell
1763.72	6778.29	0.3979	-0.0048	-0.0182	0.6030	-0.0321	Myeloid cell
1760.22	6851.29	-0.0565	-0.0047	-0.0204	0.8530	-0.0302	Myeloid cell
1752.72	6910.79	0.0350	-0.0321	-0.0359	0.8296	-0.0579	Myeloid cell
1751.72	6804.79	0.0282	0.0145	0.3035	0.0302	0.1830	Other cell
1749.22	6779.29	-0.0276	-0.0002	-0.0215	0.6953	-0.0298	Myeloid cell
1736.72	6780.29	0.1693	-0.0042	-0.0200	0.6475	-0.0302	Myeloid cell
1719.22	6896.29	-0.0421	0.0056	-0.0123	0.8506	-0.0170	Myeloid cell
1699.22	7006.29	-0.0415	-0.0094	-0.0205	0.8291	-0.0345	Myeloid cell
1679.22	6973.79	0.5376	-0.0241	-0.0065	0.1284	-0.0370	cDC2
1649.72	7030.79	-0.0558	0.0025	-0.0147	0.9180	-0.0316	Myeloid cell
2000.22	7119.79	-0.0391	0.0091	-0.0001	0.8521	-0.0130	Myeloid cell
1998.22	7384.79	-0.0326	0.0046	-0.0087	0.8735	-0.0203	Myeloid cell
1991.22	7462.29	0.8525	-0.0284	-0.0394	0.0349	-0.0517	cDC2
1981.72	7346.29	-0.0620	0.0068	-0.0103	0.9321	-0.0267	Myeloid cell
1980.72	7480.29	-0.0811	-0.0237	-0.0345	0.7476	-0.0463	Myeloid cell
1980.72	7421.29	-0.0484	0.0021	-0.0140	0.8457	-0.0221	Myeloid cell
1977.22	7445.79	-0.0354	-0.0064	0.9731	0.0082	-0.0120	cDC1
1975.22	7357.79	0.0677	0.0219	0.0131	0.8545	-0.0005	Myeloid cell
1974.22	7130.29	-0.0437	0.0047	-0.0215	0.6836	-0.0134	Myeloid cell
1972.72	7211.29	-0.0579	-0.0010	-0.0162	0.8828	-0.0253	Myeloid cell
1972.22	7417.79	-0.0262	0.0160	-0.0077	0.8833	-0.0116	Myeloid cell
1971.22	7078.79	-0.0363	0.0002	-0.0177	0.8296	-0.0258	Myeloid cell
1967.72	7374.29	-0.0406	0.0024	-0.0078	0.8169	-0.0232	Myeloid cell
1966.72	7476.79	-0.0435	0.0076	-0.0086	0.9102	-0.0238	Myeloid cell
1966.72	7398.79	0.1002	0.0126	-0.0054	0.7959	-0.0059	Myeloid cell
1965.72	7075.79	0.1704	0.0081	-0.0210	0.6704	-0.0253	Myeloid cell
1965.22	7471.79	-0.0825	-0.0498	-0.0565	0.6899	-0.0559	Myeloid cell
1964.22	7127.79	-0.0353	0.0083	-0.0046	0.8608	-0.0134	Myeloid cell
1962.72	7494.29	0.0849	0.0271	-0.0149	0.7593	-0.0280	Myeloid cell
1962.72	7139.29	-0.0243	0.0197	0.0022	0.9116	-0.0013	Myeloid cell
1960.72	7231.79	-0.0064	0.0061	-0.0080	0.7905	-0.0035	Myeloid cell
1958.72	7213.29	-0.0442	0.0146	-0.0028	0.9546	-0.0201	Myeloid cell
1957.72	7470.79	-0.0797	-0.0201	-0.0363	0.7646	-0.0323	Myeloid cell
1956.72	7413.79	0.0641	-0.0479	-0.0720	0.6694	-0.0729	Myeloid cell
1955.22	7461.79	-0.0511	-0.0218	0.8340	-0.0163	-0.0253	cDC1
1954.72	7484.79	-0.0226	0.0202	0.0003	0.8340	-0.0089	Myeloid cell
1954.22	7419.29	0.0122	0.0066	-0.0142	0.8623	-0.0217	Myeloid cell
1950.22	7436.29	-0.0400	0.0071	-0.0222	0.5698	-0.0262	Myeloid cell
1950.22	7310.79	-0.0599	-0.0003	-0.0149	0.8140	-0.0231	Myeloid cell
1949.72	7241.79	-0.0567	0.0072	-0.0080	0.8989	-0.0228	Myeloid cell
1949.22	7433.29	-0.0146	0.4119	-0.0267	-0.0085	-0.0187	pDC
1948.72	7102.29	-0.0251	-0.0003	-0.0172	0.6035	-0.0246	Myeloid cell
1945.22	7427.29	0.7500	-0.0014	-0.0242	0.8184	-0.0420	Double pos cDC2
1944.72	7095.79	-0.0582	-0.0092	-0.0205	-0.0019	0.8926	B cell
1942.72	7450.79	-0.0824	-0.0457	0.7144	-0.0302	-0.0298	cDC1
1941.72	7443.79	-0.0204	-0.0125	-0.0189	0.7490	-0.0256	Myeloid cell
1941.22	7402.29	-0.0236	0.0064	-0.0087	0.8286	-0.0134	Myeloid cell
1940.72	7466.29	-0.0617	-0.0130	-0.0284	0.8130	-0.0359	Myeloid cell
1938.22	7202.29	-0.0561	-0.0306	-0.0535	0.7490	-0.0529	Myeloid cell
1937.72	7419.79	-0.0565	-0.0002	-0.0184	0.8867	-0.0334	Myeloid cell
1937.22	7381.79	-0.0738	-0.0246	-0.0445	0.6611	-0.0387	Myeloid cell
1928.22	7444.29	-0.0280	0.0030	-0.0189	0.6777	-0.0156	Myeloid cell
1927.72	7409.29	-0.0659	-0.0390	0.8564	-0.0284	-0.0367	cDC1
1926.72	7459.79	-0.0573	0.0132	-0.0056	0.9653	-0.0250	Myeloid cell
1924.72	7433.79	0.0818	-0.0362	-0.0480	0.5024	-0.0530	Myeloid cell
1924.72	7133.29	-0.0223	-0.0151	-0.0345	0.6069	-0.0343	Myeloid cell
1921.22	7457.29	-0.0815	-0.0104	0.0142	0.7017	-0.0131	Myeloid cell
1918.72	7070.29	-0.0569	-0.0229	-0.0332	-0.0193	0.5850	B cell
1916.72	7423.29	-0.0602	-0.0023	-0.0213	0.8589	-0.0310	Myeloid cell
1914.72	7134.29	-0.0388	-0.0100	-0.0166	0.7988	-0.0281	Myeloid cell
1913.72	7430.29	-0.0012	0.0016	-0.0180	0.9199	-0.0096	Myeloid cell
1911.22	7417.29	-0.0551	-0.0165	-0.0326	0.7856	-0.0344	Myeloid cell
1910.22	7070.29	-0.0223	0.0172	0.0006	0.9888	-0.0190	Myeloid cell
1908.72	7425.29	-0.1342	-0.0214	-0.0474	0.6562	-0.0147	Myeloid cell
1908.72	7080.79	-0.0524	0.0036	-0.0144	0.8887	-0.0225	Myeloid cell
1904.72	7174.79	-0.0252	0.0076	-0.0134	0.7886	-0.0221	Myeloid cell
1903.72	7410.29	-0.0076	-0.0440	-0.0650	0.6792	-0.0657	Myeloid cell
1901.72	7433.29	-0.0485	-0.0118	-0.0269	0.8042	-0.0336	Myeloid cell
1895.72	7445.29	-0.0055	-0.0106	-0.0283	0.6655	-0.0351	Myeloid cell
1892.72	7452.29	-0.0275	-0.0240	-0.0414	0.6187	-0.0381	Myeloid cell
1890.72	7316.79	0.0089	0.0233	-0.0277	0.6147	-0.0464	Myeloid cell
1888.22	7463.29	-0.0536	0.0030	-0.0118	0.8867	-0.0211	Myeloid cell
1888.22	7082.79	-0.0495	-0.0281	-0.0373	0.6050	-0.0457	Myeloid cell
1876.72	7080.79	-0.0496	0.0067	-0.0164	0.2081	0.4299	B cell
1872.72	7115.29	-0.0505	-0.0018	-0.0237	0.8579	-0.0351	Myeloid cell
1868.72	7277.79	-0.0424	0.0032	-0.0145	0.7773	-0.0165	Myeloid cell
1868.22	7108.79	0.1370	-0.0020	-0.0252	0.6572	-0.0287	Myeloid cell
1860.72	7415.29	-0.0138	-0.0245	-0.0373	0.7998	-0.0451	Myeloid cell
1860.72	7199.29	-0.0446	0.0100	-0.0052	0.9316	-0.0178	Myeloid cell
1860.72	7140.29	0.0011	0.0094	-0.0097	0.7432	-0.0142	Myeloid cell
1859.72	7471.79	0.0285	-0.0074	0.0108	0.7852	-0.0281	Myeloid cell
1859.22	7463.79	0.0441	0.0198	-0.0035	0.8784	-0.0117	Myeloid cell
1857.72	7427.29	-0.0591	-0.0406	-0.0560	0.7437	-0.0374	Myeloid cell
1857.72	7106.79	0.0005	0.0084	-0.0133	0.7896	-0.0152	Myeloid cell
1856.22	7360.79	0.1359	0.0021	-0.0115	0.8857	-0.0263	Myeloid cell
1854.72	7142.79	-0.0401	0.0010	-0.0158	0.6562	-0.0179	Myeloid cell
1853.22	7424.29	-0.0984	-0.0303	-0.0348	0.5854	-0.0519	Myeloid cell
1851.22	7491.29	-0.0574	-0.0002	-0.0179	0.8667	-0.0264	Myeloid cell
1850.72	7445.29	-0.0378	0.0049	0.0446	0.6318	-0.0169	Myeloid cell
1849.72	7483.79	-0.0504	0.0032	-0.0130	0.8970	-0.0237	Myeloid cell
1849.72	7438.79	-0.0544	-0.0024	-0.0153	0.0127	0.9087	B cell
1849.22	7432.29	0.1036	0.0091	-0.0073	0.0465	0.5977	B cell
1848.22	7189.79	-0.0500	0.0020	0.0154	0.6348	-0.0081	Myeloid cell
1845.72	7476.29	-0.0165	-0.0145	-0.0164	0.7695	-0.0112	Myeloid cell
1844.72	7463.79	-0.0521	0.0079	-0.0104	0.9155	-0.0223	Myeloid cell
1842.72	7494.29	-0.0564	-0.0015	-0.0177	0.8608	-0.0263	Myeloid cell
1842.22	7119.29	-0.0469	-0.0131	-0.0233	0.6997	-0.0306	Myeloid cell
1840.22	7155.29	-0.0418	-0.0142	-0.0303	0.7900	-0.0383	Myeloid cell
1832.72	7457.79	-0.0360	0.0053	-0.0099	0.8804	-0.0203	Myeloid cell
1832.72	7283.29	0.0526	0.0285	-0.0497	0.6104	-0.0461	Myeloid cell
1832.72	7188.79	0.3455	0.0015	-0.0235	0.6558	-0.0412	Myeloid cell
1828.72	7214.79	-0.0457	0.0092	-0.0055	0.8740	-0.0136	Myeloid cell
1828.22	7482.79	-0.0100	-0.0084	-0.0207	0.8672	-0.0368	Myeloid cell
1825.72	7513.29	-0.0677	-0.0425	-0.0489	0.7300	-0.0635	Myeloid cell
1824.22	7195.79	-0.0317	0.0137	-0.0047	0.8242	-0.0141	Myeloid cell
1822.22	7514.79	-0.0635	-0.0035	-0.0188	0.8760	-0.0324	Myeloid cell
1820.72	7479.29	-0.0030	0.0226	-0.0029	0.5215	0.0009	Myeloid cell
1819.72	7407.79	0.6968	0.0106	-0.0146	0.8042	-0.0249	Double pos cDC2
1816.22	7413.29	0.9126	-0.0214	-0.0296	-0.0033	-0.0178	cDC2
1815.72	7161.79	-0.0523	0.0135	-0.0064	0.9434	-0.0208	Myeloid cell
1814.22	7140.79	-0.0497	0.0089	-0.0055	0.8838	-0.0164	Myeloid cell
1810.22	7483.79	0.0225	-0.0023	-0.0229	0.7344	-0.0268	Myeloid cell
1810.22	7212.29	-0.0431	0.0151	-0.0023	0.9585	-0.0175	Myeloid cell
1808.22	7424.79	0.0757	0.0103	-0.0072	0.7461	-0.0242	Myeloid cell
1807.22	7501.79	-0.0472	0.0027	-0.0134	0.8638	-0.0239	Myeloid cell
1806.22	7238.29	-0.0660	-0.0432	0.8354	-0.0304	-0.0384	cDC1
1803.72	7441.29	-0.0441	-0.0066	-0.0048	0.8276	-0.0201	Myeloid cell
1802.72	7231.79	-0.0608	-0.0336	0.7026	-0.0409	-0.0396	cDC1
1802.22	7126.29	-0.0660	0.0167	-0.0102	0.9546	-0.0264	Myeloid cell
1798.72	7439.29	-0.0791	-0.0271	0.0506	0.5098	-0.0270	Myeloid cell
1797.22	7121.29	-0.0562	0.0040	-0.0028	0.8022	-0.0229	Myeloid cell
1794.72	7468.29	-0.0426	-0.0137	-0.0268	0.8145	-0.0361	Myeloid cell
1791.72	7231.79	-0.0140	-0.0085	-0.0339	0.7021	-0.0316	Myeloid cell
1781.72	7502.79	-0.0500	-0.0174	-0.0398	0.5723	-0.0412	Myeloid cell
1781.72	7484.29	-0.0518	-0.0213	-0.0328	0.7500	-0.0475	Myeloid cell
1781.72	7087.29	-0.0680	0.0001	-0.0177	0.8711	-0.0328	Myeloid cell
1773.72	7489.29	-0.0642	-0.0311	-0.0562	0.5830	-0.0495	Myeloid cell
1773.72	7465.29	-0.0270	0.0072	-0.0104	0.8984	-0.0194	Myeloid cell
1767.72	7460.29	-0.0779	0.0135	-0.0017	0.8135	-0.0253	Myeloid cell
1767.72	7428.79	-0.0552	-0.0307	0.8989	-0.0186	-0.0322	cDC1
1767.22	7489.29	-0.0266	0.0274	-0.0039	0.6387	0.0113	Myeloid cell
1767.22	7188.29	0.8940	-0.0209	-0.0300	-0.0194	-0.0336	cDC2
1767.22	7121.29	-0.0601	0.0020	-0.0155	0.8433	-0.0238	Myeloid cell
1764.22	7171.29	-0.0464	0.0013	-0.0126	0.8687	-0.0205	Myeloid cell
1761.22	7503.29	-0.0525	0.0059	-0.0110	0.8872	-0.0200	Myeloid cell
1754.72	7461.79	0.0062	-0.0131	-0.0272	0.6211	-0.0287	Myeloid cell
1754.22	7500.79	-0.0225	0.0310	-0.0107	0.6919	0.0159	Myeloid cell
1751.72	7151.29	0.0373	-0.0186	-0.0155	0.5933	-0.0331	Myeloid cell
1749.22	7495.79	-0.0195	0.0133	-0.0053	0.7827	-0.0176	Myeloid cell
1747.72	7443.79	-0.0014	0.0078	-0.0034	0.8423	-0.0116	Myeloid cell
1744.72	7120.79	-0.0495	0.0128	-0.0075	0.9263	-0.0218	Myeloid cell
1742.72	7498.79	-0.0578	-0.0102	-0.0231	0.8052	-0.0270	Myeloid cell
1737.22	7484.29	-0.0147	0.0005	-0.0206	0.7319	-0.0206	Myeloid cell
1735.72	7448.79	-0.0512	0.0068	-0.0107	0.8950	-0.0245	Myeloid cell
1735.22	7493.79	-0.0526	-0.0157	-0.0272	-0.0152	0.5972	B cell
1727.22	7209.79	0.0020	-0.0329	-0.0546	0.7764	-0.0640	Myeloid cell
1724.22	7112.79	0.8154	0.0024	-0.0344	0.7046	-0.0384	Double pos cDC2
1724.22	7080.79	-0.0501	0.0087	-0.0079	0.9160	-0.0221	Myeloid cell
1712.22	7502.79	0.8330	-0.0251	-0.0210	0.4028	-0.0469	Double pos cDC2
1707.72	7498.79	-0.0504	0.0120	-0.0067	0.9326	-0.0187	Myeloid cell
1701.72	7530.79	-0.0352	0.0016	-0.0148	0.7876	-0.0175	Myeloid cell
1699.72	7575.29	0.1287	0.0247	-0.0201	0.8389	-0.0136	Myeloid cell
1697.72	7450.79	0.0316	0.0012	-0.0033	0.7964	-0.0213	Myeloid cell
1697.72	7182.79	0.6108	0.0029	-0.0136	0.1040	-0.0340	cDC2
1697.72	7113.79	-0.0550	0.0048	-0.0116	0.9185	-0.0246	Myeloid cell
1696.72	7568.79	0.2527	-0.0183	-0.0109	0.6816	-0.0295	Myeloid cell
1695.72	7511.79	-0.0506	0.0081	-0.0113	0.2092	0.4746	B cell
1695.72	7101.29	-0.0529	0.0107	-0.0079	0.9141	-0.0242	Myeloid cell
1693.22	7200.79	-0.0484	0.0032	-0.0082	0.8320	-0.0202	Myeloid cell
1692.72	7576.79	0.0213	-0.0104	-0.0126	0.7754	-0.0190	Myeloid cell
1692.72	7563.79	-0.0109	0.0225	0.0445	0.6675	0.0069	Myeloid cell
1692.22	7457.29	-0.0564	0.0045	-0.0118	0.8965	-0.0254	Myeloid cell
1690.72	7599.29	-0.0330	0.0196	-0.0001	0.9136	-0.0073	Myeloid cell
1690.72	7581.29	0.0055	-0.0263	-0.0337	0.7202	-0.0518	Myeloid cell
1689.22	7098.79	-0.0536	0.0058	-0.0104	0.8955	-0.0224	Myeloid cell
1682.22	7475.29	-0.0489	0.0032	-0.0148	0.8647	-0.0193	Myeloid cell
1681.72	7540.29	0.8481	-0.0274	-0.0361	0.0853	-0.0465	cDC2
1677.22	7582.79	-0.0647	-0.0201	0.0091	0.6934	-0.0385	Myeloid cell
1677.22	7535.29	-0.0783	-0.0661	0.7310	-0.0514	-0.0509	cDC1
1672.72	7083.79	0.0213	0.0054	-0.0093	0.8530	-0.0176	Myeloid cell
1671.22	7099.79	-0.0601	0.0058	-0.0108	0.9048	-0.0266	Myeloid cell
1661.72	7494.79	-0.0634	0.0025	-0.0123	0.9253	-0.0355	Myeloid cell
1659.22	7599.79	0.0339	0.0345	-0.0423	0.5923	-0.0458	Myeloid cell
1652.22	7599.79	0.0060	0.0280	0.0017	0.5454	0.0058	Myeloid cell
1649.72	7464.79	-0.0316	-0.0121	-0.0253	0.8066	-0.0351	Myeloid cell
1648.72	7315.29	0.0887	0.0114	-0.0117	0.6304	-0.0394	Myeloid cell
1643.72	7518.79	0.1240	-0.0105	-0.0107	0.7256	-0.0440	Myeloid cell
1628.22	7118.29	0.9077	-0.0152	-0.0327	0.1715	-0.0577	cDC2
1627.22	7124.29	0.8320	-0.0230	-0.0428	0.6626	-0.0693	Double pos cDC2
1622.22	7465.29	0.1577	-0.0088	-0.0204	0.8154	-0.0366	Myeloid cell
1621.22	7461.29	-0.0497	-0.0228	-0.0392	0.7056	-0.0430	Myeloid cell
1611.22	7173.29	-0.0677	-0.0099	-0.0226	0.8169	-0.0256	Myeloid cell
1609.72	7596.29	-0.0306	0.0123	-0.0036	0.7466	-0.0026	Myeloid cell
1605.22	7091.29	-0.0600	-0.0001	-0.0158	0.8750	-0.0318	Myeloid cell
1604.22	7556.29	-0.0654	-0.0404	0.8608	-0.0263	-0.0356	cDC1
1604.22	7401.29	-0.0473	0.0123	-0.0034	0.9360	-0.0197	Myeloid cell
1602.72	7123.79	-0.0388	0.0203	0.0052	0.9482	-0.0108	Myeloid cell
1600.22	7192.79	-0.0245	0.0040	-0.0181	0.5889	-0.0136	Myeloid cell
1582.22	7566.29	-0.0429	-0.0060	0.6807	-0.0010	-0.0171	cDC1
1580.22	7326.79	0.8052	-0.0240	-0.0346	0.2957	-0.0590	cDC2
1570.22	7380.29	0.0505	-0.0468	-0.0683	0.7588	-0.0714	Myeloid cell
1566.72	7468.79	0.1941	0.0138	-0.0458	0.7007	-0.0471	Myeloid cell
1561.22	7092.79	-0.0532	-0.0180	-0.0306	0.7529	-0.0330	Myeloid cell
1556.72	7413.79	-0.0531	0.0083	-0.0079	0.9072	-0.0187	Myeloid cell
1555.22	7545.79	-0.0548	-0.0034	-0.0180	0.8740	-0.0370	Myeloid cell
1540.22	7632.79	-0.0578	0.0097	-0.0092	0.9175	-0.0242	Myeloid cell
1539.72	7083.29	0.0222	0.0142	-0.0066	0.6240	-0.0044	Myeloid cell
2511.7200000000003	5596.29	0.8306	-0.0142	-0.0298	0.0512	-0.0390	cDC2
2500.2200000000003	5724.79	-0.0396	0.0034	-0.0154	0.7212	-0.0185	Myeloid cell
2497.7200000000003	5712.79	0.7280	-0.0108	-0.0375	0.6558	-0.0550	Double pos cDC2
2485.7200000000003	5343.79	-0.0356	-0.0029	-0.0161	0.0332	0.7363	B cell
2481.2200000000003	5347.79	-0.0481	0.0148	0.0001	0.0160	0.9336	B cell
2463.2200000000003	5354.29	-0.0170	0.0104	-0.0106	0.8755	-0.0164	Myeloid cell
2458.2200000000003	5728.79	-0.0394	0.0108	-0.0070	0.8921	-0.0144	Myeloid cell
2451.2200000000003	5596.29	-0.0571	-0.0068	-0.0193	0.8130	-0.0279	Myeloid cell
2449.7200000000003	5409.79	0.7402	-0.0135	-0.0188	0.0401	-0.0261	cDC2
2446.7200000000003	5723.79	0.6182	-0.0116	-0.0301	0.1039	0.0464	cDC2
2441.2200000000003	5728.79	0.0275	0.0154	-0.0017	0.0092	0.7769	B cell
2436.7200000000003	5420.29	-0.0504	0.0025	-0.0098	0.8628	-0.0203	Myeloid cell
2436.7200000000003	5333.79	0.7871	-0.0365	-0.0352	0.1198	-0.0614	cDC2
2433.7200000000003	5688.29	-0.0232	-0.0080	0.5137	-0.0060	0.0135	cDC1
2431.2200000000003	5336.29	1.0410	-0.0243	-0.0290	-0.0124	-0.0443	cDC2
2427.7200000000003	5340.79	0.7236	-0.0573	-0.0531	-0.0447	-0.0641	cDC2
2426.7200000000003	5679.79	0.0207	0.0136	-0.0146	0.8374	-0.0159	Myeloid cell
2420.2200000000003	5710.79	-0.0262	0.0159	0.0058	0.0242	0.7515	B cell
2418.2200000000003	5718.79	0.0849	0.0282	0.0014	0.1075	0.4753	B cell
2377.7200000000003	5694.29	-0.0411	0.0138	0.0244	0.7114	-0.0015	Myeloid cell
2368.2200000000003	5728.79	-0.0410	0.0116	-0.0066	0.8223	-0.0139	Myeloid cell
2365.2200000000003	5682.29	-0.0562	-0.0393	0.8018	-0.0363	-0.0343	cDC1
2363.7200000000003	5670.29	0.2094	-0.0227	-0.0141	0.7329	-0.0569	Myeloid cell
2362.2200000000003	5643.29	-0.0384	0.0010	-0.0144	0.8135	-0.0186	Myeloid cell
2356.2200000000003	5718.29	-0.0403	0.0159	-0.0015	0.8364	0.0739	Myeloid cell
2354.2200000000003	5711.29	-0.0434	0.0131	-0.0055	0.8901	-0.0108	Myeloid cell
2353.2200000000003	5607.79	0.9204	-0.0169	-0.0240	-0.0183	-0.0306	cDC2
2345.7200000000003	5725.79	-0.0595	-0.0111	-0.0182	0.0145	0.6025	B cell
2335.7200000000003	5724.79	-0.0825	-0.0340	-0.0410	-0.0227	0.7471	B cell
2333.7200000000003	5662.79	-0.0771	-0.0184	-0.0145	0.7378	-0.0376	Myeloid cell
2333.7200000000003	5652.29	-0.0381	0.0081	-0.0042	0.8247	-0.0128	Myeloid cell
2327.7200000000003	5728.79	-0.0440	-0.0100	-0.0281	0.8228	-0.0328	Myeloid cell
2324.7200000000003	5723.29	-0.0403	-0.0034	-0.0188	0.7812	-0.0239	Myeloid cell
2322.7200000000003	5715.79	-0.0593	0.0023	-0.0190	0.8594	-0.0263	Myeloid cell
2321.7200000000003	5677.79	-0.0464	0.0007	-0.0132	0.8438	-0.0196	Myeloid cell
2320.2200000000003	5728.79	-0.0231	-0.0248	-0.0380	0.7012	0.0321	Myeloid cell
2317.2200000000003	5721.29	0.0269	-0.0017	-0.0237	0.7144	0.1176	Myeloid cell
2314.7200000000003	5699.79	-0.0487	0.0131	-0.0076	0.9194	-0.0182	Myeloid cell
2313.7200000000003	5712.29	-0.0607	0.0019	-0.0166	0.7954	-0.0004	Myeloid cell
2303.7200000000003	5725.79	0.0104	-0.0101	-0.0383	0.7583	-0.0312	Myeloid cell
2302.2200000000003	5608.29	-0.0230	0.0045	-0.0046	0.8413	-0.0186	Myeloid cell
2301.2200000000003	5693.29	-0.0299	0.0107	-0.0048	0.0306	0.8330	B cell
2299.7200000000003	5721.29	0.0235	0.0252	-0.0019	0.8662	-0.0058	Myeloid cell
2298.2200000000003	5597.29	-0.0345	0.0081	-0.0056	0.8789	-0.0145	Myeloid cell
2295.7200000000003	5682.79	-0.0474	0.0099	-0.0058	0.0154	0.9722	B cell
2294.7200000000003	5661.79	-0.0349	0.0173	-0.0001	0.8452	-0.0050	Myeloid cell
2291.2200000000003	5689.29	-0.0083	0.0296	0.0051	0.0773	0.6914	B cell
2290.7200000000003	5669.29	-0.0649	-0.0018	-0.0191	0.8677	-0.0288	Myeloid cell
2289.7200000000003	5326.79	0.0737	-0.0223	-0.0302	0.7173	-0.0339	Myeloid cell
2287.7200000000003	5637.79	-0.0711	-0.0037	0.0146	0.8062	0.0453	Myeloid cell
2286.7200000000003	5694.29	-0.0386	-0.0123	0.5864	-0.0000	-0.0210	cDC1
2286.2200000000003	5615.29	-0.0365	0.0187	-0.0012	0.9346	-0.0151	Myeloid cell
2281.2200000000003	5699.79	-0.0393	-0.0157	0.7563	-0.0150	-0.0223	cDC1
2280.7200000000003	5470.29	0.8325	0.0015	-0.0295	0.8975	-0.0487	Double pos cDC2
2276.7200000000003	5728.79	-0.0509	0.0042	-0.0125	0.7759	-0.0259	Myeloid cell
2270.7200000000003	5663.79	-0.0537	0.0120	-0.0067	0.9370	-0.0223	Myeloid cell
2269.7200000000003	5728.79	-0.0535	0.0080	-0.0101	0.9004	-0.0206	Myeloid cell
2269.7200000000003	5701.29	-0.0661	-0.0112	-0.0228	-0.0165	0.9341	B cell
2269.2200000000003	5692.29	-0.0796	-0.0136	-0.0228	0.4866	0.1816	Myeloid cell
2266.7200000000003	5271.29	0.9570	-0.0119	-0.0213	0.0165	-0.0246	cDC2
2265.2200000000003	5716.79	-0.0573	0.0052	-0.0132	0.9009	-0.0256	Myeloid cell
2264.7200000000003	5300.29	0.8330	0.0141	-0.0242	0.8467	-0.0314	Double pos cDC2
2262.2200000000003	5710.79	-0.0739	0.0110	-0.0061	0.8418	-0.0274	Myeloid cell
2260.7200000000003	5677.79	-0.0805	-0.0181	-0.0193	0.6406	-0.0252	Myeloid cell
2257.7200000000003	5485.29	0.0247	0.0041	-0.0089	0.8516	-0.0199	Myeloid cell
2254.7200000000003	5420.79	-0.0465	0.0011	-0.0127	0.8599	-0.0221	Myeloid cell
2253.2200000000003	5699.29	-0.0517	0.0102	-0.0071	0.9312	-0.0239	Myeloid cell
2252.7200000000003	5415.79	-0.0673	-0.0152	-0.0260	0.7495	-0.0365	Myeloid cell
2251.7200000000003	5480.79	-0.0542	-0.0292	-0.0368	0.5723	-0.0438	Myeloid cell
2248.2200000000003	5636.79	-0.0235	0.0006	0.5293	0.0128	0.0012	cDC1
2241.7200000000003	5636.29	-0.0361	0.0177	0.0013	0.6445	-0.0077	Myeloid cell
2237.2200000000003	5700.79	0.1379	0.0240	0.0004	0.9189	-0.0092	Myeloid cell
2233.2200000000003	5713.79	-0.0502	-0.0433	0.4504	-0.0426	-0.0350	cDC1
2229.7200000000003	5680.29	0.0825	0.0376	0.0138	0.2401	0.3909	Other cell
2228.7200000000003	5645.79	-0.0647	-0.0419	0.7871	-0.0344	-0.0414	cDC1
2228.2200000000003	5475.79	-0.0507	0.0095	-0.0060	0.9160	-0.0199	Myeloid cell
2223.7200000000003	5402.29	-0.0416	0.0187	0.0016	0.9976	-0.0170	Myeloid cell
2213.7200000000003	5728.79	-0.0666	-0.0198	-0.0355	0.7217	-0.0277	Myeloid cell
2213.7200000000003	5636.29	-0.0272	-0.0037	-0.0233	0.7256	-0.0267	Myeloid cell
2211.2200000000003	5672.79	0.1058	0.0376	0.0077	0.8701	-0.0113	Myeloid cell
2210.7200000000003	5623.79	-0.0299	-0.0161	0.1160	0.3694	0.1350	Other cell
2206.7200000000003	5620.29	-0.0127	0.0258	0.0212	0.5957	0.0039	Myeloid cell
2199.2200000000003	5633.79	0.3459	-0.0082	-0.0309	0.7720	-0.0412	Myeloid cell
2197.7200000000003	5695.79	-0.0559	-0.0322	0.6738	-0.0100	-0.0277	cDC1
2192.7200000000003	5627.79	0.2148	0.0302	0.0194	0.9595	-0.0053	Myeloid cell
2183.7200000000003	5576.79	-0.0634	0.0014	-0.0159	0.8877	-0.0268	Myeloid cell
2511.7200000000003	5909.29	0.0485	-0.0349	-0.0506	0.6514	-0.0620	Myeloid cell
2511.7200000000003	5881.29	-0.0321	0.0085	-0.0026	0.6699	0.0699	Myeloid cell
2511.7200000000003	5870.29	-0.0092	0.0111	-0.0060	0.8311	-0.0069	Myeloid cell
2509.2200000000003	6013.29	0.0739	0.0190	-0.0039	0.0964	0.6387	B cell
2508.2200000000003	6004.29	-0.0458	0.0085	-0.0094	0.8950	-0.0147	Myeloid cell
2505.2200000000003	5974.79	-0.0627	-0.0293	-0.0495	0.7139	-0.0475	Myeloid cell
2504.2200000000003	5979.29	-0.0710	-0.0078	-0.0321	0.7808	-0.0371	Myeloid cell
2503.7200000000003	6011.79	0.0829	-0.0171	-0.0234	0.1268	0.6138	B cell
2503.2200000000003	6021.79	-0.0823	0.0206	0.0736	0.6011	-0.0170	Myeloid cell
2501.2200000000003	5987.29	-0.0755	-0.0100	-0.0393	0.6597	-0.0369	Myeloid cell
2500.7200000000003	6045.29	0.0196	0.0172	0.0055	0.8750	-0.0032	Myeloid cell
2498.7200000000003	5892.29	0.0030	0.0222	-0.0031	0.6504	-0.0022	Myeloid cell
2497.7200000000003	6184.79	-0.0581	0.0033	-0.0135	0.8911	-0.0279	Myeloid cell
2496.2200000000003	5750.79	-0.0547	-0.0020	-0.0182	0.8828	-0.0251	Myeloid cell
2495.2200000000003	5975.79	-0.0789	0.0284	-0.0166	0.7764	-0.0039	Myeloid cell
2492.7200000000003	6036.29	-0.0042	-0.0026	-0.0106	0.8564	-0.0274	Myeloid cell
2492.2200000000003	6019.79	-0.0036	-0.0139	-0.0398	0.7051	-0.0354	Myeloid cell
2491.7200000000003	5990.29	0.1794	-0.0063	-0.0213	0.3174	0.1759	Other cell
2490.7200000000003	5996.29	0.1077	0.0079	-0.0213	0.7578	0.0023	Myeloid cell
2487.7200000000003	6038.29	-0.0174	0.0043	-0.0157	0.5850	-0.0083	Myeloid cell
2487.2200000000003	5816.29	-0.0674	-0.0384	0.9243	-0.0260	-0.0374	cDC1
2485.2200000000003	5947.79	-0.0490	0.0056	-0.0097	0.8735	-0.0188	Myeloid cell
2476.7200000000003	5840.79	0.0356	-0.0010	-0.0111	0.8521	-0.0267	Myeloid cell
2476.2200000000003	5826.79	0.0294	-0.0504	0.0248	0.6899	-0.0734	Myeloid cell
2474.7200000000003	6014.29	-0.0658	-0.0089	-0.0206	-0.0053	0.9087	B cell
2472.7200000000003	5811.79	-0.0540	0.7754	-0.0488	-0.0340	-0.0436	pDC
2472.7200000000003	5793.79	-0.0327	0.0052	0.0049	0.5303	-0.0051	Myeloid cell
2471.7200000000003	5903.29	-0.0482	0.0029	-0.0122	0.8652	-0.0165	Myeloid cell
2466.2200000000003	6053.79	-0.0242	0.0095	-0.0052	0.8530	-0.0146	Myeloid cell
2464.7200000000003	5959.29	0.2554	0.0084	-0.0205	0.8174	-0.0313	Myeloid cell
2463.7200000000003	5998.29	-0.0311	0.0243	-0.0058	0.7124	-0.0054	Myeloid cell
2461.7200000000003	5912.29	-0.0651	-0.0006	-0.0029	0.8350	-0.0047	Myeloid cell
2460.2200000000003	6042.29	0.0057	0.0257	0.0092	0.9360	-0.0014	Myeloid cell
2459.2200000000003	5901.29	-0.0625	-0.0281	-0.0364	0.7227	-0.0510	Myeloid cell
2459.2200000000003	5864.29	0.0037	0.0093	-0.0173	0.8438	-0.0134	Myeloid cell
2459.2200000000003	5857.79	0.0606	0.0588	0.0208	0.1119	0.5029	B cell
2458.7200000000003	5732.29	-0.0475	-0.0032	-0.0127	0.7534	-0.0191	Myeloid cell
2457.2200000000003	6073.79	-0.0259	0.0184	0.0019	0.7861	-0.0044	Myeloid cell
2457.2200000000003	5884.29	-0.0014	-0.0044	-0.0256	0.8540	-0.0376	Myeloid cell
2456.7200000000003	5804.79	-0.0461	-0.0500	-0.0691	0.5908	-0.0767	Myeloid cell
2455.2200000000003	5847.79	-0.0561	-0.0037	-0.0258	0.8101	-0.0068	Myeloid cell
2451.7200000000003	5871.29	-0.0514	-0.0090	-0.0195	-0.0050	0.9014	B cell
2443.7200000000003	5933.29	-0.0426	0.0143	-0.0025	0.9307	-0.0145	Myeloid cell
2442.2200000000003	6055.79	-0.0410	0.0035	-0.0053	0.8218	-0.0162	Myeloid cell
2439.7200000000003	5872.29	-0.0537	-0.0033	-0.0178	0.0058	0.7563	B cell
2439.2200000000003	6003.29	-0.0573	-0.0220	-0.0284	0.8145	-0.0311	Myeloid cell
2435.7200000000003	6097.79	-0.0440	0.0263	0.0062	0.9448	-0.0099	Myeloid cell
2435.7200000000003	5876.79	-0.0415	-0.0056	-0.0174	0.1356	0.5522	B cell
2435.2200000000003	5865.79	-0.0931	0.0001	-0.0345	-0.0135	0.6816	B cell
2434.7200000000003	5903.79	-0.0939	-0.0049	0.0263	0.6094	0.0061	Myeloid cell
2434.2200000000003	5851.29	-0.0526	0.0186	-0.0038	0.9727	-0.0194	Myeloid cell
2431.2200000000003	5893.29	-0.0711	-0.0009	-0.0183	0.8989	-0.0317	Myeloid cell
2431.2200000000003	5879.29	-0.0205	0.0030	-0.0138	0.8174	-0.0218	Myeloid cell
2430.2200000000003	5885.79	0.0068	0.0088	-0.0068	0.8125	-0.0100	Myeloid cell
2429.7200000000003	5818.29	-0.0133	0.0045	-0.0085	0.8071	-0.0157	Myeloid cell
2422.2200000000003	5873.79	-0.0572	0.0032	-0.0217	0.7285	-0.0233	Myeloid cell
2422.2200000000003	5859.29	-0.0124	0.0098	-0.0109	0.0176	0.8794	B cell
2421.7200000000003	5830.79	-0.0524	0.0111	-0.0090	0.9287	-0.0231	Myeloid cell
2421.2200000000003	5837.79	0.0963	-0.0026	-0.0174	0.7275	0.0181	Myeloid cell
2420.2200000000003	5766.29	-0.0586	0.0141	-0.0065	0.9189	-0.0161	Myeloid cell
2419.2200000000003	5883.79	-0.0099	0.0526	-0.0222	-0.0049	0.3806	Other cell
2418.7200000000003	5865.29	-0.0555	-0.0044	-0.0208	0.0599	0.5674	B cell
2417.2200000000003	5803.29	-0.0465	0.0033	-0.0177	0.8643	-0.0129	Myeloid cell
2416.7200000000003	6029.79	-0.0430	0.0115	-0.0055	0.9146	-0.0154	Myeloid cell
2415.7200000000003	5860.29	-0.0496	-0.0178	-0.0260	0.6064	-0.0227	Myeloid cell
2414.2200000000003	5878.29	-0.0695	-0.0287	-0.0414	0.0046	0.6753	B cell
2413.2200000000003	5887.29	-0.0746	-0.0335	-0.0445	-0.0316	0.7168	B cell
2411.2200000000003	5825.79	-0.0336	0.0321	0.0066	0.8970	-0.0117	Myeloid cell
2408.2200000000003	5882.79	-0.0635	-0.0084	-0.0224	-0.0021	0.8218	B cell
2408.2200000000003	5777.79	-0.0583	0.0026	-0.0150	0.0113	0.8652	B cell
2407.7200000000003	6005.79	-0.0486	-0.0194	-0.0606	0.6606	-0.0130	Myeloid cell
2407.2200000000003	5953.79	-0.0238	0.0134	-0.0067	0.8696	-0.0148	Myeloid cell
2406.7200000000003	5875.79	-0.0346	0.0072	-0.0099	0.7661	-0.0137	Myeloid cell
2405.7200000000003	5833.79	0.0509	-0.0450	-0.0282	0.7212	-0.0665	Myeloid cell
2402.7200000000003	5880.79	-0.0544	-0.0114	-0.0344	0.6851	-0.0430	Myeloid cell
2402.7200000000003	5772.29	-0.0403	0.0084	-0.0075	0.0218	0.9731	B cell
2402.2200000000003	6008.79	-0.0707	-0.0453	0.9053	-0.0313	-0.0407	cDC1
2402.2200000000003	5901.79	0.1781	-0.0085	-0.0297	0.6689	-0.0267	Myeloid cell
2401.7200000000003	5895.79	0.3435	-0.0041	-0.0257	0.6025	-0.0191	Myeloid cell
2398.7200000000003	5802.79	-0.0605	-0.0129	-0.0354	0.6348	-0.0292	Myeloid cell
2396.7200000000003	5921.79	0.1270	0.0281	0.0078	0.8789	-0.0021	Myeloid cell
2395.2200000000003	5754.79	-0.0026	-0.0190	-0.0353	0.7676	-0.0406	Myeloid cell
2393.7200000000003	5864.29	-0.1038	-0.0253	-0.0339	-0.0286	0.6675	B cell
2388.2200000000003	5845.79	0.1733	0.0194	-0.0082	0.8062	0.0012	Myeloid cell
2388.2200000000003	5759.29	-0.0294	0.0138	-0.0138	0.7534	-0.0117	Myeloid cell
2387.7200000000003	5743.79	0.0204	-0.0207	-0.0346	0.6982	-0.0329	Myeloid cell
2386.2200000000003	5946.79	0.0099	0.0264	-0.0043	0.9341	-0.0150	Myeloid cell
2382.7200000000003	5925.79	0.1050	0.0179	-0.0013	0.6494	-0.0053	Myeloid cell
2381.7200000000003	5890.79	-0.0255	-0.0146	-0.0418	0.6855	-0.0517	Myeloid cell
2380.2200000000003	5860.29	-0.0632	-0.0428	0.8677	-0.0270	-0.0394	cDC1
2379.2200000000003	5904.79	0.1653	-0.0281	-0.0386	0.5918	-0.0373	Myeloid cell
2379.2200000000003	5806.29	-0.0264	0.0214	-0.0028	0.9619	-0.0170	Myeloid cell
2378.2200000000003	5942.79	-0.0417	0.0091	-0.0099	0.8936	-0.0165	Myeloid cell
2376.7200000000003	5791.79	-0.0561	0.0057	-0.0122	0.8799	-0.0227	Myeloid cell
2375.2200000000003	5890.29	-0.0458	0.0037	-0.0117	0.8271	-0.0135	Myeloid cell
2368.7200000000003	5892.79	0.1439	0.0001	-0.0186	0.8037	-0.0266	Myeloid cell
2368.2200000000003	5805.79	-0.0089	0.0072	-0.0095	0.6250	0.1663	Myeloid cell
2368.2200000000003	5794.79	-0.0619	-0.0179	-0.0240	-0.0178	0.6987	B cell
2362.2200000000003	5953.29	-0.0521	-0.0040	-0.0166	0.8594	-0.0236	Myeloid cell
2354.7200000000003	5828.29	-0.0079	-0.0193	-0.0072	0.5107	-0.0140	Myeloid cell
2353.7200000000003	5879.79	-0.0585	-0.0031	-0.0204	0.8550	-0.0339	Myeloid cell
2353.2200000000003	5914.29	-0.0357	0.0151	-0.0034	0.9116	-0.0125	Myeloid cell
2353.2200000000003	5872.79	-0.0757	-0.0221	-0.0442	0.6055	-0.0450	Myeloid cell
2352.2200000000003	5931.79	-0.0369	-0.0054	-0.0159	0.8457	-0.0233	Myeloid cell
2347.2200000000003	6091.29	-0.0406	0.0212	0.0053	0.9312	-0.0121	Myeloid cell
2343.2200000000003	5738.29	-0.0227	-0.0192	0.4351	-0.0206	-0.0170	cDC1
2342.7200000000003	5875.79	0.0237	-0.0037	-0.0270	0.5967	-0.0276	Myeloid cell
2342.7200000000003	5792.29	-0.0086	-0.0057	-0.0227	0.8545	-0.0230	Myeloid cell
2339.7200000000003	5836.29	0.0589	-0.0163	-0.0182	0.8506	-0.0442	Myeloid cell
2335.7200000000003	5895.79	-0.0461	0.0044	0.0019	0.6143	0.0663	Myeloid cell
2334.2200000000003	6272.29	-0.0568	0.0064	-0.0101	0.9175	-0.0258	Myeloid cell
2333.7200000000003	5789.79	-0.0344	0.0155	-0.0125	0.7031	-0.0085	Myeloid cell
2333.2200000000003	5836.29	-0.0320	0.0140	-0.0071	0.8022	-0.0046	Myeloid cell
2332.2200000000003	5866.29	-0.0503	0.0036	-0.0122	0.8779	-0.0244	Myeloid cell
2330.2200000000003	5843.29	0.3765	-0.0143	-0.0129	0.7808	-0.0415	Myeloid cell
2329.7200000000003	6208.79	-0.0676	-0.0129	-0.0230	0.8032	-0.0342	Myeloid cell
2323.7200000000003	5732.29	0.0401	0.0181	-0.0015	0.9248	-0.0140	Myeloid cell
2319.2200000000003	5790.29	-0.0015	0.0237	0.0081	0.0230	0.5850	B cell
2318.7200000000003	5780.29	-0.0420	-0.0004	-0.0172	0.6426	-0.0192	Myeloid cell
2316.7200000000003	5732.29	-0.0513	0.0205	-0.0011	0.9980	-0.0164	Myeloid cell
2313.2200000000003	5743.29	-0.0282	0.0174	0.0098	0.1058	0.5640	B cell
2311.2200000000003	6090.79	0.5454	-0.0177	0.0017	0.1078	-0.0219	cDC2
2310.7200000000003	5906.29	0.4487	0.0007	-0.0281	0.7983	-0.0385	Double pos cDC2
2310.7200000000003	5877.29	-0.0435	0.0065	-0.0061	0.0309	0.8271	B cell
2310.2200000000003	6017.79	0.0106	0.0246	-0.0044	0.5532	0.0033	Myeloid cell
2309.7200000000003	5911.29	0.5874	-0.0207	-0.0401	0.6851	-0.0508	Double pos cDC2
2306.7200000000003	5872.79	-0.0626	-0.0074	-0.0222	0.8203	-0.0313	Myeloid cell
2305.7200000000003	6335.29	-0.0521	-0.0030	-0.0215	0.8511	-0.0282	Myeloid cell
2303.2200000000003	5732.29	-0.0258	0.0079	-0.0125	0.6748	-0.0142	Myeloid cell
2293.2200000000003	5820.79	-0.0320	0.0080	-0.0032	0.9268	-0.0229	Myeloid cell
2289.7200000000003	6184.79	-0.0251	-0.0152	-0.0281	0.7681	-0.0383	Myeloid cell
2287.7200000000003	5763.29	-0.0316	-0.0020	-0.0149	0.9019	-0.0318	Myeloid cell
2287.2200000000003	5756.79	-0.0687	0.0021	-0.0170	0.9004	-0.0321	Myeloid cell
2285.2200000000003	6041.29	0.0526	0.0037	-0.0358	0.7441	-0.0531	Myeloid cell
2283.2200000000003	5988.29	0.0015	0.0093	-0.0034	0.7192	-0.0113	Myeloid cell
2282.7200000000003	6224.79	-0.0630	-0.0456	0.7744	-0.0383	-0.0422	cDC1
2275.7200000000003	5782.79	-0.0603	-0.0077	-0.0197	0.0023	0.9028	B cell
2275.2200000000003	5752.79	0.6748	-0.0235	-0.0457	-0.0284	0.0753	cDC2
2270.7200000000003	5732.29	0.0014	0.0109	-0.0038	0.6416	0.0086	Myeloid cell
2269.7200000000003	5739.79	-0.0491	0.8218	-0.0436	-0.0366	-0.0386	pDC
2266.2200000000003	6122.29	-0.0214	0.0139	-0.0144	0.6113	-0.0064	Myeloid cell
2263.7200000000003	5757.79	-0.0337	0.0071	-0.0059	0.2208	0.4841	B cell
2262.7200000000003	5753.79	0.0107	-0.0202	-0.0361	0.7144	-0.0012	Myeloid cell
2259.2200000000003	6201.29	-0.0551	-0.0111	-0.0178	0.8296	-0.0259	Myeloid cell
2256.2200000000003	5759.29	-0.0570	-0.0007	-0.0149	0.0124	0.9053	B cell
2256.2200000000003	5746.79	0.0722	0.0152	-0.0105	0.9482	-0.0294	Myeloid cell
2251.2200000000003	5756.79	-0.0285	0.0130	-0.0119	0.2959	0.6753	B cell
2246.7200000000003	5781.29	-0.0271	0.0184	-0.0009	0.9702	-0.0183	Myeloid cell
2239.7200000000003	5748.29	-0.0654	-0.0003	-0.0158	0.8774	-0.0304	Myeloid cell
2239.2200000000003	6102.29	-0.0457	-0.0081	0.9634	0.0018	-0.0160	cDC1
2236.7200000000003	6116.29	-0.0574	-0.0028	-0.0190	0.8164	-0.0159	Myeloid cell
2229.7200000000003	6240.79	-0.0605	-0.0171	-0.0262	0.7983	-0.0361	Myeloid cell
2226.7200000000003	6090.29	-0.0859	-0.0323	-0.0513	0.6133	-0.0470	Myeloid cell
2226.7200000000003	5819.79	-0.0340	0.0086	-0.0106	0.7163	-0.0130	Myeloid cell
2224.2200000000003	6242.79	-0.0586	-0.0007	-0.0167	0.8384	-0.0271	Myeloid cell
2222.7200000000003	6102.29	-0.0291	0.0193	-0.0096	0.7466	-0.0110	Myeloid cell
2217.7200000000003	5740.29	0.0097	-0.0368	-0.0483	0.7642	-0.0611	Myeloid cell
2217.2200000000003	5773.29	-0.0507	0.0139	-0.0039	0.9502	-0.0197	Myeloid cell
2214.7200000000003	5732.29	-0.0396	-0.0050	-0.0042	0.6343	-0.0233	Myeloid cell
2201.2200000000003	6116.79	-0.0155	0.0177	0.0018	0.6968	-0.0013	Myeloid cell
2201.2200000000003	5819.79	0.0676	-0.0067	-0.0203	0.7432	-0.0349	Myeloid cell
2197.7200000000003	6077.79	-0.0566	0.0018	-0.0118	0.8569	-0.0259	Myeloid cell
2196.2200000000003	6026.29	-0.0399	0.0127	-0.0043	0.9365	-0.0180	Myeloid cell
2191.7200000000003	6140.29	-0.0467	0.0105	-0.0057	0.9082	-0.0159	Myeloid cell
2189.7200000000003	6106.29	-0.0507	0.0048	-0.0064	0.7910	-0.0141	Myeloid cell
2184.7200000000003	6110.79	-0.0591	-0.0095	-0.0214	0.7480	-0.0320	Myeloid cell
2180.2200000000003	6038.29	-0.0402	0.0156	-0.0035	0.9341	-0.0147	Myeloid cell
2178.7200000000003	5820.79	-0.0580	0.0055	-0.0113	0.8999	-0.0213	Myeloid cell
2172.2200000000003	5782.79	-0.0461	0.0141	-0.0027	0.9331	-0.0144	Myeloid cell
2165.2200000000003	5833.79	-0.0523	0.0110	-0.0067	0.9248	-0.0168	Myeloid cell
2158.7200000000003	5891.29	-0.0508	-0.0234	-0.0220	0.8354	-0.0266	Myeloid cell
2156.7200000000003	5998.29	-0.0596	0.0031	-0.0105	0.8027	-0.0221	Myeloid cell
2156.7200000000003	5856.29	-0.0583	0.0116	-0.0129	0.7241	-0.0134	Myeloid cell
2151.2200000000003	5948.29	-0.0549	0.0058	-0.0092	0.8755	-0.0228	Myeloid cell
2150.2200000000003	5999.29	-0.0288	0.0036	-0.0098	0.8672	-0.0179	Myeloid cell
2149.2200000000003	5857.29	-0.0323	0.0059	-0.0078	0.8750	-0.0080	Myeloid cell
2140.7200000000003	5908.79	-0.0028	-0.0365	-0.0122	0.5005	-0.0504	Myeloid cell
2136.2200000000003	6114.79	0.0530	0.0041	-0.0367	0.7026	-0.0381	Myeloid cell
2133.2200000000003	6100.29	-0.0393	0.0147	0.0006	0.8955	-0.0115	Myeloid cell
2126.7200000000003	5998.29	-0.0233	-0.0141	-0.0315	0.6963	-0.0356	Myeloid cell
2119.7200000000003	6301.79	-0.0428	0.0065	-0.0033	0.7993	-0.0138	Myeloid cell
2111.2200000000003	5961.29	-0.0558	0.0054	-0.0123	0.8286	-0.0184	Myeloid cell
2108.7200000000003	5940.79	-0.0323	0.0179	0.0059	0.8745	-0.0066	Myeloid cell
2107.2200000000003	6065.79	-0.0630	-0.0260	0.5220	0.0161	-0.0223	cDC1
2105.7200000000003	5972.29	-0.0316	0.0102	-0.0046	0.9067	-0.0103	Myeloid cell
2103.7200000000003	6004.29	0.0061	0.0171	-0.0097	0.6582	-0.0032	Myeloid cell
2092.7200000000003	6045.79	-0.0398	0.0124	-0.0042	0.9219	-0.0177	Myeloid cell
2499.7200000000003	6837.79	-0.0285	0.0244	0.0055	0.9941	-0.0064	Myeloid cell
2485.2200000000003	6946.29	0.6436	-0.0276	-0.0309	0.1040	-0.0497	cDC2
2476.7200000000003	7015.29	0.9775	-0.0136	-0.0209	-0.0001	-0.0134	cDC2
2470.2200000000003	7012.79	0.5859	0.0007	-0.0152	0.2668	0.0255	cDC2
2459.7200000000003	6843.79	-0.0864	-0.0246	-0.0366	0.7524	-0.0508	Myeloid cell
2457.7200000000003	6970.79	-0.0785	-0.0200	-0.0275	0.6914	-0.0424	Myeloid cell
2449.7200000000003	6908.79	0.9678	-0.0077	-0.0178	0.0145	-0.0021	cDC2
2442.7200000000003	7044.29	-0.0210	0.0086	-0.0042	0.8120	-0.0117	Myeloid cell
2399.2200000000003	6842.79	0.5483	-0.0631	-0.0629	-0.0472	-0.0715	cDC2
2395.2200000000003	6987.79	-0.0622	0.0083	-0.0089	0.9404	-0.0294	Myeloid cell
2390.2200000000003	7018.79	-0.0435	0.0045	-0.0126	0.7974	-0.0213	Myeloid cell
2375.7200000000003	6587.29	-0.0575	-0.0009	-0.0070	0.7246	-0.0234	Myeloid cell
2367.7200000000003	6667.79	-0.0352	-0.0009	-0.0161	0.5864	-0.0176	Myeloid cell
2367.2200000000003	7007.29	-0.0779	-0.0680	0.5503	-0.0577	-0.0532	cDC1
2362.7200000000003	6706.29	-0.0448	0.0149	-0.0016	0.9419	-0.0161	Myeloid cell
2352.7200000000003	7007.79	-0.0505	-0.0250	0.9346	-0.0098	-0.0261	cDC1
2352.2200000000003	6995.29	-0.0540	0.0001	-0.0132	0.8374	-0.0164	Myeloid cell
2340.7200000000003	6936.29	0.8140	-0.0318	-0.0333	-0.0337	-0.0490	cDC2
2337.7200000000003	6980.29	0.0065	0.0156	-0.0036	0.7832	-0.0050	Myeloid cell
2324.7200000000003	6909.29	0.9526	-0.0189	-0.0262	-0.0085	-0.0329	cDC2
2317.7200000000003	6560.79	0.8403	-0.0313	-0.0385	-0.0300	-0.0415	cDC2
2313.2200000000003	6889.29	-0.0134	0.0175	-0.0107	0.6704	-0.0097	Myeloid cell
2311.2200000000003	6974.29	-0.0449	-0.0010	-0.0097	0.5576	-0.0163	Myeloid cell
2257.2200000000003	6852.29	-0.0427	0.0118	-0.0038	0.9062	-0.0165	Myeloid cell
2234.2200000000003	6860.79	-0.0457	0.0133	-0.0033	0.9229	-0.0161	Myeloid cell
2228.2200000000003	7010.79	0.0403	-0.0098	-0.0233	0.7993	-0.0455	Myeloid cell
2212.2200000000003	6540.29	0.7778	-0.0401	-0.0497	0.3103	-0.0742	cDC2
2199.7200000000003	6935.79	-0.0539	-0.0006	-0.0142	0.8604	-0.0260	Myeloid cell
2175.2200000000003	6979.79	0.5435	-0.0026	-0.0101	0.0732	-0.0277	cDC2
2174.2200000000003	7066.79	-0.0306	-0.0160	-0.0572	0.6377	-0.0550	Myeloid cell
2174.2200000000003	6897.79	-0.0455	0.0158	-0.0011	0.9336	-0.0161	Myeloid cell
2158.2200000000003	6841.29	-0.0471	0.0013	-0.0129	0.8501	-0.0217	Myeloid cell
2145.7200000000003	6860.79	0.0307	0.0159	-0.0106	0.8164	-0.0197	Myeloid cell
2135.7200000000003	6853.79	-0.0502	0.0104	-0.0072	0.9336	-0.0205	Myeloid cell
2131.2200000000003	6484.79	-0.0430	0.0209	-0.0025	0.9497	-0.0203	Myeloid cell
2127.7200000000003	6489.79	-0.0612	0.0122	-0.0159	0.9360	-0.0340	Myeloid cell
2120.7200000000003	7053.79	-0.0529	0.0079	-0.0093	0.9072	-0.0233	Myeloid cell
2115.2200000000003	6958.29	-0.0646	-0.0425	0.8628	-0.0276	-0.0388	cDC1
2114.2200000000003	6982.79	-0.0540	0.0075	-0.0094	0.8823	-0.0230	Myeloid cell
2103.7200000000003	7046.29	-0.0688	-0.0101	-0.0183	0.7583	-0.0303	Myeloid cell
2092.2200000000003	6908.29	0.9097	-0.0174	-0.0253	-0.0189	-0.0286	cDC2
2090.2200000000003	7053.79	-0.0453	0.0188	-0.0001	0.9766	-0.0149	Myeloid cell
2090.2200000000003	6925.29	-0.0421	0.0095	-0.0070	0.8647	-0.0156	Myeloid cell
2084.2200000000003	6471.29	-0.0374	-0.0072	0.9492	0.0062	-0.0122	cDC1
2081.2200000000003	6489.79	-0.0656	-0.0044	-0.0196	0.8096	-0.0298	Myeloid cell
2079.2200000000003	6512.79	-0.0415	0.0165	-0.0001	0.9619	-0.0155	Myeloid cell
2066.2200000000003	6491.29	-0.0310	0.0164	-0.0026	0.8242	-0.0087	Myeloid cell
2054.7200000000003	7066.79	-0.0273	0.0114	-0.0156	0.6240	-0.0135	Myeloid cell
2047.72	7039.79	-0.0489	-0.0120	-0.0311	0.8223	-0.0382	Myeloid cell
2038.72	7005.79	0.9014	0.0070	-0.0173	0.4438	-0.0326	Double pos cDC2
2033.72	6918.79	-0.0515	-0.0155	-0.0372	0.6812	-0.0345	Myeloid cell
2022.22	7043.79	-0.0593	-0.0084	-0.0407	0.7744	-0.0355	Myeloid cell
2018.72	7056.79	-0.0113	0.0059	-0.0107	0.8623	-0.0216	Myeloid cell
2018.72	7049.29	0.4480	0.0038	-0.0187	0.6489	-0.0179	Double pos cDC2
2016.72	7040.79	0.0176	-0.0206	-0.0197	0.8438	-0.0533	Myeloid cell
2016.22	6831.79	0.1482	-0.0146	-0.0290	0.6299	-0.0340	Myeloid cell
2014.22	6839.79	0.1332	-0.0010	-0.0041	0.8281	-0.0174	Myeloid cell
2486.7200000000003	7076.29	-0.0123	0.0105	-0.0068	0.7490	-0.0101	Myeloid cell
2444.2200000000003	7134.29	0.4551	0.0141	-0.0015	0.7705	-0.0318	Double pos cDC2
2367.7200000000003	7176.79	-0.0650	-0.0056	-0.0219	0.8232	-0.0331	Myeloid cell
2330.2200000000003	7116.29	-0.0300	-0.0181	-0.0324	0.7197	-0.0364	Myeloid cell
2326.2200000000003	7120.29	-0.0328	-0.0332	-0.0486	0.7051	-0.0538	Myeloid cell
2309.7200000000003	7113.79	-0.0460	0.0009	-0.0229	0.6099	-0.0203	Myeloid cell
2274.7200000000003	7096.79	-0.0654	-0.0120	-0.0185	0.8130	-0.0307	Myeloid cell
2272.2200000000003	7222.29	-0.0325	0.0284	0.0152	0.0390	0.8926	B cell
2271.2200000000003	7103.79	-0.0525	0.0078	-0.0101	0.9126	-0.0234	Myeloid cell
2268.2200000000003	7190.79	-0.0163	0.0034	-0.0146	0.8184	-0.0175	Myeloid cell
2255.7200000000003	7189.79	-0.0562	0.0026	-0.0136	0.8853	-0.0203	Myeloid cell
2254.2200000000003	7090.79	0.5107	-0.0051	-0.0134	0.0598	0.0168	cDC2
2250.7200000000003	7237.29	-0.0417	0.0136	-0.0025	0.8955	-0.0122	Myeloid cell
2249.2200000000003	7255.29	-0.0528	-0.0065	-0.0229	0.8340	-0.0270	Myeloid cell
2234.2200000000003	7310.79	0.8198	-0.0311	-0.0393	-0.0343	-0.0412	cDC2
2212.7200000000003	7078.79	0.7617	-0.0285	-0.0118	0.0025	-0.0242	cDC2
2212.2200000000003	7253.79	-0.0565	0.0066	-0.0099	0.9175	-0.0262	Myeloid cell
2199.2200000000003	7256.79	-0.1109	-0.0080	-0.0071	0.7217	-0.0145	Myeloid cell
2185.2200000000003	7092.79	1.0020	-0.0119	-0.0237	0.0349	-0.0240	cDC2
2177.7200000000003	7234.79	-0.0450	-0.0009	-0.0160	0.8896	-0.0290	Myeloid cell
2174.7200000000003	7430.79	-0.0177	0.0045	-0.0404	0.7456	-0.0466	Myeloid cell
2170.2200000000003	7398.79	0.8735	-0.0371	-0.0411	-0.0067	-0.0512	cDC2
2159.2200000000003	7070.29	-0.0094	0.0012	-0.0161	0.7920	-0.0219	Myeloid cell
2158.7200000000003	7098.79	-0.0446	0.0141	-0.0027	0.9150	-0.0148	Myeloid cell
2158.2200000000003	7157.79	-0.0497	0.0053	-0.0097	0.8833	-0.0164	Myeloid cell
2091.7200000000003	7299.29	1.0400	-0.0099	-0.0186	0.0239	-0.0232	cDC2
2091.7200000000003	7183.79	-0.0618	-0.0008	-0.0148	0.8374	-0.0280	Myeloid cell
2082.2200000000003	7416.79	0.9111	0.0059	-0.0207	0.4451	-0.0398	Double pos cDC2
2075.7200000000003	7322.79	-0.0760	-0.0042	-0.0219	0.8555	-0.0392	Myeloid cell
2074.2200000000003	7417.29	-0.0342	-0.0092	-0.0539	0.6729	-0.0492	Myeloid cell
2073.7200000000003	7326.79	-0.0765	-0.0351	-0.0473	0.6973	-0.0551	Myeloid cell
2059.7200000000003	7175.29	-0.0664	-0.0201	-0.0178	0.5127	-0.0307	Myeloid cell
2049.2200000000003	7467.79	0.8281	-0.0089	-0.0375	0.6714	-0.0514	Double pos cDC2
2044.72	7175.29	-0.0774	-0.0233	-0.0340	0.7715	-0.0434	Myeloid cell
2037.72	7314.79	-0.0522	0.0149	-0.0039	0.9614	-0.0203	Myeloid cell
2037.22	7418.29	0.9131	-0.0152	-0.0295	0.1410	-0.0437	cDC2
2031.72	7179.29	-0.0382	0.0203	0.0032	0.9194	-0.0086	Myeloid cell
2029.72	7374.29	-0.0602	-0.0508	0.8389	-0.0363	-0.0389	cDC1
2025.72	7412.79	-0.0420	0.0181	-0.0003	0.9468	-0.0127	Myeloid cell
2023.72	7149.79	0.0387	-0.0111	-0.0293	0.6440	-0.0435	Myeloid cell
2020.72	7082.79	-0.0275	0.0183	0.0017	0.9165	-0.0092	Myeloid cell
2017.72	7387.29	-0.0528	-0.0161	-0.0289	0.7339	-0.0363	Myeloid cell
2014.22	7390.29	-0.0696	-0.0046	-0.0204	0.8457	-0.0338	Myeloid cell
2769.72	5675.79	-0.0344	-0.0242	0.5034	-0.0164	-0.0193	cDC1
2759.72	5623.79	-0.0950	-0.0817	0.5947	-0.0805	-0.0774	cDC1
2750.72	5648.79	0.2512	0.0110	-0.0316	0.6460	-0.0191	Myeloid cell
2737.22	5605.29	-0.0295	-0.0128	0.7349	-0.0112	-0.0114	cDC1
2732.22	5658.79	-0.0682	-0.0233	-0.0327	0.7412	-0.0396	Myeloid cell
2730.22	5604.79	0.6851	-0.0099	-0.0030	0.1184	-0.0170	cDC2
2728.72	5693.79	-0.0352	0.0237	0.0054	0.9780	-0.0072	Myeloid cell
2728.22	5649.29	-0.0470	0.0079	0.0123	0.0237	0.8999	B cell
2723.22	5654.79	-0.0484	0.0084	-0.0081	0.0324	0.9321	B cell
2719.72	5664.79	-0.0381	0.0201	0.1523	0.5293	0.0319	Myeloid cell
2719.72	5649.29	-0.0612	0.0001	-0.0097	0.0592	0.8130	B cell
2719.22	5619.79	0.0210	0.0025	0.6499	-0.0058	0.0124	cDC1
2716.22	5705.29	-0.0441	0.0039	-0.0127	0.8916	-0.0215	Myeloid cell
2714.22	5657.79	-0.0634	-0.0025	-0.0146	-0.0033	0.8979	B cell
2713.72	5665.79	-0.0559	-0.0148	-0.0094	0.7749	-0.0225	Myeloid cell
2703.22	5660.29	-0.0252	0.0070	0.7939	-0.0143	0.0201	cDC1
2698.72	5664.79	-0.0452	-0.0210	-0.0232	-0.0076	0.8286	B cell
2696.72	5670.29	0.1061	-0.0328	-0.0489	0.6284	-0.0486	Myeloid cell
2678.22	5728.79	0.0057	0.0219	0.0172	0.4268	0.0220	Myeloid cell
2668.22	5543.79	0.9277	-0.0115	-0.0229	0.0161	-0.0251	cDC2
2663.22	5706.29	0.0296	0.0312	0.0199	1.0195	-0.0053	Myeloid cell
2637.22	5628.79	-0.0462	0.0107	-0.0066	0.9038	-0.0151	Myeloid cell
2634.72	5675.29	-0.0781	-0.0286	-0.0319	0.6313	-0.0446	Myeloid cell
2628.22	5520.79	0.8354	-0.0162	-0.0323	0.2776	-0.0300	cDC2
2627.72	5727.79	0.7227	0.0021	-0.0111	0.1335	-0.0432	cDC2
2562.72	5432.29	-0.0579	0.0007	-0.0119	0.7539	-0.0244	Myeloid cell
2554.22	5582.29	0.9614	-0.0063	-0.0179	0.0039	-0.0214	cDC2
2539.22	5558.29	0.6289	-0.0308	-0.0045	0.0947	-0.0441	cDC2
2528.72	5372.29	-0.0673	-0.0025	-0.0053	0.7803	-0.0279	Myeloid cell
2526.22	5639.29	-0.0526	0.0047	-0.0127	0.9062	-0.0250	Myeloid cell
2514.22	5595.79	0.8872	-0.0281	-0.0421	0.0299	-0.0455	cDC2
2935.22	6351.79	0.8154	-0.0248	-0.0380	0.0618	-0.0475	cDC2
2931.22	6251.29	-0.0525	0.0133	-0.0055	0.9492	-0.0217	Myeloid cell
2930.22	6321.29	-0.0542	-0.0075	-0.0213	0.7793	-0.0278	Myeloid cell
2929.22	6314.29	-0.0368	-0.0290	-0.0422	0.0047	0.6982	B cell
2929.22	6308.29	-0.0393	0.0037	-0.0156	0.0102	0.9233	B cell
2926.72	6293.79	-0.0375	0.0015	-0.0114	0.7529	-0.0222	Myeloid cell
2926.22	6234.29	-0.0559	0.0084	-0.0087	0.9097	-0.0251	Myeloid cell
2924.72	6304.29	-0.0365	-0.0164	-0.0271	-0.0149	0.5444	B cell
2924.22	6320.29	-0.0462	-0.0020	-0.0204	0.0549	0.5537	B cell
2922.72	6316.79	0.0029	-0.0025	-0.0186	0.6953	0.0018	Myeloid cell
2922.22	6279.29	0.0100	0.0437	0.0151	0.1746	0.5000	B cell
2922.22	6263.79	-0.0067	0.0124	-0.0123	0.0131	0.7241	B cell
2921.72	6296.29	-0.0015	0.0238	-0.0006	0.8042	0.0539	Myeloid cell
2918.22	6333.29	-0.0591	0.0023	-0.0175	0.8608	-0.0247	Myeloid cell
2911.72	6326.29	-0.0404	-0.0112	-0.0292	-0.0020	0.6450	B cell
2911.72	6266.29	-0.0495	0.0109	-0.0052	0.9375	-0.0182	Myeloid cell
2909.22	6329.29	-0.0336	-0.0239	-0.0343	-0.0231	0.8496	B cell
2908.72	6340.29	-0.0695	-0.0043	-0.0078	0.6475	-0.0080	Myeloid cell
2908.22	6321.29	-0.0230	0.0230	-0.0005	0.0584	0.8193	B cell
2906.22	6289.29	0.0486	0.0261	0.0124	0.9229	-0.0035	Myeloid cell
2904.72	6314.29	-0.0431	0.0036	-0.0162	0.8369	-0.0253	Myeloid cell
2902.22	6334.79	-0.0351	0.0087	0.0095	0.8081	0.0076	Myeloid cell
2902.22	6188.29	0.8403	-0.0409	-0.0423	-0.0114	-0.0513	cDC2
2902.22	6184.29	0.8486	-0.0324	-0.0372	-0.0130	-0.0450	cDC2
2901.22	6294.79	-0.0604	0.0004	-0.0135	0.7964	-0.0078	Myeloid cell
2900.72	6308.29	0.0682	0.0013	-0.0210	0.6826	-0.0261	Myeloid cell
2899.72	6373.29	0.9038	-0.0392	-0.0461	0.0171	-0.0628	cDC2
2896.72	6346.79	0.7451	0.0232	-0.0073	0.8794	-0.0149	Double pos cDC2
2894.72	6333.29	-0.0404	-0.0033	0.8975	0.0014	-0.0149	cDC1
2891.22	6352.79	-0.0421	0.0064	-0.0134	0.9292	-0.0294	Myeloid cell
2888.72	6303.79	-0.0778	-0.0291	-0.0405	-0.0076	0.7588	B cell
2888.22	6300.29	-0.0594	-0.0099	-0.0221	-0.0028	0.7871	B cell
2884.72	6365.79	-0.0606	-0.0354	0.7529	-0.0365	-0.0447	cDC1
2883.22	6261.29	-0.0334	0.0180	0.0040	0.9155	-0.0075	Myeloid cell
2882.72	6352.29	-0.0473	0.0028	-0.0115	0.8696	-0.0171	Myeloid cell
2882.22	6373.29	-0.0221	-0.0283	0.4519	-0.0282	-0.0233	cDC1
2879.22	6319.29	-0.0390	0.0203	-0.0011	0.9766	-0.0163	Myeloid cell
2869.72	6365.29	-0.0581	0.0012	-0.0180	0.8667	-0.0334	Myeloid cell
2868.22	6334.79	-0.0542	0.0111	-0.0082	0.9287	-0.0223	Myeloid cell
2853.22	6292.79	-0.0488	0.0069	-0.0076	0.8848	-0.0130	Myeloid cell
2852.72	6322.29	-0.0411	0.0060	-0.0086	0.8433	-0.0190	Myeloid cell
2833.22	6352.29	-0.0514	-0.0028	-0.0179	0.7764	-0.0275	Myeloid cell
2831.72	6373.79	0.0306	0.0279	0.0072	0.9146	-0.0045	Myeloid cell
2831.72	6303.29	-0.0501	0.0128	-0.0047	0.9272	-0.0176	Myeloid cell
2824.22	6364.79	0.0724	0.0351	0.0116	0.9551	0.0059	Myeloid cell
2816.22	5980.79	0.8281	-0.0116	-0.0228	0.1298	-0.0533	cDC2
2803.72	6366.29	-0.0450	0.0120	-0.0061	0.9194	-0.0181	Myeloid cell
2790.72	6348.79	-0.0249	0.0101	-0.0022	0.8784	-0.0129	Myeloid cell
2777.72	6385.79	0.0405	0.0583	0.0618	0.5264	0.0236	Myeloid cell
2767.22	5776.29	-0.0192	-0.0009	-0.0154	0.8394	-0.0166	Myeloid cell
2759.22	5752.29	-0.0992	-0.0148	-0.0089	0.7124	-0.0507	Myeloid cell
2754.22	5749.79	-0.0643	0.0076	-0.0151	0.7446	-0.0384	Myeloid cell
2746.22	5783.29	-0.0573	0.0090	-0.0103	0.9326	-0.0250	Myeloid cell
2712.22	5825.79	-0.0114	-0.0045	-0.0179	0.7993	-0.0284	Myeloid cell
2712.22	5783.79	-0.0523	0.0061	-0.0100	0.8833	-0.0196	Myeloid cell
2706.22	5786.79	-0.0491	-0.0088	-0.0212	0.7861	-0.0265	Myeloid cell
2664.72	5800.79	-0.0525	0.0010	-0.0168	0.8013	-0.0104	Myeloid cell
2638.72	5816.79	-0.0425	0.0124	-0.0047	0.9141	-0.0136	Myeloid cell
2629.22	5864.79	-0.0406	0.0198	0.0019	0.9707	-0.0111	Myeloid cell
2618.72	5798.29	-0.0565	-0.0207	0.9263	-0.0108	-0.0267	cDC1
2611.72	5804.79	0.0780	0.0243	-0.0027	0.9312	-0.0092	Myeloid cell
2608.72	5887.29	-0.0490	0.0084	-0.0058	0.8716	-0.0171	Myeloid cell
2604.22	5909.79	-0.0202	0.0102	-0.0182	0.8389	-0.0110	Myeloid cell
2603.22	5835.29	-0.0722	-0.0193	-0.0274	0.7373	-0.0363	Myeloid cell
2591.72	6285.79	-0.0763	-0.0016	-0.0237	0.8184	-0.0254	Myeloid cell
2591.22	5936.79	-0.0484	0.0079	0.0023	0.7290	-0.0085	Myeloid cell
2586.22	5876.29	-0.0452	0.0172	-0.0019	0.9512	-0.0156	Myeloid cell
2585.22	5911.29	-0.0732	-0.0425	0.8047	-0.0283	-0.0297	cDC1
2582.72	6289.29	-0.0546	-0.0016	-0.0144	0.8574	-0.0247	Myeloid cell
2576.22	6295.29	-0.0646	-0.0029	-0.0170	0.8501	-0.0291	Myeloid cell
2574.22	5944.79	-0.0440	0.0051	-0.0089	0.8721	-0.0175	Myeloid cell
2573.72	5832.79	-0.0210	0.0140	-0.0087	0.6016	-0.0044	Myeloid cell
2573.72	5771.29	-0.0396	0.0168	-0.0007	0.9429	-0.0145	Myeloid cell
2572.72	5871.29	-0.0657	-0.0089	-0.0213	0.8457	-0.0342	Myeloid cell
2572.22	5799.29	-0.0611	0.0001	-0.0135	0.8428	-0.0243	Myeloid cell
2562.72	6384.29	0.0045	-0.0099	-0.0341	0.7754	-0.0374	Myeloid cell
2560.72	5848.29	-0.0507	0.0174	-0.0031	0.9600	-0.0184	Myeloid cell
2556.72	5924.29	-0.0092	0.0117	0.0093	0.8433	-0.0094	Myeloid cell
2554.72	5943.79	-0.0487	-0.0132	-0.0301	0.8364	-0.0446	Myeloid cell
2554.72	5932.79	-0.0969	-0.0006	-0.0105	-0.0187	0.5806	B cell
2552.72	5975.29	0.0188	0.0176	-0.0013	0.8525	-0.0072	Myeloid cell
2552.22	6382.79	-0.0378	-0.0042	-0.0186	0.7095	-0.0232	Myeloid cell
2549.22	5793.29	-0.0515	0.0045	-0.0117	0.7920	-0.0232	Myeloid cell
2548.72	5940.29	0.0037	-0.0069	-0.0206	0.8071	-0.0200	Myeloid cell
2546.22	5799.79	-0.0442	0.0127	-0.0022	0.8789	-0.0156	Myeloid cell
2544.72	5913.79	-0.0477	-0.0272	0.8276	-0.0195	-0.0275	cDC1
2543.72	5858.79	-0.0765	0.0128	-0.0241	0.7979	-0.0219	Myeloid cell
2541.72	5986.29	0.0255	0.0203	0.0095	0.8799	-0.0036	Myeloid cell
2540.22	5966.79	-0.0538	0.0047	-0.0130	0.8896	-0.0212	Myeloid cell
2538.72	5863.79	-0.0302	-0.0053	-0.0279	0.7622	-0.0284	Myeloid cell
2536.72	5907.29	-0.0765	0.7373	-0.0673	-0.0604	-0.0640	pDC
2535.22	5944.79	-0.0271	0.0093	0.0111	0.0355	0.6992	B cell
2535.22	5871.29	-0.0366	-0.0007	-0.0126	0.7573	0.0245	Myeloid cell
2532.22	5790.79	0.1713	0.0234	0.0050	1.0029	-0.0236	Myeloid cell
2529.72	5912.79	-0.0781	-0.0186	-0.0492	0.6572	-0.0525	Myeloid cell
2529.72	5745.29	0.0724	0.0074	-0.0123	0.7534	-0.0175	Myeloid cell
2529.22	5873.29	0.2681	0.0555	0.0252	0.3721	0.2727	Other cell
2528.22	5901.29	-0.0456	-0.0185	0.8291	-0.0145	-0.0265	cDC1
2525.22	5881.29	-0.0161	0.0076	-0.0042	0.4802	0.2673	Myeloid cell
2523.72	5930.79	-0.0465	0.0156	-0.0016	0.9517	-0.0167	Myeloid cell
2523.22	6009.29	-0.0526	0.0135	-0.0084	0.9458	-0.0237	Myeloid cell
2519.22	5874.29	-0.0718	-0.0193	-0.0293	-0.0156	0.8164	B cell
2517.22	5980.29	-0.0460	-0.0196	0.8662	-0.0095	-0.0229	cDC1
2516.72	5952.29	0.0437	0.0138	-0.0178	0.7266	-0.0093	Myeloid cell
2514.22	6005.29	-0.0803	-0.0102	-0.0366	0.7529	-0.0371	Myeloid cell
2514.22	5870.29	-0.0196	-0.0035	-0.0187	0.8530	-0.0271	Myeloid cell
2908.22	6440.79	0.5449	0.0150	-0.0198	0.6865	-0.0180	Double pos cDC2
2895.72	6406.79	0.5181	-0.0303	-0.0383	0.0186	-0.0420	cDC2
2842.72	6408.29	-0.0321	0.0043	-0.0079	0.8325	-0.0176	Myeloid cell
2817.22	6407.79	-0.0494	-0.0260	0.6665	-0.0199	-0.0260	cDC1
2722.72	6908.29	-0.0906	-0.0192	-0.0353	0.6519	-0.0500	Myeloid cell
2714.22	6912.29	-0.0459	0.0136	-0.0053	0.9331	-0.0168	Myeloid cell
2695.72	6888.79	-0.0556	0.0085	-0.0079	0.9199	-0.0226	Myeloid cell
2685.22	6877.29	-0.0239	0.0199	-0.0004	0.8789	-0.0079	Myeloid cell
2678.72	6416.29	-0.0492	-0.0392	0.6523	-0.0494	-0.0491	cDC1
2673.72	6877.79	0.8950	0.0064	-0.0153	0.2646	-0.0356	cDC2
2661.22	6933.79	-0.0396	0.0194	0.0009	0.9653	-0.0096	Myeloid cell
2657.22	6971.79	-0.0461	0.0141	-0.0049	0.9443	-0.0218	Myeloid cell
2654.72	6879.79	-0.0584	-0.0002	-0.0168	0.8623	-0.0242	Myeloid cell
2654.22	6467.29	-0.0629	-0.0073	-0.0164	0.8540	-0.0335	Myeloid cell
2647.72	6882.29	-0.0418	-0.0156	-0.0419	0.6841	-0.0140	Myeloid cell
2645.22	6409.29	-0.0077	0.0109	-0.0403	0.6592	-0.0660	Myeloid cell
2634.22	6882.79	-0.0161	0.0179	-0.0053	0.6836	-0.0045	Myeloid cell
2626.22	7015.79	0.6240	0.0149	-0.0077	0.0454	-0.0035	cDC2
2592.72	6803.79	-0.0475	0.0147	-0.0021	0.9219	-0.0158	Myeloid cell
2588.22	6815.79	-0.0536	0.0101	-0.0092	0.9512	-0.0288	Myeloid cell
2586.72	6837.79	-0.0510	0.0096	-0.0071	0.9229	-0.0202	Myeloid cell
2578.72	6858.79	-0.0389	0.0141	-0.0025	0.9165	-0.0134	Myeloid cell
2573.22	6912.79	-0.0344	0.0173	-0.0002	0.9395	-0.0114	Myeloid cell
2569.22	7025.79	0.5518	-0.0172	-0.0327	0.0337	-0.0347	cDC2
2561.72	6827.79	-0.0374	0.0075	-0.0113	0.8120	-0.0153	Myeloid cell
2561.22	6757.79	-0.0464	-0.0186	0.5884	-0.0034	-0.0174	cDC1
2559.22	7050.29	0.9604	-0.0199	-0.0327	0.0706	-0.0485	cDC2
2559.22	6902.79	-0.0295	-0.0013	-0.0186	0.8765	-0.0259	Myeloid cell
2549.72	6732.29	-0.0769	-0.0566	0.6494	-0.0678	-0.0622	cDC1
2545.72	6727.79	-0.0403	-0.0157	0.7627	0.0128	0.0070	cDC1
2545.22	6804.29	-0.0563	0.0094	-0.0101	0.9160	-0.0196	Myeloid cell
2579.72	7081.79	-0.0311	0.0057	0.0019	0.0352	0.5991	B cell
2560.22	7141.79	0.6226	0.0818	-0.0157	-0.0728	-0.0216	cDC2
