9400.83	14395.83	0.2155	-0.0142	-0.0312	0.6587	-0.0352	Myeloid cell
9395.33	14184.33	-0.0143	0.0201	-0.0008	0.6035	0.0018	Myeloid cell
9392.33	14195.33	-0.0291	0.0220	0.0035	0.9839	-0.0108	Myeloid cell
9382.33	14273.83	-0.0574	0.0072	-0.0095	0.9043	-0.0248	Myeloid cell
9373.33	14223.33	-0.0362	0.0233	0.0037	1.0254	-0.0196	Myeloid cell
9365.33	14552.83	0.0062	0.0156	0.0058	0.8691	-0.0064	Myeloid cell
9321.83	14169.33	-0.0454	-0.0383	0.5093	-0.0385	-0.0349	cDC1
9309.33	14487.33	-0.0069	0.0057	-0.0132	0.7690	-0.0197	Myeloid cell
9306.33	14524.83	-0.0593	-0.0295	0.6758	-0.0451	-0.0396	cDC1
9297.83	14410.83	-0.0562	-0.0012	-0.0035	0.5757	-0.0251	Myeloid cell
9297.33	14422.83	-0.0467	0.0186	-0.0008	0.9893	-0.0201	Myeloid cell
9286.33	14408.83	-0.0071	0.0309	0.0057	0.7295	0.0038	Myeloid cell
9275.33	14221.33	-0.0170	0.0184	-0.0011	0.5913	-0.0026	Myeloid cell
9274.83	14331.33	0.0582	-0.0142	-0.0278	0.7598	-0.0391	Myeloid cell
9266.83	14426.33	0.9341	-0.0129	-0.0214	0.0026	-0.0277	cDC2
9256.83	14219.83	-0.0514	-0.0237	0.6304	-0.0211	-0.0242	cDC1
9255.33	14214.83	-0.0604	-0.0473	0.5454	-0.0456	-0.0435	cDC1
9253.33	14419.33	-0.0382	0.0049	-0.0147	0.7031	-0.0098	Myeloid cell
9247.33	14229.33	-0.0274	-0.0142	0.5317	-0.0133	-0.0151	cDC1
9184.83	14431.83	-0.0677	-0.0410	0.7876	-0.0348	-0.0399	cDC1
9169.83	14546.83	0.0191	0.0070	0.2908	0.0005	0.0044	Other cell
9108.33	14585.33	0.0334	0.0204	-0.0002	0.7734	-0.0085	Myeloid cell
9088.83	14464.33	-0.0691	-0.0647	0.4778	-0.0630	-0.0547	cDC1
9084.83	14571.83	-0.0690	-0.0332	-0.0464	0.6543	-0.0509	Myeloid cell
9058.33	14609.83	0.0053	-0.0131	-0.0205	0.6460	-0.0123	Myeloid cell
9044.33	14610.83	-0.0158	0.0239	-0.0031	0.6372	-0.0004	Myeloid cell
9411.83	15049.33	-0.0560	-0.0076	-0.0199	0.8105	-0.0290	Myeloid cell
9408.33	15141.83	0.1261	-0.0377	-0.0498	0.6816	-0.0619	Myeloid cell
9406.83	15134.33	-0.0550	0.0197	-0.0055	0.9751	-0.0183	Myeloid cell
9398.33	14693.33	0.0128	-0.0130	-0.0284	0.7266	-0.0414	Myeloid cell
9394.83	14731.33	-0.0758	-0.0075	-0.0117	0.8325	-0.0348	Myeloid cell
9393.33	14697.33	-0.0509	-0.0042	-0.0165	0.7886	-0.0337	Myeloid cell
9390.33	14736.83	-0.0484	-0.0095	-0.0254	0.8271	-0.0342	Myeloid cell
9389.33	15083.83	0.8530	-0.0448	-0.0480	-0.0075	-0.0609	cDC2
9386.83	14700.33	0.0930	0.0087	-0.0053	0.7852	-0.0299	Myeloid cell
9385.33	15082.83	0.8315	-0.0379	-0.0430	-0.0373	-0.0492	cDC2
9378.83	15166.33	-0.0665	-0.0057	-0.0203	0.8335	-0.0281	Myeloid cell
9346.83	14733.33	-0.0312	0.0137	0.0019	0.8501	-0.0086	Myeloid cell
9336.33	14653.83	-0.0501	-0.0352	0.7515	-0.0384	-0.0395	cDC1
9320.83	15158.83	-0.0348	0.0130	-0.0117	0.6392	-0.0090	Myeloid cell
9317.83	15162.83	-0.0230	0.0087	-0.0129	0.9170	-0.0291	Myeloid cell
9286.33	14973.33	-0.0271	-0.0058	-0.0231	0.7207	-0.0254	Myeloid cell
9279.33	14646.83	-0.0267	0.0028	-0.0258	0.6382	0.0053	Myeloid cell
9278.83	15167.83	0.1802	-0.0446	-0.0563	0.7095	-0.0696	Myeloid cell
9274.83	15165.83	-0.0507	0.0030	-0.0139	0.7910	-0.0203	Myeloid cell
9272.33	15035.33	-0.0440	0.0074	-0.0042	0.8672	-0.0167	Myeloid cell
9271.33	14726.83	0.0229	-0.0046	-0.0243	0.6851	-0.0352	Myeloid cell
9253.83	14646.33	-0.0661	-0.0173	-0.0263	0.8203	-0.0305	Myeloid cell
9236.83	15163.33	-0.0528	0.0046	-0.0103	0.8340	-0.0193	Myeloid cell
9222.83	15163.83	0.0019	-0.0003	-0.0214	0.8789	-0.0331	Myeloid cell
9210.33	15162.83	-0.0947	-0.0263	-0.0540	0.7725	-0.0528	Myeloid cell
9208.33	15043.33	-0.0351	-0.0015	-0.0063	0.8037	-0.0328	Myeloid cell
9165.83	14627.33	-0.0619	-0.0090	-0.0256	0.8115	-0.0279	Myeloid cell
9142.33	15098.83	0.0145	0.0128	-0.0036	0.5229	-0.0019	Myeloid cell
9129.83	15085.33	-0.0253	0.0077	-0.0134	0.7427	-0.0148	Myeloid cell
9129.33	15092.33	0.0010	0.0197	-0.0053	0.8657	-0.0129	Myeloid cell
9126.33	15001.33	0.0312	0.0067	-0.0090	0.6743	-0.0089	Myeloid cell
9113.83	15085.83	0.0019	0.0166	-0.0092	0.5972	-0.0067	Myeloid cell
9107.83	15088.83	-0.0544	-0.0035	-0.0173	0.8369	-0.0151	Myeloid cell
9106.83	15109.33	-0.1036	-0.0222	-0.0144	0.6792	-0.0457	Myeloid cell
9105.33	15141.33	-0.0726	-0.0139	-0.0272	0.7729	-0.0366	Myeloid cell
9100.83	15136.83	-0.0798	-0.0021	-0.0220	0.8037	-0.0274	Myeloid cell
9100.33	14638.83	-0.0521	0.0106	0.0247	0.7300	-0.0170	Myeloid cell
9082.33	15164.33	-0.0411	0.0037	-0.0132	0.8516	-0.0166	Myeloid cell
9077.83	14741.83	-0.0568	0.0023	-0.0137	0.8735	-0.0252	Myeloid cell
9061.83	15165.33	-0.0433	0.0058	-0.0093	0.7598	-0.0161	Myeloid cell
9060.33	15172.83	0.0076	-0.0087	-0.0220	0.6973	-0.0233	Myeloid cell
9055.83	15177.33	-0.0343	0.0127	-0.0058	0.7954	-0.0143	Myeloid cell
9054.83	15160.33	-0.0612	-0.0224	-0.0307	0.6821	-0.0382	Myeloid cell
9052.83	15165.33	-0.0214	0.0019	-0.0159	0.5020	-0.0127	Myeloid cell
9045.33	14675.33	0.1835	-0.0147	-0.0404	0.5947	-0.0401	Myeloid cell
9036.83	15074.33	-0.0471	0.0002	-0.0112	0.7451	-0.0183	Myeloid cell
9027.83	14728.33	-0.0481	0.0123	-0.0040	0.9414	-0.0180	Myeloid cell
9022.33	15047.83	-0.0522	0.0085	-0.0089	0.9155	-0.0195	Myeloid cell
9010.33	15244.33	-0.0542	0.0073	-0.0092	0.8926	-0.0190	Myeloid cell
9010.33	15200.83	0.0042	0.0178	-0.0008	0.8330	-0.0113	Myeloid cell
9004.83	14812.33	-0.0521	-0.0020	0.0066	0.7080	-0.0215	Myeloid cell
9000.33	14708.33	-0.0478	0.0144	-0.0032	0.9541	-0.0180	Myeloid cell
8994.33	14924.83	-0.0427	0.0088	-0.0057	0.8877	-0.0140	Myeloid cell
8990.33	14732.83	0.0573	-0.0032	-0.0202	0.7812	-0.0322	Myeloid cell
8984.83	15057.83	-0.0511	0.0015	-0.0054	0.7588	-0.0147	Myeloid cell
8980.33	15040.33	-0.0558	-0.0071	-0.0084	0.8057	-0.0312	Myeloid cell
8973.33	15025.33	-0.0217	0.0019	-0.0150	0.6162	-0.0162	Myeloid cell
8970.33	15081.33	-0.0510	0.0040	-0.0040	0.8022	-0.0047	Myeloid cell
8952.33	15041.83	-0.0665	-0.0500	0.6299	-0.0436	-0.0396	cDC1
9422.33	15329.33	-0.0501	0.0003	-0.0117	0.7803	-0.0228	Myeloid cell
9414.83	15877.33	0.0182	0.0058	-0.0093	0.8994	-0.0223	Myeloid cell
9412.33	15868.33	0.2803	0.0016	-0.0230	0.6792	-0.0316	Myeloid cell
9411.33	15906.83	-0.0763	-0.0161	-0.0165	0.5522	-0.0216	Myeloid cell
9408.83	15367.83	-0.0342	0.0144	-0.0077	0.8105	-0.0127	Myeloid cell
9407.33	15773.33	-0.0495	-0.0756	-0.0861	0.6152	-0.0831	Myeloid cell
9397.83	15344.83	0.0132	-0.0148	-0.0315	0.5923	-0.0330	Myeloid cell
9385.33	15324.83	-0.0005	0.0062	-0.0148	0.5327	-0.0153	Myeloid cell
9384.33	15295.83	-0.0355	0.0197	-0.0015	0.9673	-0.0113	Myeloid cell
9372.33	15630.83	-0.0323	0.0201	-0.0068	0.8413	-0.0129	Myeloid cell
9364.83	15859.83	0.1934	0.0188	-0.0141	0.6885	-0.0167	Myeloid cell
9347.33	15305.83	-0.0580	0.0095	-0.0080	0.9180	-0.0211	Myeloid cell
9343.33	15881.83	-0.0302	-0.0046	-0.0237	0.6836	-0.0254	Myeloid cell
9337.33	15894.33	0.3201	0.0007	-0.0138	0.7344	-0.0220	Myeloid cell
9325.83	15459.33	0.1604	-0.0110	-0.0258	0.5776	-0.0363	Myeloid cell
9315.33	15923.33	-0.0685	-0.0167	-0.0168	0.5649	-0.0307	Myeloid cell
9314.83	15825.83	-0.0045	-0.0128	-0.0221	0.8330	-0.0341	Myeloid cell
9305.83	15937.83	0.0222	0.0171	0.0052	0.7690	-0.0053	Myeloid cell
9305.83	15804.83	-0.0482	0.0182	-0.0017	0.9844	-0.0179	Myeloid cell
9302.33	15850.83	0.3750	0.0123	0.0006	0.8574	-0.0222	Myeloid cell
9301.83	15833.83	0.0073	0.0196	-0.0061	0.9121	-0.0090	Myeloid cell
9298.33	15929.33	0.8271	-0.0175	-0.0306	-0.0026	0.0048	cDC2
9274.83	15323.83	0.0600	-0.0021	-0.0235	0.5825	-0.0261	Myeloid cell
9260.83	15676.83	0.4561	-0.0096	-0.0407	0.6250	-0.0487	Double pos cDC2
9256.33	15322.83	-0.0488	0.0076	-0.0097	0.8735	-0.0167	Myeloid cell
9242.33	15342.33	-0.0251	-0.0038	-0.0250	0.5747	-0.0187	Myeloid cell
9241.33	15413.33	-0.0534	0.0296	0.0019	0.9902	-0.0125	Myeloid cell
9237.33	15398.33	-0.0515	0.0096	-0.0088	0.9351	-0.0233	Myeloid cell
9235.33	15846.83	-0.0637	0.0036	-0.0127	0.9058	-0.0260	Myeloid cell
9232.33	15385.33	-0.0443	-0.0101	-0.0216	0.5347	-0.0204	Myeloid cell
9228.33	15439.33	-0.0535	0.0040	-0.0128	0.8760	-0.0234	Myeloid cell
9221.33	15438.33	-0.0376	0.0081	-0.0072	0.8696	-0.0131	Myeloid cell
9220.33	15420.83	-0.0562	0.0110	-0.0069	0.9351	-0.0189	Myeloid cell
9217.33	15650.83	0.0803	0.0208	0.0004	0.8960	-0.0089	Myeloid cell
9214.33	15377.83	-0.0267	0.0033	-0.0132	0.8462	-0.0186	Myeloid cell
9212.33	15417.83	0.0089	0.0074	0.0071	0.8213	0.0064	Myeloid cell
9210.83	15402.83	-0.0464	0.0013	-0.0117	0.7310	-0.0179	Myeloid cell
9204.83	15375.83	-0.0275	-0.0077	-0.0237	0.6831	-0.0285	Myeloid cell
9200.83	15434.33	-0.1202	-0.0326	-0.0291	0.6714	-0.0388	Myeloid cell
9195.33	15434.83	-0.0021	0.0051	-0.0177	0.9053	-0.0321	Myeloid cell
9192.33	15711.83	0.7388	-0.0224	-0.0288	0.3760	-0.0399	cDC2
9174.33	15812.33	-0.0500	0.0073	-0.0079	0.8657	-0.0166	Myeloid cell
9165.83	15393.33	-0.0462	0.0144	-0.0032	0.9438	-0.0161	Myeloid cell
9154.83	15393.33	-0.0363	0.0110	-0.0081	0.8062	-0.0133	Myeloid cell
9148.83	15553.83	-0.0316	0.0239	-0.0041	1.0137	-0.0223	Myeloid cell
9136.83	15334.83	-0.0707	-0.0071	-0.0235	0.8516	-0.0304	Myeloid cell
9134.83	15375.33	-0.0354	-0.0196	-0.0181	0.5630	-0.0312	Myeloid cell
9131.33	15336.83	0.0267	-0.0065	-0.0266	0.7896	-0.0314	Myeloid cell
9126.33	15417.33	0.0646	0.0168	-0.0068	0.8838	-0.0137	Myeloid cell
9117.83	15393.33	-0.0596	0.0019	-0.0154	0.8472	-0.0250	Myeloid cell
9112.83	15402.83	-0.0585	-0.0112	-0.0257	0.8198	-0.0375	Myeloid cell
9110.33	15332.83	-0.0682	0.0196	-0.0186	0.6104	-0.0166	Myeloid cell
9109.33	15427.83	0.0020	-0.0105	-0.0241	0.6958	-0.0285	Myeloid cell
9105.83	15433.83	0.3860	-0.0110	-0.0332	0.5649	-0.0477	Myeloid cell
9104.83	15324.83	-0.0447	0.0052	-0.0056	0.7861	-0.0153	Myeloid cell
9090.83	15535.33	-0.0426	-0.0365	-0.0400	0.7378	-0.0593	Myeloid cell
9090.83	15329.33	-0.0410	-0.0229	0.0411	0.5435	-0.0303	Myeloid cell
9090.33	15547.83	0.2925	-0.0036	-0.0071	0.8389	-0.0317	Myeloid cell
9088.33	15556.83	-0.0616	0.0113	-0.0086	0.9395	-0.0246	Myeloid cell
9088.33	15539.83	-0.0682	0.0005	-0.0178	0.8984	-0.0341	Myeloid cell
9086.83	15326.33	-0.0524	0.0150	0.0197	0.6650	0.0113	Myeloid cell
9085.33	15575.33	0.0027	0.0096	-0.0031	0.9639	-0.0236	Myeloid cell
9084.83	15420.33	-0.0519	0.0166	-0.0001	0.9951	-0.0236	Myeloid cell
9077.83	15573.33	-0.0344	-0.0055	-0.0306	0.6699	-0.0278	Myeloid cell
9053.83	15383.33	-0.0577	0.0085	-0.0096	0.9331	-0.0226	Myeloid cell
9050.33	15377.83	-0.0605	-0.0049	-0.0217	0.8330	-0.0298	Myeloid cell
9036.83	15413.83	-0.0705	-0.0060	-0.0233	0.8740	-0.0391	Myeloid cell
9028.83	15360.83	-0.0188	0.0222	0.0044	0.9600	-0.0049	Myeloid cell
9028.33	15375.83	-0.0446	0.0141	-0.0015	0.9390	-0.0168	Myeloid cell
9018.83	15350.33	-0.0469	0.0188	-0.0015	0.9771	-0.0182	Myeloid cell
9017.83	15385.33	-0.0413	0.0119	-0.0069	0.8853	-0.0162	Myeloid cell
9016.83	15483.83	-0.0792	-0.0191	-0.0326	0.7661	-0.0404	Myeloid cell
9005.83	15446.83	0.1301	0.0816	-0.0261	0.6924	-0.0443	Myeloid cell
9398.33	16091.83	-0.0629	-0.0028	0.0127	0.7803	-0.0241	Myeloid cell
9392.33	16074.83	-0.0643	-0.0432	0.8276	-0.0355	-0.0388	cDC1
9371.83	16020.33	-0.0353	0.0126	-0.0073	0.8198	-0.0126	Myeloid cell
9367.83	16057.33	-0.0529	0.0139	-0.0050	0.9546	-0.0197	Myeloid cell
9357.33	16014.83	-0.0587	-0.0314	0.6899	-0.0366	-0.0390	cDC1
9345.83	16044.33	-0.0064	-0.0081	-0.0170	0.7471	0.0584	Myeloid cell
9341.83	16035.33	-0.0568	0.0054	-0.0131	0.8965	-0.0240	Myeloid cell
9339.83	16021.83	-0.0385	-0.0165	0.7056	-0.0163	-0.0197	cDC1
9327.33	15971.83	0.8076	-0.0312	-0.0435	0.0028	0.0299	cDC2
9323.83	15986.83	-0.0070	0.0185	-0.0020	0.6274	0.0053	Myeloid cell
9311.83	15960.83	-0.0372	0.0057	-0.0210	0.8628	-0.0318	Myeloid cell
9308.83	15973.33	0.0093	-0.0035	0.5830	0.0248	0.0333	cDC1
9304.33	15960.83	-0.0804	-0.0193	-0.0332	0.7964	-0.0434	Myeloid cell
9295.83	15960.83	-0.0739	0.0400	0.0093	1.1055	-0.0028	Myeloid cell
9916.33	13774.33	-0.0514	-0.0263	0.7056	-0.0218	-0.0262	cDC1
9899.83	13950.33	0.8853	-0.0246	-0.0319	-0.0265	-0.0349	cDC2
9894.83	13885.33	-0.0413	0.0225	0.0040	0.9399	-0.0071	Myeloid cell
9859.33	13841.83	-0.0897	-0.0085	0.0057	0.7500	-0.0242	Myeloid cell
9858.83	13847.33	-0.0463	0.0048	-0.0071	0.9136	-0.0221	Myeloid cell
9783.33	13793.83	-0.0257	0.0211	0.0403	0.4807	0.0018	Myeloid cell
9768.83	13829.83	-0.0497	-0.0087	-0.0234	0.7651	-0.0307	Myeloid cell
9763.33	13828.33	-0.0356	-0.0063	-0.0180	0.7290	-0.0234	Myeloid cell
9748.33	13859.83	-0.0457	0.0210	0.0006	1.0010	-0.0144	Myeloid cell
9706.83	13935.83	-0.0869	-0.0060	0.0108	0.7207	-0.0124	Myeloid cell
9705.83	13896.33	-0.0104	-0.0035	-0.0299	0.7271	-0.0413	Myeloid cell
9922.33	14619.33	-0.0192	-0.0116	-0.0330	0.7607	-0.0426	Myeloid cell
9898.33	13953.83	0.9888	-0.0076	-0.0168	0.0045	-0.0247	cDC2
9890.83	14101.33	-0.0307	0.0158	0.0044	0.8887	-0.0085	Myeloid cell
9886.33	14193.83	-0.0338	0.0237	0.0046	0.9990	-0.0088	Myeloid cell
9886.33	14041.33	0.9707	-0.0147	-0.0397	0.0136	-0.0307	cDC2
9854.83	14388.33	0.0621	-0.0014	-0.0314	0.7212	-0.0069	Myeloid cell
9839.33	13966.83	-0.0465	0.0007	-0.0082	0.8042	-0.0179	Myeloid cell
9815.33	14018.83	-0.0448	0.0248	-0.0065	1.0117	-0.0226	Myeloid cell
9815.33	13970.33	-0.0380	0.0221	0.0020	0.9663	-0.0111	Myeloid cell
9713.33	14033.83	-0.0411	0.0132	0.0017	0.8896	-0.0146	Myeloid cell
9691.33	14259.83	0.1290	-0.0116	-0.0281	0.7881	-0.0378	Myeloid cell
9688.83	14242.33	-0.0593	0.0069	-0.0102	0.9023	-0.0251	Myeloid cell
9659.83	14386.33	-0.0001	0.0283	0.0122	0.9341	0.0003	Myeloid cell
9648.33	14162.83	-0.0760	-0.0281	-0.0399	0.6206	-0.0377	Myeloid cell
9621.33	14559.83	0.9077	-0.0118	-0.0310	0.1887	-0.0556	cDC2
9602.83	14478.33	0.0933	0.0037	-0.0170	0.7300	-0.0170	Myeloid cell
9579.83	14170.83	-0.0430	0.0208	0.0018	0.9912	-0.0155	Myeloid cell
9578.83	14203.33	0.0735	0.0039	-0.0453	0.6235	-0.0405	Myeloid cell
9573.83	14461.33	-0.0048	0.0148	-0.0260	0.6831	-0.0161	Myeloid cell
9555.33	14580.33	-0.0417	-0.0033	-0.0186	0.7139	-0.0193	Myeloid cell
9554.83	14145.33	-0.0408	0.0134	-0.0033	0.9263	-0.0142	Myeloid cell
9550.83	13957.83	-0.0697	-0.0151	-0.0283	0.7588	-0.0378	Myeloid cell
9530.83	13988.83	-0.0482	-0.0263	-0.0407	0.7310	-0.0413	Myeloid cell
9512.33	14146.83	0.0393	0.0177	-0.0062	0.7427	-0.0119	Myeloid cell
9507.33	14204.83	-0.0352	0.0178	0.0005	0.9429	-0.0136	Myeloid cell
9495.33	14560.83	-0.0439	0.0132	-0.0044	0.9390	-0.0150	Myeloid cell
9487.83	14426.83	-0.0258	0.0175	-0.0079	0.7480	-0.0042	Myeloid cell
9485.83	14136.33	-0.0548	0.0036	-0.0124	0.8945	-0.0271	Myeloid cell
9481.83	14404.83	-0.0504	0.0147	-0.0040	0.9717	-0.0212	Myeloid cell
9481.83	14095.33	-0.0557	0.0148	-0.0044	0.9751	-0.0209	Myeloid cell
9479.83	14006.83	-0.0422	0.0247	0.0026	1.0137	-0.0114	Myeloid cell
9444.33	14351.33	-0.0490	0.0079	-0.0138	0.7876	-0.0190	Myeloid cell
9437.83	14263.83	-0.0149	0.0043	-0.0081	0.7393	-0.0048	Myeloid cell
9434.83	14369.83	-0.0388	0.0131	-0.0036	0.9150	-0.0141	Myeloid cell
9915.33	14839.33	-0.0063	-0.0190	-0.0361	0.5239	-0.0363	Myeloid cell
9862.83	15122.83	0.0137	-0.0253	-0.0367	0.6377	-0.0300	Myeloid cell
9850.83	14917.83	0.9507	-0.0043	-0.0324	0.3486	-0.0584	cDC2
9825.83	15090.33	-0.0625	-0.0038	-0.0153	0.8247	-0.0254	Myeloid cell
9810.83	14626.33	-0.0042	0.0098	-0.0108	0.8779	-0.0221	Myeloid cell
9796.33	15111.83	-0.0067	0.0071	-0.0110	0.8135	-0.0164	Myeloid cell
9769.83	15256.83	-0.0221	0.0197	-0.0071	0.6621	-0.0063	Myeloid cell
9758.33	14699.33	-0.0580	-0.0188	-0.0360	0.7437	-0.0457	Myeloid cell
9749.33	15259.83	-0.0356	0.0070	-0.0139	0.8311	-0.0157	Myeloid cell
9738.33	14733.33	-0.0477	0.0159	-0.0035	0.9653	-0.0162	Myeloid cell
9733.33	14989.83	-0.0403	0.0031	-0.0071	0.8350	-0.0131	Myeloid cell
9718.33	15001.33	-0.0581	-0.0041	-0.0186	0.8174	-0.0274	Myeloid cell
9701.83	14728.83	-0.0423	0.0190	-0.0009	0.9546	-0.0102	Myeloid cell
9699.83	15157.33	-0.0466	0.0101	-0.0079	0.9023	-0.0068	Myeloid cell
9673.83	15015.33	-0.0018	-0.0127	-0.0278	0.7192	-0.0268	Myeloid cell
9659.33	15145.33	-0.0287	0.0125	-0.0141	0.7422	-0.0236	Myeloid cell
9658.33	15195.33	-0.0861	-0.0323	-0.0396	0.7158	-0.0525	Myeloid cell
9643.83	15044.83	-0.1100	-0.0313	-0.0337	0.6191	-0.0403	Myeloid cell
9639.83	15152.33	-0.0654	-0.0013	-0.0168	0.8579	-0.0291	Myeloid cell
9635.33	15121.83	-0.0018	0.0178	-0.0081	0.7593	-0.0288	Myeloid cell
9634.83	15159.33	-0.0524	0.0064	-0.0081	0.8711	-0.0185	Myeloid cell
9625.83	15187.33	-0.0494	-0.0223	-0.0322	0.7866	-0.0410	Myeloid cell
9616.33	15170.83	-0.0500	0.0108	-0.0073	0.9194	-0.0184	Myeloid cell
9615.83	15075.33	-0.0359	-0.0014	-0.0161	0.8652	-0.0271	Myeloid cell
9589.33	14686.83	0.0878	-0.0159	-0.0378	0.5830	-0.0309	Myeloid cell
9534.83	15177.33	-0.0116	-0.0113	-0.0261	0.8359	-0.0420	Myeloid cell
9517.83	15079.33	-0.0780	-0.0471	0.6411	-0.0583	-0.0503	cDC1
9483.83	15201.83	0.0454	-0.0101	-0.0294	0.6875	-0.0303	Myeloid cell
9476.83	14652.33	-0.0265	-0.0015	-0.0205	0.7144	-0.0233	Myeloid cell
9457.83	15046.83	-0.0550	-0.0026	-0.0194	0.7676	0.0033	Myeloid cell
9455.83	15154.33	-0.0629	0.0062	-0.0161	0.8955	-0.0273	Myeloid cell
9454.33	15147.83	-0.0406	-0.0116	-0.0439	0.6694	-0.0376	Myeloid cell
9437.33	15022.83	0.0733	0.0013	-0.0127	0.7407	-0.0286	Myeloid cell
9902.83	15589.83	-0.0078	-0.0043	-0.0184	0.5698	-0.0106	Myeloid cell
9898.83	15824.83	0.0617	-0.0327	-0.0592	0.7656	-0.0767	Myeloid cell
9897.83	15752.33	0.0157	-0.0020	-0.0136	0.8110	-0.0169	Myeloid cell
9878.33	15903.33	-0.0924	0.0306	-0.0199	0.6992	-0.0242	Myeloid cell
9870.33	15901.33	-0.0615	-0.0132	-0.0261	0.7612	-0.0203	Myeloid cell
9869.83	15451.33	-0.0134	0.0182	-0.0050	0.7544	-0.0054	Myeloid cell
9835.83	15399.33	-0.0561	0.0036	-0.0123	0.8823	-0.0210	Myeloid cell
9835.33	15513.83	-0.0089	0.0110	-0.0114	0.6445	-0.0099	Myeloid cell
9831.33	15876.33	0.0470	-0.0361	-0.0581	0.6157	-0.0535	Myeloid cell
9831.33	15365.33	0.0259	-0.0309	-0.0493	0.7573	-0.0538	Myeloid cell
9819.33	15462.83	-0.0432	0.0014	-0.0124	0.7754	-0.0185	Myeloid cell
9814.83	15419.33	0.0430	0.0347	-0.0615	0.6558	-0.0360	Myeloid cell
9812.33	15495.33	-0.0502	-0.0149	-0.0260	0.7793	-0.0370	Myeloid cell
9808.33	15624.33	0.0574	-0.0155	-0.0247	0.7964	-0.0410	Myeloid cell
9808.33	15372.83	-0.0616	-0.0057	-0.0238	0.8164	-0.0322	Myeloid cell
9798.33	15701.33	-0.0619	-0.0098	-0.0196	0.7476	-0.0380	Myeloid cell
9793.83	15409.83	-0.0920	-0.0417	-0.0441	0.7192	-0.0541	Myeloid cell
9792.83	15398.33	-0.0508	0.0120	-0.0070	0.8804	-0.0220	Myeloid cell
9790.33	15385.83	-0.0569	0.0100	-0.0072	0.9502	-0.0235	Myeloid cell
9781.83	15500.83	-0.0379	0.0030	-0.0181	0.8994	-0.0345	Myeloid cell
9772.83	15806.33	-0.0470	0.0101	-0.0079	0.9341	-0.0248	Myeloid cell
9771.83	15553.83	0.0378	-0.0055	-0.0182	0.8789	-0.0372	Myeloid cell
9771.83	15321.83	-0.0617	-0.0278	-0.0405	0.6885	-0.0447	Myeloid cell
9770.83	15361.83	-0.0506	0.0056	-0.0086	0.8687	-0.0207	Myeloid cell
9766.33	15728.33	0.0139	0.0018	-0.0180	0.7563	-0.0213	Myeloid cell
9751.33	15291.83	0.0054	0.0118	-0.0071	0.7812	-0.0143	Myeloid cell
9749.83	15383.33	-0.0739	-0.0044	-0.0220	0.8276	-0.0355	Myeloid cell
9745.83	15310.83	-0.0577	0.0172	-0.0069	0.9551	-0.0176	Myeloid cell
9742.83	15317.33	0.1019	-0.0248	-0.0335	0.8193	-0.0617	Myeloid cell
9739.83	15342.83	-0.0388	0.0052	-0.0081	0.7861	-0.0101	Myeloid cell
9737.33	15873.83	0.0659	-0.0056	-0.0202	0.7974	-0.0304	Myeloid cell
9700.83	15394.83	-0.0497	0.0075	-0.0082	0.8755	-0.0180	Myeloid cell
9700.33	15909.83	-0.0141	-0.0212	-0.0212	0.8364	-0.0464	Myeloid cell
9699.33	15947.33	-0.0446	0.0216	0.0006	0.9941	-0.0123	Myeloid cell
9698.33	15355.33	-0.0233	-0.0077	-0.0283	0.5483	-0.0287	Myeloid cell
9690.33	15291.83	0.6055	-0.0183	-0.0268	0.1469	-0.0568	cDC2
9676.33	15422.83	-0.0772	-0.0174	-0.0281	0.7583	-0.0382	Myeloid cell
9675.33	15342.33	0.0653	0.0027	-0.0095	0.5469	-0.0119	Myeloid cell
9671.83	15435.83	-0.0356	0.0234	0.0043	1.0078	-0.0127	Myeloid cell
9667.83	15691.83	-0.0023	0.0083	-0.0203	0.7056	-0.0253	Myeloid cell
9653.83	15463.83	-0.0602	-0.0163	-0.0279	0.7739	-0.0345	Myeloid cell
9649.83	15421.83	-0.0663	-0.0138	-0.0287	0.8774	-0.0389	Myeloid cell
9594.33	15884.83	-0.0540	-0.0093	-0.0204	0.8306	-0.0312	Myeloid cell
9583.33	15872.83	0.0117	0.0085	-0.0142	0.5044	-0.0041	Myeloid cell
9582.33	15544.83	-0.0498	0.0103	-0.0073	0.9385	-0.0244	Myeloid cell
9581.83	15789.83	-0.0191	0.0158	-0.0081	0.9136	-0.0215	Myeloid cell
9562.83	15715.83	-0.0099	0.0130	-0.0057	0.6392	-0.0039	Myeloid cell
9553.83	15898.33	-0.0658	-0.0013	-0.0165	0.8335	-0.0235	Myeloid cell
9550.33	15405.33	-0.0488	-0.0289	-0.0356	0.7300	-0.0485	Myeloid cell
9526.83	15489.83	0.8691	-0.0458	-0.0476	-0.0437	-0.0504	cDC2
9523.33	15917.83	-0.0356	0.0051	0.0133	0.6064	0.0228	Myeloid cell
9513.33	15417.33	0.1126	-0.0024	-0.0187	0.8438	-0.0236	Myeloid cell
9510.83	15869.33	-0.0314	0.0109	-0.0007	0.8579	-0.0112	Myeloid cell
9503.83	15394.33	-0.0486	0.0085	-0.0098	0.8965	-0.0198	Myeloid cell
9490.83	15957.33	-0.0578	0.0064	-0.0113	0.8799	-0.0248	Myeloid cell
9488.83	15380.83	-0.0404	0.0208	0.0010	0.9722	-0.0132	Myeloid cell
9482.83	15421.33	-0.0565	-0.0087	-0.0197	0.7915	-0.0268	Myeloid cell
9461.83	15949.83	-0.0471	0.0071	-0.0094	0.8779	-0.0150	Myeloid cell
9454.83	15580.33	0.0257	-0.0150	-0.0204	0.7627	-0.0583	Myeloid cell
9444.33	15449.83	0.0172	0.0019	-0.0141	0.7456	-0.0143	Myeloid cell
9439.33	15393.33	-0.0552	0.0043	-0.0114	0.8887	-0.0235	Myeloid cell
9424.83	15330.33	-0.0664	0.0070	-0.0137	0.9150	-0.0314	Myeloid cell
9881.33	16089.33	-0.0325	-0.0133	-0.0276	0.6299	-0.0265	Myeloid cell
9880.83	16095.83	-0.0543	-0.0256	-0.0396	0.6611	-0.0409	Myeloid cell
9872.83	16050.83	-0.0117	-0.0092	-0.0211	0.7920	-0.0333	Myeloid cell
9854.33	16473.83	-0.0663	-0.0172	-0.0335	0.0488	0.7642	B cell
9852.83	16468.33	-0.0298	0.0170	-0.0010	0.0428	0.8652	B cell
9832.83	16267.83	-0.0548	0.0104	-0.0070	0.9106	-0.0201	Myeloid cell
9820.33	16278.33	0.0658	0.0179	0.0051	0.8169	0.0003	Myeloid cell
9818.33	16091.83	-0.0071	-0.0073	-0.0306	0.6514	-0.0186	Myeloid cell
9801.33	16244.33	-0.0315	0.0084	-0.0111	0.8882	-0.0174	Myeloid cell
9800.33	15990.33	-0.0331	-0.0032	-0.0232	0.7505	-0.0278	Myeloid cell
9791.83	15986.33	-0.0459	0.0141	-0.0064	0.9297	-0.0175	Myeloid cell
9783.33	16008.83	-0.0509	-0.0015	-0.0143	0.8521	-0.0154	Myeloid cell
9782.33	16056.83	-0.0523	0.0002	-0.0101	0.7803	-0.0117	Myeloid cell
9779.83	15991.83	-0.0380	0.0131	-0.0054	0.9219	-0.0130	Myeloid cell
9775.33	16247.33	-0.0521	0.0130	-0.0091	0.9507	-0.0186	Myeloid cell
9769.33	16240.33	-0.0544	-0.0004	-0.0129	-0.0035	0.9419	B cell
9763.33	16249.83	-0.0489	0.0142	-0.0034	0.8628	-0.0101	Myeloid cell
9758.83	16270.83	-0.0491	-0.0014	-0.0120	0.8301	-0.0205	Myeloid cell
9753.33	16274.33	-0.0539	0.0039	-0.0076	0.9121	-0.0279	Myeloid cell
9753.33	16239.33	-0.0539	0.0163	-0.0077	0.8164	-0.0088	Myeloid cell
9739.83	16247.33	-0.0532	0.0149	-0.0060	0.9575	-0.0203	Myeloid cell
9737.83	16227.33	-0.0734	0.0049	-0.0113	0.8398	-0.0242	Myeloid cell
9732.33	16258.83	-0.0312	0.0061	-0.0023	0.8379	-0.0134	Myeloid cell
9724.83	16302.83	0.0390	0.0186	-0.0100	0.7153	-0.0281	Myeloid cell
9719.33	16307.83	-0.0591	0.0088	-0.0106	0.9102	-0.0284	Myeloid cell
9718.83	16271.33	-0.0881	-0.0166	-0.0235	0.6338	-0.0144	Myeloid cell
9717.83	16321.83	-0.0617	-0.0051	-0.0218	0.8203	-0.0284	Myeloid cell
9716.33	16315.33	-0.0673	-0.0082	-0.0251	0.8076	-0.0313	Myeloid cell
9699.33	16239.33	-0.0424	0.0111	-0.0104	0.9141	-0.0207	Myeloid cell
9695.33	16231.33	-0.0450	0.0036	-0.0123	0.8613	-0.0193	Myeloid cell
9689.33	16234.33	-0.0662	0.0166	-0.0417	0.5791	0.1057	Myeloid cell
9688.33	16226.83	-0.0410	-0.0119	-0.0185	0.7588	-0.0492	Myeloid cell
9683.83	16185.33	-0.0330	-0.0082	-0.0339	0.5757	-0.0320	Myeloid cell
9677.33	16244.33	-0.0526	0.0068	-0.0100	0.9141	-0.0231	Myeloid cell
9670.33	16256.83	-0.0209	0.0161	-0.0041	0.6753	-0.0074	Myeloid cell
9668.83	16181.83	-0.0482	-0.0073	-0.0274	0.8184	-0.0337	Myeloid cell
9655.83	16211.33	-0.0407	0.0166	0.0031	0.9087	-0.0061	Myeloid cell
9647.33	16183.83	-0.0727	-0.0193	-0.0291	0.6470	-0.0238	Myeloid cell
9643.33	16260.83	-0.0169	-0.0245	-0.0572	0.6489	-0.0435	Myeloid cell
9619.33	16223.33	-0.0626	0.0105	-0.0058	0.9512	-0.0296	Myeloid cell
9598.33	16241.33	-0.0419	0.0145	-0.0011	0.9380	-0.0151	Myeloid cell
9542.33	16013.33	0.3696	-0.0282	-0.0585	0.7007	-0.0665	Myeloid cell
9531.83	15987.33	-0.0488	0.0075	-0.0109	0.8672	-0.0230	Myeloid cell
9491.33	16017.83	-0.0579	0.0029	-0.0129	0.8618	-0.0222	Myeloid cell
9486.33	16008.33	0.0323	0.0168	-0.0225	0.7104	-0.0274	Myeloid cell
9451.33	15988.83	-0.0638	-0.0205	-0.0281	0.7388	-0.0346	Myeloid cell
9450.83	16076.83	-0.0491	0.0148	-0.0042	0.9448	-0.0176	Myeloid cell
10419.83	13721.83	0.0666	-0.0121	-0.0294	0.7915	-0.0352	Myeloid cell
10415.83	13906.33	-0.0485	0.0137	-0.0052	0.9478	-0.0172	Myeloid cell
10393.83	13849.33	-0.0501	0.0105	-0.0061	0.9482	-0.0181	Myeloid cell
10389.83	13709.83	-0.0634	0.0050	-0.0125	0.8877	-0.0255	Myeloid cell
10368.33	13888.33	-0.0597	0.0074	-0.0099	0.9087	-0.0224	Myeloid cell
10364.83	13787.83	0.2834	-0.0092	0.0323	0.4861	0.0086	Myeloid cell
10362.83	13794.83	-0.0867	-0.0452	-0.0627	0.6416	-0.0602	Myeloid cell
10343.33	13930.83	-0.0807	-0.0214	-0.0436	0.8008	-0.0384	Myeloid cell
10342.83	13861.33	0.2866	0.0109	-0.0180	0.7979	-0.0299	Myeloid cell
10339.33	13928.83	0.0664	-0.0139	-0.0255	0.7402	-0.0214	Myeloid cell
10327.83	13646.33	-0.0547	-0.0054	-0.0176	0.7925	-0.0264	Myeloid cell
10322.83	13651.83	-0.0653	-0.0032	-0.0044	0.7671	-0.0165	Myeloid cell
10315.83	13929.83	0.0144	-0.0037	-0.0334	0.5435	-0.0290	Myeloid cell
10310.83	13863.33	-0.0431	0.0165	-0.0014	0.9731	-0.0168	Myeloid cell
10304.83	13750.33	-0.0558	-0.0019	-0.0191	0.8545	-0.0185	Myeloid cell
10299.33	13842.33	0.9238	-0.0158	-0.0235	-0.0152	-0.0262	cDC2
10298.33	13863.33	0.0507	0.0199	-0.0063	0.7979	-0.0122	Myeloid cell
10282.33	13722.83	-0.0346	-0.0077	-0.0214	0.7446	-0.0253	Myeloid cell
10272.33	13787.83	-0.0524	0.0131	-0.0063	0.9487	-0.0205	Myeloid cell
10257.83	13882.83	0.6489	-0.0101	-0.0334	0.3228	-0.0468	cDC2
10252.83	13873.83	0.8887	-0.0267	-0.0359	0.0831	-0.0485	cDC2
10247.83	13797.33	-0.0593	0.0126	-0.0065	0.9648	-0.0241	Myeloid cell
10245.83	13924.83	-0.0525	0.0108	-0.0066	0.9043	-0.0168	Myeloid cell
10219.33	13799.83	-0.0501	0.0146	-0.0043	0.9521	-0.0189	Myeloid cell
10203.33	13950.33	-0.0231	-0.0047	-0.0175	0.5830	-0.0214	Myeloid cell
10182.83	13675.83	-0.0537	0.0162	-0.0033	0.9795	-0.0175	Myeloid cell
10174.83	13760.83	0.0095	0.0378	0.0177	0.9653	0.0061	Myeloid cell
10152.83	13738.33	-0.0228	0.0130	-0.0063	0.7954	-0.0150	Myeloid cell
10145.83	13661.83	-0.0450	0.0164	-0.0026	0.9185	-0.0121	Myeloid cell
10126.33	13784.83	-0.0602	0.0094	-0.0088	0.9395	-0.0228	Myeloid cell
10110.83	13698.33	-0.0487	0.0179	-0.0017	0.9688	-0.0129	Myeloid cell
10105.83	13779.33	-0.0273	0.0109	-0.0035	0.6479	-0.0057	Myeloid cell
10099.33	13771.33	-0.0478	0.0175	-0.0032	0.9634	-0.0184	Myeloid cell
10098.83	13936.33	-0.0262	0.0049	-0.0113	0.8525	-0.0164	Myeloid cell
10097.33	13719.33	-0.0520	-0.0067	-0.0181	0.6875	-0.0185	Myeloid cell
10081.33	13742.83	0.8247	-0.0334	-0.0424	0.0362	-0.0466	cDC2
10077.33	13724.83	-0.0480	0.0185	-0.0010	0.9697	-0.0148	Myeloid cell
10069.83	13775.33	-0.0580	-0.0009	-0.0164	0.5977	-0.0153	Myeloid cell
10049.33	13765.83	-0.0351	0.0115	-0.0049	0.7925	-0.0074	Myeloid cell
10038.33	13849.83	-0.0634	-0.0002	-0.0184	0.8838	-0.0304	Myeloid cell
10031.33	13852.33	0.1799	0.0200	-0.0031	0.8232	-0.0206	Myeloid cell
10020.83	13837.33	-0.0431	0.0208	-0.0059	0.9878	-0.0229	Myeloid cell
10018.83	13715.83	-0.0621	-0.0007	-0.0175	0.8706	-0.0266	Myeloid cell
9993.83	13812.83	-0.0463	0.0139	-0.0043	0.9263	-0.0130	Myeloid cell
9987.83	13926.33	0.7339	0.0126	-0.0228	0.9146	-0.0433	Double pos cDC2
9981.33	13929.83	0.7500	0.0148	-0.0158	0.9316	-0.0379	Double pos cDC2
9967.83	13731.83	-0.0612	-0.0124	-0.0226	0.6499	-0.0565	Myeloid cell
9962.33	13885.33	-0.0702	-0.0075	-0.0231	0.8081	-0.0332	Myeloid cell
9953.83	13942.83	-0.1114	0.0219	-0.0220	0.7109	-0.0206	Myeloid cell
9948.33	13939.33	-0.0388	0.0184	0.0039	0.9229	-0.0097	Myeloid cell
10422.33	14346.83	0.0126	-0.0471	-0.0480	0.7080	-0.0751	Myeloid cell
10422.33	14340.83	-0.0957	-0.0410	-0.0478	0.6807	-0.0558	Myeloid cell
10402.33	14045.83	-0.0292	0.0005	-0.0190	0.6675	-0.0189	Myeloid cell
10400.83	13993.33	-0.0608	0.0105	-0.0080	0.9556	-0.0253	Myeloid cell
10389.33	14021.83	-0.0426	-0.0094	-0.0276	0.8521	-0.0304	Myeloid cell
10382.83	13988.83	-0.0565	0.0068	-0.0111	0.9238	-0.0278	Myeloid cell
10369.33	14483.33	0.8203	-0.0117	-0.0365	0.3762	-0.0465	cDC2
10348.83	14359.33	-0.0803	-0.0248	-0.0384	0.6968	-0.0407	Myeloid cell
10343.83	14512.83	-0.0584	-0.0002	-0.0198	0.8828	-0.0315	Myeloid cell
10340.33	14417.33	-0.0453	0.0135	-0.0024	0.9165	-0.0164	Myeloid cell
10322.83	14407.83	-0.0606	-0.0511	-0.0567	0.6743	-0.0711	Myeloid cell
10320.83	14403.33	-0.0502	0.0087	-0.0096	0.9111	-0.0212	Myeloid cell
10313.83	14495.33	-0.0261	0.0174	-0.0050	0.8071	-0.0090	Myeloid cell
10313.33	14193.83	-0.0158	0.0110	-0.0032	0.8564	-0.0106	Myeloid cell
10312.83	14362.33	-0.0031	-0.0199	0.4575	-0.0387	-0.0166	cDC1
10308.83	14186.33	-0.0316	0.0144	-0.0016	0.9194	-0.0137	Myeloid cell
10303.33	14068.83	0.1754	-0.0016	-0.0280	0.6665	-0.0243	Myeloid cell
10302.83	14361.83	-0.0404	-0.0237	0.6650	-0.0208	-0.0217	cDC1
10250.83	14276.83	-0.0268	-0.0086	-0.0245	0.7017	-0.0281	Myeloid cell
10221.83	14186.33	-0.0257	0.0160	-0.0065	0.7725	-0.0107	Myeloid cell
10217.33	14412.83	-0.0575	-0.0362	-0.0525	0.6587	-0.0585	Myeloid cell
10175.83	14115.33	-0.0236	0.0154	-0.0079	0.9497	-0.0225	Myeloid cell
10164.83	14167.83	-0.0458	0.0135	-0.0050	0.9736	-0.0222	Myeloid cell
10161.33	14112.83	-0.0121	-0.0156	-0.0309	0.7144	-0.0357	Myeloid cell
10160.33	14159.83	0.0098	0.0124	-0.0121	0.8555	-0.0167	Myeloid cell
10150.33	14184.33	0.1389	0.0015	-0.0221	0.6191	-0.0233	Myeloid cell
10141.33	14562.33	0.0747	0.0021	-0.0106	0.6211	-0.0044	Myeloid cell
10128.33	14167.83	-0.0410	-0.0016	-0.0095	0.8052	-0.0198	Myeloid cell
10126.83	14078.33	-0.0436	0.0057	-0.0108	0.8384	-0.0170	Myeloid cell
10122.83	14071.83	0.1119	0.0023	-0.0145	0.8818	-0.0327	Myeloid cell
10118.33	14289.33	0.5791	-0.0221	-0.0346	0.3198	-0.0102	cDC2
10110.33	14066.33	-0.0355	-0.0013	-0.0151	0.7212	-0.0170	Myeloid cell
10094.83	13987.83	-0.0366	0.0055	-0.0184	0.5508	-0.0149	Myeloid cell
10091.83	13995.33	-0.0785	-0.0184	-0.0358	0.7676	-0.0409	Myeloid cell
10087.83	13997.83	-0.0543	0.0129	-0.0120	0.9194	-0.0258	Myeloid cell
10084.33	14088.83	-0.0622	0.0040	-0.0134	0.8916	-0.0255	Myeloid cell
10032.83	14602.33	0.8994	-0.0281	-0.0319	-0.0193	-0.0359	cDC2
10032.33	14610.83	0.9014	-0.0195	-0.0280	-0.0148	-0.0330	cDC2
10027.33	14120.83	-0.0509	0.0109	-0.0075	0.9253	-0.0222	Myeloid cell
10005.83	14007.33	0.9565	0.0064	-0.0145	0.1938	-0.0220	cDC2
10001.83	14542.33	-0.0443	0.0143	-0.0033	0.9341	-0.0149	Myeloid cell
9995.33	14548.33	-0.0099	0.0096	-0.0152	0.9736	-0.0354	Myeloid cell
9988.83	13964.33	-0.0258	0.0176	0.0016	0.9038	-0.0067	Myeloid cell
9983.83	14571.33	-0.0387	0.0124	-0.0097	0.9712	-0.0291	Myeloid cell
9968.33	14593.33	-0.0390	0.0015	-0.0147	0.8730	-0.0284	Myeloid cell
9959.83	14519.33	-0.0496	-0.0012	-0.0169	0.8345	-0.0234	Myeloid cell
9948.33	13953.83	-0.0559	0.0069	-0.0101	0.9072	-0.0231	Myeloid cell
9943.33	14498.33	-0.0068	0.0104	-0.0069	0.8701	-0.0140	Myeloid cell
9939.83	14238.33	0.3513	-0.0356	-0.0451	0.6294	-0.0290	Myeloid cell
9933.33	14233.83	0.9312	-0.0122	-0.0225	-0.0070	-0.0246	cDC2
9924.83	14618.33	-0.0199	-0.0327	0.0043	0.6128	-0.0394	Myeloid cell
9924.83	14290.83	-0.0815	-0.0687	0.5098	-0.0641	-0.0583	cDC1
10401.33	14911.83	-0.0407	0.0130	-0.0039	0.9072	-0.0122	Myeloid cell
10361.33	15123.33	-0.0019	-0.0129	-0.0063	0.7759	-0.0379	Myeloid cell
10356.33	14655.33	-0.0334	-0.0117	0.6343	-0.0201	-0.0269	cDC1
10351.83	14831.33	0.0167	0.0139	-0.0145	0.5747	-0.0084	Myeloid cell
10340.83	15166.33	0.2686	-0.0009	-0.0229	0.8413	-0.0400	Myeloid cell
10332.33	14945.33	-0.0349	0.0025	-0.0140	0.8428	-0.0193	Myeloid cell
10313.83	15089.33	-0.0033	0.0101	-0.0161	0.6846	-0.0308	Myeloid cell
10311.33	14768.83	-0.0496	0.0031	-0.0108	0.8472	-0.0183	Myeloid cell
10304.83	15031.33	-0.0529	0.0043	-0.0102	0.8628	-0.0235	Myeloid cell
10303.33	14946.83	-0.0050	-0.0083	-0.0267	0.5464	-0.0255	Myeloid cell
10300.33	14771.83	0.0523	-0.0060	-0.0273	0.6416	-0.0360	Myeloid cell
10133.83	14791.83	-0.0573	-0.0203	-0.0476	0.6133	-0.0353	Myeloid cell
10124.33	14791.83	-0.0232	0.0115	-0.0060	0.5596	-0.0044	Myeloid cell
10117.33	14794.83	-0.0433	0.0114	-0.0104	0.6265	-0.0075	Myeloid cell
10108.33	14842.83	0.0001	0.0085	-0.0095	0.8608	-0.0171	Myeloid cell
10083.33	14757.83	0.2024	0.0025	-0.0149	0.6450	-0.0209	Myeloid cell
10079.83	15110.33	0.0499	-0.0234	-0.0385	0.7627	-0.0470	Myeloid cell
10074.83	14742.33	-0.0565	0.0084	-0.0103	0.9478	-0.0242	Myeloid cell
10067.33	14847.83	-0.0485	0.0119	-0.0090	0.9175	-0.0220	Myeloid cell
10051.33	15215.83	-0.0450	0.0025	-0.0122	0.8306	-0.0195	Myeloid cell
10039.83	14828.33	0.0782	-0.0078	-0.0299	0.7202	-0.0337	Myeloid cell
10029.83	15235.33	0.1311	0.0007	-0.0196	0.6016	-0.0198	Myeloid cell
10028.33	15175.83	-0.0040	0.0184	-0.0058	0.9155	-0.0124	Myeloid cell
10024.83	15169.83	-0.0776	-0.0277	-0.0448	0.6797	-0.0598	Myeloid cell
10022.33	15215.83	0.0265	0.0215	0.0055	0.8188	-0.0021	Myeloid cell
10014.83	15218.33	-0.0283	0.0063	-0.0157	0.8188	-0.0210	Myeloid cell
10006.83	14635.83	-0.0425	0.0092	-0.0066	0.9468	-0.0222	Myeloid cell
10005.33	15088.83	-0.0390	0.0064	-0.0089	0.6338	-0.0146	Myeloid cell
9991.33	15244.33	-0.0144	0.0094	-0.0022	0.7998	-0.0102	Myeloid cell
9980.33	15241.83	-0.0504	0.0073	-0.0095	0.8896	-0.0163	Myeloid cell
9967.83	14734.83	-0.0435	0.0179	-0.0014	0.9658	-0.0147	Myeloid cell
9944.33	14742.33	-0.0622	-0.0208	-0.0347	0.6748	-0.0442	Myeloid cell
9939.83	14894.83	-0.0146	-0.0061	-0.0235	0.7651	-0.0327	Myeloid cell
9938.33	14748.33	-0.0629	-0.0068	-0.0226	0.8271	-0.0338	Myeloid cell
9937.33	15276.33	0.8423	-0.0233	-0.0381	0.1522	-0.0565	cDC2
10422.33	15806.33	-0.0403	0.0013	-0.0151	0.7715	0.0148	Myeloid cell
10422.33	15787.33	-0.0461	0.0183	-0.0004	0.9717	-0.0158	Myeloid cell
10416.33	15808.33	-0.0284	0.0150	-0.0035	0.8223	-0.0077	Myeloid cell
10392.83	15760.83	-0.0722	-0.0025	0.0029	0.6245	-0.0045	Myeloid cell
10380.83	15772.33	0.0428	-0.0081	-0.0346	0.7407	-0.0363	Myeloid cell
10368.83	15559.33	0.0178	0.0071	-0.0104	0.9526	-0.0278	Myeloid cell
10343.33	15765.83	-0.0446	0.0029	-0.0082	0.7852	-0.0154	Myeloid cell
10336.83	15798.83	-0.0682	-0.0009	-0.0187	0.8745	-0.0356	Myeloid cell
10333.83	15569.83	-0.0474	0.0041	-0.0087	0.8545	-0.0223	Myeloid cell
10331.83	15840.33	-0.0421	0.0178	-0.0007	0.9434	-0.0122	Myeloid cell
10330.33	15782.83	-0.0379	0.0009	-0.0157	0.8672	-0.0212	Myeloid cell
10328.83	15925.33	-0.0567	-0.0003	-0.0123	0.9038	-0.0229	Myeloid cell
10326.33	15646.33	-0.0117	0.0045	-0.0265	0.8340	-0.0288	Myeloid cell
10317.33	15551.83	-0.0439	-0.0042	-0.0129	0.7671	-0.0190	Myeloid cell
10308.83	15734.33	-0.0657	-0.0155	-0.0402	0.6689	-0.0436	Myeloid cell
10301.33	15529.83	-0.0483	-0.0000	-0.0149	0.8628	-0.0238	Myeloid cell
10299.33	15713.83	0.0371	-0.0112	-0.0272	0.6533	-0.0288	Myeloid cell
10283.33	15664.33	-0.0370	-0.0020	-0.0129	0.8555	-0.0246	Myeloid cell
10265.33	15844.83	-0.0537	0.0132	-0.0051	0.9434	-0.0180	Myeloid cell
10264.83	15707.83	-0.0558	0.0077	-0.0096	0.9077	-0.0229	Myeloid cell
10262.33	15686.33	-0.0243	0.0102	-0.0054	0.8818	-0.0138	Myeloid cell
10245.83	15709.33	-0.0497	-0.0153	-0.0280	0.7783	-0.0346	Myeloid cell
10230.83	15698.33	0.0188	-0.0167	-0.0353	0.6270	-0.0382	Myeloid cell
10211.33	15861.33	-0.0338	0.0127	-0.0139	0.7285	-0.0136	Myeloid cell
10184.33	15702.33	-0.0183	0.0157	-0.0081	0.9648	-0.0258	Myeloid cell
10179.33	15809.83	0.7744	0.0156	-0.0121	0.8652	-0.0296	Double pos cDC2
10166.83	15835.33	-0.0528	0.0027	-0.0120	0.8311	-0.0204	Myeloid cell
10165.33	15743.33	0.0329	-0.0011	-0.0201	0.8071	-0.0238	Myeloid cell
10155.83	15751.33	-0.0548	-0.0368	-0.0616	0.6250	-0.0632	Myeloid cell
10153.83	15852.83	-0.0221	-0.0041	-0.0204	0.6982	-0.0338	Myeloid cell
10140.33	15846.33	-0.0651	-0.0149	-0.0175	0.7285	-0.0429	Myeloid cell
10125.83	15776.83	-0.0573	-0.0021	-0.0170	0.7729	-0.0222	Myeloid cell
10119.33	15908.33	-0.0542	0.0041	-0.0145	0.8818	-0.0228	Myeloid cell
10082.83	15866.83	-0.0171	0.0131	-0.0073	0.7881	-0.0153	Myeloid cell
10048.33	15808.83	-0.0665	0.0016	-0.0131	0.7456	-0.0091	Myeloid cell
10039.33	15818.83	0.0058	0.0107	-0.0203	0.6108	-0.0260	Myeloid cell
10031.83	15351.33	0.0094	-0.0210	-0.0316	0.7485	-0.0487	Myeloid cell
10030.83	15547.83	0.1219	-0.0024	-0.0206	0.8525	-0.0301	Myeloid cell
10019.83	15908.83	-0.0160	-0.0090	-0.0066	0.6187	-0.0136	Myeloid cell
10016.83	15810.33	0.2343	0.0237	-0.0096	0.6553	-0.0330	Myeloid cell
10004.83	15779.33	-0.0460	0.0141	-0.0023	0.9434	-0.0172	Myeloid cell
9995.83	15853.33	-0.0511	0.0042	-0.0111	0.8696	-0.0225	Myeloid cell
9991.33	15868.33	-0.0313	0.0059	-0.0151	0.8823	-0.0246	Myeloid cell
9980.83	15854.33	-0.0508	-0.0070	-0.0199	0.8364	-0.0263	Myeloid cell
9980.33	15445.33	-0.0189	-0.0040	-0.0257	0.6885	-0.0386	Myeloid cell
9977.33	15849.33	-0.0549	-0.0075	-0.0219	0.8208	-0.0237	Myeloid cell
9977.33	15436.83	-0.0194	-0.0027	-0.0217	0.7500	-0.0220	Myeloid cell
9944.33	15478.83	-0.0106	-0.0078	-0.0267	0.7212	-0.0272	Myeloid cell
9935.83	15445.83	-0.0423	0.0108	-0.0140	0.9312	-0.0259	Myeloid cell
9928.33	15952.33	0.0048	0.0089	-0.0149	0.7783	-0.0195	Myeloid cell
10416.83	16365.33	-0.0929	-0.0024	-0.0018	0.5762	0.0021	Myeloid cell
10415.83	16406.33	-0.0527	0.0108	-0.0064	0.9282	-0.0169	Myeloid cell
10407.33	16415.83	-0.0690	-0.0070	0.0106	0.7427	-0.0204	Myeloid cell
10406.83	16373.83	-0.0567	0.0014	-0.0135	0.8833	-0.0259	Myeloid cell
10401.33	16428.33	-0.0535	0.0048	-0.0117	0.8936	-0.0234	Myeloid cell
10396.83	16382.33	0.6694	-0.0263	-0.0533	0.5376	-0.0398	Double pos cDC2
10393.83	16388.33	0.6387	-0.0148	-0.0391	0.7036	-0.0472	Double pos cDC2
10392.83	16326.83	-0.0473	0.0164	0.0003	0.9307	-0.0157	Myeloid cell
10391.33	16401.33	-0.0382	0.0087	-0.0047	0.6987	-0.0120	Myeloid cell
10388.33	16443.33	-0.0496	0.0126	-0.0048	0.9229	-0.0161	Myeloid cell
10385.33	16416.33	-0.1039	-0.0028	-0.0255	0.7954	-0.0278	Myeloid cell
10364.33	16440.83	-0.0072	0.0182	0.0023	0.9292	-0.0100	Myeloid cell
10361.83	16453.33	-0.0401	0.0174	0.0027	0.8921	-0.0098	Myeloid cell
10360.33	16122.83	0.1494	-0.0124	-0.0308	0.8057	-0.0370	Myeloid cell
10353.33	16499.83	-0.0179	0.0006	-0.0171	0.5269	-0.0122	Myeloid cell
10346.83	16418.33	-0.0429	0.0183	0.0027	0.8960	-0.0099	Myeloid cell
10342.83	16330.83	0.0053	0.0212	0.0049	0.8955	-0.0038	Myeloid cell
10336.83	16488.33	-0.0696	-0.0111	-0.0146	0.5391	-0.0296	Myeloid cell
10336.33	16434.83	-0.0527	0.0077	-0.0088	0.9014	-0.0222	Myeloid cell
10332.83	16410.83	-0.0404	0.0118	-0.0057	0.9160	-0.0173	Myeloid cell
10331.83	16392.83	-0.0500	-0.0023	-0.0207	0.7124	-0.0277	Myeloid cell
10317.33	16187.33	0.0098	-0.0250	-0.0434	0.6816	-0.0593	Myeloid cell
10312.83	16426.83	-0.0549	0.0112	-0.0072	0.9258	-0.0175	Myeloid cell
10309.83	16506.33	-0.0497	0.0150	-0.0037	0.9517	-0.0179	Myeloid cell
10307.83	16414.83	-0.0388	0.0098	-0.0077	0.9263	-0.0160	Myeloid cell
10306.83	16437.83	-0.0481	0.0117	-0.0045	0.9316	-0.0197	Myeloid cell
10289.83	16187.83	-0.0539	-0.0132	-0.0333	0.8140	-0.0388	Myeloid cell
10289.33	16351.83	-0.0528	0.0031	-0.0114	0.8535	-0.0217	Myeloid cell
10284.33	16486.83	-0.0457	0.0101	-0.0039	0.8701	-0.0157	Myeloid cell
10276.83	16486.33	-0.0411	0.0089	-0.0026	0.8633	-0.0140	Myeloid cell
10276.83	16390.83	-0.0565	0.0096	-0.0089	0.9160	-0.0202	Myeloid cell
10271.33	16411.33	-0.0178	0.0032	-0.0169	0.5522	-0.0112	Myeloid cell
10253.83	16240.33	-0.0509	0.0165	0.0005	0.9233	-0.0158	Myeloid cell
10250.83	16409.33	-0.0170	0.0201	0.0058	0.9214	-0.0053	Myeloid cell
10231.33	16457.83	-0.0191	0.0202	0.0103	0.8989	-0.0030	Myeloid cell
10228.83	16080.83	0.0087	0.0013	-0.0145	0.6953	-0.0182	Myeloid cell
10227.83	16428.33	-0.0457	0.8276	-0.0392	-0.0278	-0.0324	pDC
10226.83	16053.83	0.0571	0.0185	-0.0091	0.6167	-0.0015	Myeloid cell
10206.33	16080.33	-0.0476	0.0094	-0.0072	0.9082	-0.0174	Myeloid cell
10201.33	16459.33	-0.0253	0.0090	-0.0006	0.8086	-0.0093	Myeloid cell
10194.33	16305.83	-0.0299	0.0100	-0.0105	0.6777	-0.0110	Myeloid cell
10183.83	16272.83	-0.0515	0.0054	-0.0107	0.9019	-0.0249	Myeloid cell
10151.83	16348.33	-0.0471	-0.0192	-0.0322	0.6978	-0.0356	Myeloid cell
10057.83	16457.83	-0.0521	0.0120	-0.0055	0.9390	-0.0189	Myeloid cell
10041.33	16435.83	-0.0522	0.0151	-0.0070	0.9395	-0.0202	Myeloid cell
10025.33	16393.83	-0.0477	0.0079	-0.0120	0.8877	-0.0211	Myeloid cell
10022.33	15960.83	-0.0395	-0.0022	0.0199	0.5337	0.0178	Myeloid cell
10011.33	16383.33	-0.0398	-0.0449	-0.0594	0.6904	-0.0657	Myeloid cell
10004.83	15981.33	-0.0540	-0.0210	-0.0327	0.6313	-0.0372	Myeloid cell
9990.83	15988.33	-0.0419	0.0091	-0.0064	0.9170	-0.0198	Myeloid cell
9984.83	16184.83	-0.0176	0.0121	-0.0096	0.8867	-0.0198	Myeloid cell
9977.83	16171.83	-0.0496	0.0069	-0.0104	0.9033	-0.0199	Myeloid cell
10917.83	13883.33	-0.0172	0.0097	-0.0098	0.5234	-0.0156	Myeloid cell
10913.33	13931.83	-0.0392	-0.0012	-0.0164	0.8652	-0.0280	Myeloid cell
10910.83	13728.33	-0.0446	0.0078	-0.0084	0.9028	-0.0195	Myeloid cell
10899.83	13768.83	-0.0376	0.0227	0.0050	0.9956	-0.0118	Myeloid cell
10878.83	13774.33	-0.0399	-0.0009	-0.0184	0.6611	-0.0108	Myeloid cell
10866.83	13752.33	-0.0432	0.0155	-0.0012	0.9395	-0.0124	Myeloid cell
10865.33	13932.33	0.0092	0.0150	-0.0134	0.8760	-0.0229	Myeloid cell
10863.33	13828.83	0.3894	-0.0236	-0.0453	0.6260	-0.0558	Myeloid cell
10851.33	13926.83	-0.0225	0.0209	-0.0062	0.6094	-0.0043	Myeloid cell
10847.33	13793.83	0.0564	-0.0110	-0.0259	0.7544	-0.0282	Myeloid cell
10843.83	13950.33	-0.0690	0.0026	-0.0189	0.8574	-0.0263	Myeloid cell
10842.83	13753.33	-0.0478	0.0128	-0.0041	0.9150	-0.0187	Myeloid cell
10840.83	13944.33	-0.0440	0.0084	-0.0025	0.8901	-0.0174	Myeloid cell
10830.83	13728.83	0.3652	0.0090	-0.0142	0.8853	-0.0266	Myeloid cell
10824.83	13742.83	0.0079	-0.0224	-0.0298	0.8276	-0.0443	Myeloid cell
10816.33	13660.33	-0.0314	0.0203	0.0026	0.8496	-0.0076	Myeloid cell
10803.83	13775.33	-0.0359	0.0163	0.0001	0.9048	-0.0102	Myeloid cell
10800.83	13926.83	-0.0455	0.0176	0.0014	1.0029	-0.0203	Myeloid cell
10781.33	13796.33	0.0247	0.0061	-0.0247	0.7617	-0.0394	Myeloid cell
10777.83	13681.83	0.0738	-0.0308	-0.0635	0.7012	-0.0628	Myeloid cell
10765.33	13919.33	-0.0521	0.0083	-0.0100	0.9146	-0.0235	Myeloid cell
10762.33	13779.33	-0.0560	-0.0006	-0.0163	0.8535	-0.0279	Myeloid cell
10753.33	13882.33	-0.0549	0.0074	-0.0094	0.9224	-0.0214	Myeloid cell
10747.83	13715.33	-0.0446	0.0161	-0.0025	0.9512	-0.0141	Myeloid cell
10742.33	13923.83	-0.0594	-0.0082	-0.0177	0.7744	-0.0248	Myeloid cell
10712.83	13792.83	-0.0689	0.0056	0.0083	0.6191	-0.0010	Myeloid cell
10712.33	13770.33	-0.0556	0.0003	-0.0145	0.8516	-0.0285	Myeloid cell
10701.83	13859.83	1.0186	-0.0139	-0.0177	-0.0079	-0.0183	cDC2
10700.33	13929.83	-0.0167	0.0056	-0.0117	0.8887	-0.0196	Myeloid cell
10692.83	13746.83	-0.0577	0.0024	-0.0135	0.8882	-0.0250	Myeloid cell
10690.83	13855.83	-0.0496	-0.0014	-0.0112	0.7979	-0.0219	Myeloid cell
10686.33	13801.33	-0.0576	0.0090	-0.0091	0.9170	-0.0208	Myeloid cell
10664.83	13919.83	0.1716	-0.0035	-0.0166	0.6362	-0.0298	Myeloid cell
10661.33	13769.33	0.8784	-0.0247	-0.0328	0.0548	-0.0445	cDC2
10620.33	13651.83	-0.0457	0.0235	0.0036	1.0195	-0.0157	Myeloid cell
10614.83	13919.33	-0.0468	0.0144	-0.0042	0.9468	-0.0167	Myeloid cell
10597.33	13769.33	-0.0571	0.0135	-0.0056	0.9492	-0.0223	Myeloid cell
10572.33	13888.83	-0.0511	0.0065	-0.0104	0.8755	-0.0191	Myeloid cell
10568.33	13631.83	-0.0442	0.0133	-0.0033	0.9248	-0.0149	Myeloid cell
10563.33	13704.83	-0.0637	-0.0069	-0.0204	0.8306	-0.0307	Myeloid cell
10555.33	13703.33	-0.0388	0.0161	-0.0013	0.9429	-0.0117	Myeloid cell
10553.83	13864.83	-0.0525	0.0095	-0.0085	0.9097	-0.0177	Myeloid cell
10553.83	13781.33	-0.0452	0.0216	0.0004	0.9023	-0.0072	Myeloid cell
10546.83	13924.83	-0.0453	0.0002	-0.0238	0.6655	-0.0237	Myeloid cell
10526.33	13755.83	-0.0418	0.0164	-0.0002	0.9448	-0.0123	Myeloid cell
10524.83	13899.33	-0.0425	0.0140	-0.0027	0.9165	-0.0152	Myeloid cell
10486.33	13655.83	-0.0465	-0.0048	-0.0143	0.8096	-0.0239	Myeloid cell
10477.83	13658.33	-0.0221	0.0150	0.0006	0.8994	-0.0097	Myeloid cell
10467.33	13891.33	-0.0334	0.0104	-0.0067	0.7959	-0.0136	Myeloid cell
10922.33	14034.83	-0.0450	0.0117	-0.0046	0.9009	-0.0139	Myeloid cell
10918.83	14145.33	-0.0229	0.0188	-0.0024	0.9370	-0.0106	Myeloid cell
10918.33	14017.83	-0.0298	0.0155	-0.0007	0.9434	-0.0115	Myeloid cell
10916.83	14257.33	-0.0532	-0.0002	-0.0142	0.8594	-0.0205	Myeloid cell
10912.33	14099.83	0.0004	0.0150	0.0022	0.8945	-0.0075	Myeloid cell
10907.33	13965.83	-0.0434	0.0190	-0.0016	0.9712	-0.0152	Myeloid cell
10894.33	13953.83	-0.0555	-0.0122	-0.0130	0.7227	-0.0289	Myeloid cell
10893.83	14511.83	-0.0191	-0.0011	-0.0222	0.8638	-0.0315	Myeloid cell
10892.83	14288.83	-0.0410	-0.0367	0.4426	-0.0343	-0.0280	cDC1
10891.83	14114.33	-0.0587	0.0133	-0.0096	0.9541	-0.0257	Myeloid cell
10887.83	14594.33	-0.0503	0.0108	-0.0056	0.9282	-0.0166	Myeloid cell
10885.83	14095.33	-0.0488	0.0165	-0.0026	0.9727	-0.0200	Myeloid cell
10877.83	14563.83	-0.0092	-0.0175	-0.0096	0.6870	-0.0475	Myeloid cell
10877.83	14010.33	-0.0400	0.0039	-0.0158	0.7280	-0.0184	Myeloid cell
10877.33	14570.33	-0.0032	0.0062	-0.0160	0.7900	-0.0201	Myeloid cell
10874.83	14439.83	-0.0448	-0.0052	-0.0212	0.8604	-0.0308	Myeloid cell
10845.33	13992.33	-0.0576	0.0066	-0.0108	0.9019	-0.0207	Myeloid cell
10832.33	14037.33	-0.0224	-0.0198	0.6992	-0.0205	-0.0168	cDC1
10824.33	13981.83	-0.0675	0.0072	-0.0137	0.6831	-0.0293	Myeloid cell
10814.33	14238.83	0.0775	-0.0228	-0.0437	0.7124	-0.0467	Myeloid cell
10809.83	14466.83	-0.0588	0.0101	-0.0077	0.9614	-0.0254	Myeloid cell
10801.83	14400.33	-0.0356	-0.0109	-0.0280	0.8066	-0.0320	Myeloid cell
10801.33	13979.83	-0.0388	0.0175	0.0005	0.9443	-0.0101	Myeloid cell
10800.33	13953.83	-0.0583	0.0071	-0.0114	0.9409	-0.0298	Myeloid cell
10799.33	14500.83	-0.0673	-0.0085	-0.0366	0.6157	-0.0294	Myeloid cell
10760.33	14605.33	-0.0363	0.0063	-0.0069	0.8701	-0.0179	Myeloid cell
10758.33	14184.83	0.0519	0.0043	-0.0164	0.7002	-0.0182	Myeloid cell
10758.33	14159.83	-0.0617	0.0042	-0.0108	0.9272	-0.0311	Myeloid cell
10742.33	14268.33	0.3760	0.0440	-0.0246	0.6709	-0.0053	Myeloid cell
10705.83	14174.83	0.0354	0.0054	-0.0059	0.7725	-0.0162	Myeloid cell
10705.33	14051.83	0.1220	0.0054	-0.0077	0.6182	-0.0091	Myeloid cell
10693.83	14099.83	-0.1027	-0.0113	0.0115	0.6064	-0.0157	Myeloid cell
10683.33	14143.83	0.0274	0.0023	-0.0102	0.7910	-0.0165	Myeloid cell
10672.83	14119.83	-0.0539	0.0079	-0.0087	0.9033	-0.0190	Myeloid cell
10669.33	14445.33	-0.1071	-0.0529	-0.0738	0.6475	-0.0753	Myeloid cell
10665.33	14226.83	-0.0473	-0.0059	-0.0188	0.8174	-0.0236	Myeloid cell
10660.33	14174.83	-0.0169	0.0023	-0.0210	0.5293	-0.0141	Myeloid cell
10647.83	14119.33	-0.0470	-0.0119	-0.0235	0.8115	-0.0344	Myeloid cell
10645.83	14480.83	-0.0292	0.0002	-0.0135	0.6665	-0.0166	Myeloid cell
10645.83	14155.83	0.0752	0.0077	-0.0312	0.7080	-0.0295	Myeloid cell
10640.83	14339.83	0.0197	-0.0167	-0.0205	0.8862	-0.0458	Myeloid cell
10640.83	14066.33	-0.0363	0.0062	-0.0081	0.6846	-0.0088	Myeloid cell
10637.83	14125.33	-0.0665	-0.0175	-0.0594	0.6924	-0.0491	Myeloid cell
10636.33	14154.83	-0.0794	0.0034	-0.0250	0.7769	-0.0279	Myeloid cell
10634.33	14098.83	0.8677	-0.0278	-0.0343	-0.0235	-0.0402	cDC2
10628.83	14098.33	0.6318	-0.0776	-0.0815	0.3577	-0.1019	cDC2
10626.83	14081.33	-0.0534	0.0092	-0.0063	0.9443	-0.0259	Myeloid cell
10589.33	14601.83	-0.0260	-0.0000	-0.0169	0.5830	-0.0284	Myeloid cell
10573.33	14161.83	-0.0147	0.0088	0.0030	0.8335	-0.0125	Myeloid cell
10502.83	14608.83	-0.0726	-0.0048	-0.0206	0.8652	-0.0364	Myeloid cell
10502.33	14612.83	-0.0748	-0.0215	-0.0342	0.7842	-0.0470	Myeloid cell
10491.33	14419.33	-0.0437	0.0130	-0.0029	0.9116	-0.0134	Myeloid cell
10490.33	14187.33	-0.0168	0.0084	-0.0125	0.6548	-0.0134	Myeloid cell
10480.83	14214.83	-0.0484	0.0031	0.0063	0.7534	-0.0205	Myeloid cell
10475.83	14355.83	-0.0414	0.0121	-0.0057	0.9170	-0.0138	Myeloid cell
10458.33	13953.83	-0.0319	0.0194	0.0031	0.9468	-0.0085	Myeloid cell
10441.33	14528.33	-0.0549	0.0132	-0.0029	0.9434	-0.0217	Myeloid cell
10434.83	14373.33	-0.0541	-0.0023	-0.0186	0.6768	-0.0175	Myeloid cell
10914.33	14827.83	-0.0430	-0.0131	-0.0033	0.8037	-0.0330	Myeloid cell
10910.83	15259.83	-0.0430	0.0035	-0.0128	0.8916	-0.0229	Myeloid cell
10909.33	15155.33	0.0524	-0.0241	-0.0467	0.7251	-0.0621	Myeloid cell
10903.83	14834.83	0.0341	0.0101	-0.0044	0.8696	-0.0135	Myeloid cell
10901.83	15284.33	0.0079	0.0081	-0.0102	0.7803	-0.0144	Myeloid cell
10901.83	14730.83	0.3411	0.0161	0.0630	0.6211	-0.0268	Myeloid cell
10899.33	14718.33	-0.0613	-0.0040	-0.0199	0.8428	-0.0284	Myeloid cell
10898.33	14724.33	-0.0295	-0.0176	-0.0378	0.7817	-0.0274	Myeloid cell
10886.83	15006.83	-0.0499	0.0049	-0.0102	0.8931	-0.0207	Myeloid cell
10879.83	15216.33	-0.0340	0.0126	-0.0050	0.9194	-0.0188	Myeloid cell
10878.33	14925.33	-0.0560	0.0113	-0.0082	0.9287	-0.0234	Myeloid cell
10865.83	14899.33	-0.0646	0.0013	-0.0147	0.8833	-0.0319	Myeloid cell
10863.33	15041.33	-0.0532	0.0044	-0.0124	0.9019	-0.0265	Myeloid cell
10862.83	15221.33	-0.0302	0.0154	-0.0089	0.7651	-0.0106	Myeloid cell
10856.33	14791.83	-0.0260	0.0036	-0.0067	0.8594	-0.0216	Myeloid cell
10853.33	15260.83	-0.0440	0.0127	-0.0004	0.8931	-0.0141	Myeloid cell
10851.33	14723.33	-0.0364	0.0186	0.0018	0.9536	-0.0114	Myeloid cell
10844.83	14938.83	-0.0453	-0.0139	-0.0307	0.7925	-0.0396	Myeloid cell
10843.33	15051.33	-0.0241	-0.0011	-0.0186	0.8760	-0.0263	Myeloid cell
10842.83	14901.83	-0.0244	0.0089	-0.0163	0.9214	-0.0279	Myeloid cell
10835.83	14658.33	-0.0639	-0.0276	-0.0437	0.5464	-0.0498	Myeloid cell
10835.33	15085.33	-0.0372	0.0146	0.0007	0.8906	-0.0099	Myeloid cell
10814.83	14718.83	-0.0366	0.0178	-0.0027	0.9609	-0.0171	Myeloid cell
10812.83	15260.83	-0.0453	0.0087	-0.0080	0.9243	-0.0199	Myeloid cell
10812.83	15011.83	0.0448	-0.0017	-0.0320	0.6401	-0.0270	Myeloid cell
10812.33	14622.83	-0.0442	0.0186	-0.0000	0.9673	-0.0137	Myeloid cell
10806.33	15013.83	0.0393	0.0016	-0.0108	0.8555	-0.0241	Myeloid cell
10803.83	14636.83	-0.0484	0.0022	-0.0114	0.8667	-0.0189	Myeloid cell
10797.33	14637.33	-0.0545	-0.0061	-0.0212	0.8447	-0.0313	Myeloid cell
10796.33	15141.83	-0.0451	0.0011	-0.0140	0.8569	-0.0196	Myeloid cell
10782.33	14628.33	-0.0500	0.0054	-0.0054	0.0118	0.8335	B cell
10781.83	15066.83	-0.0505	0.0059	-0.0126	0.9448	-0.0299	Myeloid cell
10773.33	14631.83	-0.0475	0.0036	-0.0155	0.5981	-0.0139	Myeloid cell
10768.33	14963.83	-0.0683	-0.0152	-0.0262	0.7583	-0.0319	Myeloid cell
10759.33	14855.83	-0.0477	0.0054	0.0027	0.7490	-0.0200	Myeloid cell
10759.33	14669.33	0.0454	0.0113	-0.0097	0.8052	-0.0252	Myeloid cell
10752.83	15225.33	-0.0482	-0.0223	-0.0378	0.7139	-0.0339	Myeloid cell
10749.83	15131.33	0.0309	-0.0142	-0.0302	0.7432	-0.0382	Myeloid cell
10747.83	14726.33	-0.0280	0.0004	-0.0076	0.8442	-0.0145	Myeloid cell
10713.33	14898.33	-0.0525	0.0119	-0.0064	0.9189	-0.0171	Myeloid cell
10711.83	15146.83	-0.0440	0.0056	-0.0099	0.8750	-0.0190	Myeloid cell
10706.33	14899.33	-0.0493	0.0038	-0.0076	0.6523	-0.0187	Myeloid cell
10697.83	14635.33	-0.0401	0.0127	-0.0051	0.9087	-0.0142	Myeloid cell
10686.33	15288.33	-0.0397	0.0100	-0.0110	0.9136	-0.0218	Myeloid cell
10680.83	15224.83	0.0434	0.0071	-0.0046	0.6440	-0.0210	Myeloid cell
10680.83	15123.33	-0.0453	0.0002	-0.0153	0.7700	-0.0177	Myeloid cell
10679.83	14940.83	0.0262	0.0012	-0.0163	0.8008	-0.0254	Myeloid cell
10677.83	15169.83	-0.0512	-0.0226	-0.0550	0.5732	-0.0402	Myeloid cell
10676.33	14703.83	-0.0412	0.0128	-0.0038	0.9062	-0.0142	Myeloid cell
10668.83	14689.83	-0.0659	-0.0126	-0.0131	0.7612	-0.0362	Myeloid cell
10665.83	15134.83	0.0031	0.0135	-0.0058	0.8848	-0.0172	Myeloid cell
10660.33	15219.83	-0.0193	0.0111	-0.0096	0.7378	-0.0136	Myeloid cell
10659.83	15242.83	-0.0031	0.0096	-0.0113	0.7109	-0.0196	Myeloid cell
10645.33	14826.33	-0.0604	0.0016	-0.0132	0.8511	-0.0250	Myeloid cell
10644.33	15104.83	0.0076	-0.0084	-0.0374	0.5562	-0.0385	Myeloid cell
10624.83	14700.83	-0.0878	-0.0048	-0.0036	0.7139	-0.0238	Myeloid cell
10618.83	14946.33	-0.0399	-0.0199	-0.0432	0.6704	-0.0548	Myeloid cell
10617.33	15101.83	-0.0436	0.0135	-0.0044	0.9355	-0.0163	Myeloid cell
10615.83	14958.33	-0.0323	-0.0147	-0.0373	0.5718	-0.0264	Myeloid cell
10593.33	14713.33	-0.0280	0.0096	-0.0005	0.8604	-0.0135	Myeloid cell
10592.33	14851.83	-0.0350	0.0304	0.0037	0.8936	-0.0024	Myeloid cell
10589.33	14636.83	-0.0555	-0.0051	-0.0136	0.6743	-0.0166	Myeloid cell
10581.83	14626.33	0.9102	-0.0242	-0.0292	-0.0250	-0.0338	cDC2
10578.83	14630.33	0.8618	-0.0290	-0.0350	-0.0333	-0.0368	cDC2
10566.83	15084.83	-0.0691	-0.0058	-0.0208	0.8745	-0.0370	Myeloid cell
10543.33	14756.83	-0.0485	0.0162	-0.0025	0.9570	-0.0167	Myeloid cell
10499.33	14809.83	0.1343	-0.0204	-0.0375	0.6406	-0.0573	Myeloid cell
10494.33	14814.33	0.4644	-0.0036	-0.0261	0.7144	-0.0471	Double pos cDC2
10482.33	15264.83	-0.0545	-0.0019	-0.0149	0.8438	-0.0251	Myeloid cell
10430.83	14774.83	-0.0456	-0.0171	-0.0417	0.7407	-0.0504	Myeloid cell
10922.33	15868.83	-0.0444	0.0099	-0.0077	0.9385	-0.0188	Myeloid cell
10919.83	15372.33	-0.0548	0.0043	-0.0008	0.8022	-0.0192	Myeloid cell
10917.83	15725.33	-0.0286	0.0173	0.0003	0.9087	-0.0077	Myeloid cell
10917.83	15577.83	-0.0464	0.0100	-0.0069	0.9131	-0.0170	Myeloid cell
10917.83	15399.83	-0.0481	0.0102	-0.0068	0.9243	-0.0173	Myeloid cell
10914.83	15599.83	-0.0453	0.0151	-0.0030	0.9375	-0.0126	Myeloid cell
10908.83	15321.83	-0.0659	-0.0101	-0.0233	0.8208	-0.0341	Myeloid cell
10904.33	15599.33	-0.0741	-0.0111	-0.0311	0.7744	-0.0023	Myeloid cell
10900.83	15324.33	-0.0392	0.0140	-0.0031	0.9302	-0.0142	Myeloid cell
10898.33	15601.83	-0.0517	0.0068	-0.0106	0.8193	-0.0048	Myeloid cell
10890.33	15682.33	0.0468	-0.0164	-0.0275	0.7773	-0.0291	Myeloid cell
10888.83	15630.83	-0.0558	0.0030	-0.0111	0.8350	-0.0221	Myeloid cell
10876.83	15464.33	-0.0481	0.0027	-0.0113	0.8687	-0.0153	Myeloid cell
10865.83	15468.33	-0.0490	0.0065	-0.0096	0.8911	-0.0206	Myeloid cell
10865.83	15295.83	0.0465	-0.0356	-0.0495	0.6465	-0.0552	Myeloid cell
10863.83	15921.83	-0.0804	-0.0422	-0.0486	0.5327	-0.0590	Myeloid cell
10861.33	15304.33	0.1355	-0.0096	-0.0296	0.8340	-0.0395	Myeloid cell
10856.33	15422.33	-0.0601	0.0010	-0.0128	0.8325	-0.0240	Myeloid cell
10851.33	15741.33	-0.0399	-0.0072	-0.0223	0.8555	-0.0399	Myeloid cell
10848.83	15457.83	-0.0610	0.0054	-0.0124	0.9028	-0.0259	Myeloid cell
10843.33	15414.33	-0.0535	0.0102	-0.0070	0.9170	-0.0213	Myeloid cell
10837.83	15415.33	-0.0821	-0.0291	-0.0361	0.6787	-0.0469	Myeloid cell
10824.83	15957.33	-0.0586	0.0074	-0.0096	0.9160	-0.0256	Myeloid cell
10811.33	15446.83	-0.0611	0.0064	-0.0109	0.9263	-0.0245	Myeloid cell
10803.33	15925.83	-0.0566	0.0073	-0.0121	0.9067	-0.0246	Myeloid cell
10802.83	15862.83	-0.0349	-0.0000	-0.0163	0.8325	-0.0186	Myeloid cell
10795.33	15809.83	-0.1164	0.0038	0.0144	0.5928	0.0066	Myeloid cell
10793.33	15768.83	-0.0555	0.0126	-0.0037	0.9502	-0.0227	Myeloid cell
10790.33	15827.83	-0.0500	0.0133	-0.0053	0.9429	-0.0165	Myeloid cell
10786.83	15397.83	-0.0436	-0.0085	-0.0142	0.7329	-0.0291	Myeloid cell
10783.33	15444.33	-0.0489	0.0044	-0.0120	0.8716	-0.0209	Myeloid cell
10780.83	15398.83	-0.0276	-0.0099	-0.0290	0.8022	-0.0358	Myeloid cell
10777.33	15459.83	-0.0543	-0.0016	-0.0118	0.7969	-0.0216	Myeloid cell
10776.83	15484.83	-0.0699	-0.0164	-0.0314	0.7925	-0.0377	Myeloid cell
10767.33	15380.33	0.1016	0.0033	-0.0186	0.8921	-0.0326	Myeloid cell
10763.33	15565.83	0.1782	0.0099	-0.0121	0.6821	-0.0098	Myeloid cell
10756.83	15311.33	0.1177	0.0262	-0.0011	0.9834	-0.0155	Myeloid cell
10743.83	15541.83	-0.0431	0.0158	-0.0021	0.9546	-0.0162	Myeloid cell
10739.33	15783.33	-0.0439	0.0123	-0.0078	0.8970	-0.0128	Myeloid cell
10735.33	15368.83	0.2267	-0.0218	-0.0408	0.6865	-0.0467	Myeloid cell
10734.33	15712.83	-0.0436	0.0138	-0.0028	0.9282	-0.0160	Myeloid cell
10693.33	15626.33	0.0137	-0.0108	-0.0252	0.7661	-0.0295	Myeloid cell
10692.83	15840.83	-0.0461	0.0161	-0.0028	0.9487	-0.0145	Myeloid cell
10688.33	15858.33	0.0591	-0.0048	-0.0191	0.9009	-0.0388	Myeloid cell
10675.33	15864.83	0.0804	-0.0247	-0.0438	0.7856	-0.0489	Myeloid cell
10672.33	15791.33	-0.0233	0.0094	-0.0101	0.8745	-0.0240	Myeloid cell
10658.83	15910.83	-0.0609	0.0013	-0.0145	0.8750	-0.0273	Myeloid cell
10652.33	15811.83	-0.0057	-0.0109	-0.0371	0.5146	-0.0289	Myeloid cell
10642.33	15946.33	-0.0528	0.0073	-0.0054	0.8853	-0.0213	Myeloid cell
10633.33	15930.33	-0.0462	0.0164	-0.0020	0.9541	-0.0149	Myeloid cell
10610.83	15403.33	-0.0493	0.0043	-0.0132	0.9229	-0.0251	Myeloid cell
10589.83	15531.33	0.0426	-0.0218	-0.0432	0.6230	-0.0403	Myeloid cell
10577.33	15332.83	0.3474	0.0006	-0.0240	0.3027	0.1024	Other cell
10573.33	15338.33	-0.0396	0.0013	-0.0168	0.8369	-0.0287	Myeloid cell
10569.83	15331.33	-0.0303	0.0056	-0.0188	0.8184	-0.0276	Myeloid cell
10566.83	15320.33	0.5962	-0.0177	-0.0449	0.6719	-0.0569	Double pos cDC2
10562.33	15299.33	0.0092	-0.0390	-0.0633	0.7329	-0.0739	Myeloid cell
10558.33	15301.33	0.0342	-0.0186	-0.0361	0.6899	-0.0478	Myeloid cell
10553.83	15307.33	0.0640	-0.0154	-0.0359	0.7002	-0.0434	Myeloid cell
10496.33	15542.33	0.0113	-0.0130	-0.0311	0.8311	-0.0476	Myeloid cell
10494.33	15837.33	0.0410	-0.0126	-0.0317	0.5498	-0.0281	Myeloid cell
10493.83	15883.33	-0.0540	-0.0008	-0.0156	0.8540	-0.0190	Myeloid cell
10915.83	16287.33	0.0501	0.0128	-0.0173	0.6108	-0.0078	Myeloid cell
10913.33	16092.83	-0.0080	0.0222	-0.0009	0.9263	-0.0060	Myeloid cell
10892.83	16006.83	-0.0569	-0.0112	-0.0195	0.8354	-0.0257	Myeloid cell
10883.33	16379.33	-0.0578	0.0091	-0.0107	0.9287	-0.0233	Myeloid cell
10882.83	15978.33	-0.0498	0.0068	-0.0190	0.8789	-0.0296	Myeloid cell
10879.33	15960.83	0.1174	0.0038	-0.0148	0.8398	-0.0154	Myeloid cell
10860.83	16379.83	-0.0482	0.0111	-0.0075	0.9146	-0.0171	Myeloid cell
10854.33	16381.33	-0.0450	0.0098	-0.0053	0.8271	-0.0141	Myeloid cell
10837.33	16459.33	-0.0481	0.0150	-0.0030	0.9668	-0.0180	Myeloid cell
10828.33	16381.33	-0.0477	-0.0130	-0.0092	0.5479	-0.0234	Myeloid cell
10826.33	16392.33	-0.0535	-0.0111	-0.0232	0.8389	-0.0331	Myeloid cell
10823.83	16330.83	0.0961	0.0078	-0.0091	0.7695	-0.0200	Myeloid cell
10816.83	16444.83	-0.0638	-0.0058	-0.0361	0.7725	-0.0179	Myeloid cell
10815.83	15994.33	-0.0268	0.0041	-0.0156	0.8037	-0.0216	Myeloid cell
10813.33	15968.33	-0.0648	0.0001	-0.0159	0.8745	-0.0299	Myeloid cell
10810.83	15998.83	-0.0399	0.0030	-0.0117	0.8481	-0.0182	Myeloid cell
10802.83	16314.33	0.1960	-0.0273	-0.0447	0.7510	-0.0547	Myeloid cell
10802.33	16380.83	-0.0509	0.0093	-0.0062	0.8984	-0.0186	Myeloid cell
10798.33	16320.83	-0.0399	0.0205	-0.0010	0.9697	-0.0149	Myeloid cell
10791.83	16275.33	-0.0684	-0.0085	-0.0239	0.8232	-0.0355	Myeloid cell
10786.83	16363.33	-0.0588	0.0028	-0.0120	0.8608	-0.0248	Myeloid cell
10782.83	16256.83	-0.0015	0.0082	-0.0124	0.5825	-0.0046	Myeloid cell
10781.33	15975.83	-0.0567	0.0091	-0.0087	0.9272	-0.0226	Myeloid cell
10777.83	16338.33	-0.0082	0.0057	-0.0076	0.8735	-0.0248	Myeloid cell
10776.83	16279.33	0.0488	-0.0113	-0.0282	0.7637	-0.0080	Myeloid cell
10772.33	16343.83	-0.0195	-0.0122	-0.0319	0.7788	-0.0124	Myeloid cell
10767.33	16052.83	-0.0482	-0.0042	-0.0193	0.7002	-0.0223	Myeloid cell
10764.33	16326.33	-0.0499	0.0067	-0.0103	0.8926	-0.0229	Myeloid cell
10752.83	15983.33	-0.0566	0.0050	-0.0110	0.8750	-0.0239	Myeloid cell
10749.83	16000.83	-0.0522	0.0000	-0.0174	0.8560	-0.0286	Myeloid cell
10748.83	16021.83	0.0958	-0.0114	-0.0273	0.7300	-0.0293	Myeloid cell
10739.83	16086.83	-0.0554	0.0120	-0.0082	0.9541	-0.0261	Myeloid cell
10733.83	16282.33	-0.0548	0.0078	-0.0103	0.9072	-0.0240	Myeloid cell
10729.33	16444.33	-0.0480	0.0141	-0.0047	0.9404	-0.0178	Myeloid cell
10728.33	16363.33	-0.0390	0.0206	-0.0051	0.9619	-0.0165	Myeloid cell
10727.83	16130.33	-0.0333	0.0249	0.0106	0.6685	-0.0031	Myeloid cell
10724.33	16059.83	0.0901	-0.0246	-0.0278	0.7290	-0.0540	Myeloid cell
10722.33	16135.33	-0.0473	0.0054	-0.0079	0.8423	-0.0165	Myeloid cell
10722.33	16006.83	0.0296	-0.0090	-0.0249	0.7495	-0.0258	Myeloid cell
10720.83	16381.33	-0.0606	-0.0414	-0.0708	0.6616	-0.0648	Myeloid cell
10715.33	16393.83	-0.0729	0.0072	-0.0173	0.7427	-0.0193	Myeloid cell
10712.33	16146.83	-0.0682	-0.0146	-0.0268	0.7974	-0.0354	Myeloid cell
10709.83	16187.83	-0.0046	-0.0133	-0.0194	0.7368	-0.0222	Myeloid cell
10709.83	16073.83	-0.0350	0.0049	-0.0105	0.8765	-0.0163	Myeloid cell
10706.33	16150.83	-0.0654	0.0036	-0.0136	0.9038	-0.0268	Myeloid cell
10703.83	16162.33	0.1667	-0.0030	-0.0100	0.8403	-0.0291	Myeloid cell
10701.33	16095.33	-0.0511	-0.0133	-0.0275	0.7085	-0.0282	Myeloid cell
10698.33	16100.83	-0.0445	-0.0057	-0.0224	0.8247	-0.0294	Myeloid cell
10692.83	16429.83	-0.0557	-0.0015	-0.0160	0.8325	-0.0235	Myeloid cell
10690.33	16185.33	-0.0619	-0.0069	-0.0239	0.8408	-0.0358	Myeloid cell
10683.83	16200.83	-0.0065	0.0064	-0.0093	0.8462	-0.0174	Myeloid cell
10682.83	16183.33	-0.0657	-0.0078	-0.0215	0.8091	-0.0312	Myeloid cell
10675.83	16380.83	-0.0500	0.0051	-0.0108	0.8857	-0.0130	Myeloid cell
10668.83	16218.83	-0.0639	-0.0009	-0.0161	0.8496	-0.0278	Myeloid cell
10653.83	16369.83	-0.0632	-0.0107	-0.0303	0.8315	-0.0364	Myeloid cell
10653.33	16261.33	0.0554	0.0091	-0.0136	0.7812	-0.0276	Myeloid cell
10640.33	16223.33	-0.0466	-0.0218	-0.0388	0.6904	-0.0532	Myeloid cell
10638.33	16289.83	-0.0399	0.0087	-0.0086	0.9297	-0.0243	Myeloid cell
10637.83	16326.83	-0.0272	-0.0145	0.0023	0.7900	-0.0441	Myeloid cell
10637.83	16306.33	-0.0419	-0.0049	-0.0172	0.8496	-0.0272	Myeloid cell
10635.33	15988.83	-0.0420	-0.0069	-0.0170	0.5845	-0.0144	Myeloid cell
10634.83	16246.83	-0.0492	-0.0094	-0.0266	0.6689	-0.0222	Myeloid cell
10613.33	16356.83	0.0889	0.0116	-0.0039	0.8950	-0.0196	Myeloid cell
10612.33	16402.83	-0.0539	0.0023	-0.0130	0.8828	-0.0218	Myeloid cell
10609.83	16383.33	-0.0558	0.0118	-0.0059	0.9297	-0.0207	Myeloid cell
10605.83	16387.83	-0.0903	-0.0357	-0.0293	0.7158	-0.0562	Myeloid cell
10595.83	16113.83	-0.0735	-0.0065	-0.0428	0.7305	-0.0413	Myeloid cell
10587.33	16118.83	-0.0430	0.0098	-0.0059	0.8931	-0.0157	Myeloid cell
10571.33	16020.83	-0.0491	0.0069	-0.0115	0.9019	-0.0231	Myeloid cell
10563.33	16260.33	-0.0585	0.0068	-0.0102	0.9077	-0.0218	Myeloid cell
10559.33	16514.83	-0.0377	-0.0208	-0.0365	0.4546	-0.0377	Myeloid cell
10556.33	16211.83	-0.0536	-0.0072	-0.0163	0.6997	-0.0200	Myeloid cell
10548.33	16518.83	0.0034	-0.0186	-0.0341	0.7607	-0.0377	Myeloid cell
10542.83	16317.83	-0.0233	-0.0178	-0.0288	0.8462	-0.0442	Myeloid cell
10537.83	16255.33	0.9351	-0.0141	-0.0225	-0.0062	-0.0272	cDC2
10532.83	16369.83	-0.0526	0.0066	-0.0094	0.8999	-0.0195	Myeloid cell
10513.83	16271.33	-0.0431	0.0140	-0.0038	0.9204	-0.0082	Myeloid cell
10512.83	16156.83	-0.0619	0.0071	-0.0143	0.8823	-0.0222	Myeloid cell
10508.83	16278.83	-0.0428	0.0024	-0.0095	0.7466	-0.0168	Myeloid cell
10505.33	16384.33	-0.0249	0.0074	-0.0075	0.7847	-0.0156	Myeloid cell
10501.33	16310.33	-0.0285	0.0127	0.0010	0.8467	-0.0089	Myeloid cell
10498.83	16348.83	-0.0533	0.0138	-0.0055	0.9453	-0.0188	Myeloid cell
10497.83	16381.33	0.0256	0.0262	-0.0005	0.5459	0.0631	Myeloid cell
10493.33	16374.83	-0.0494	0.0042	-0.0120	0.8789	-0.0210	Myeloid cell
10489.83	16290.33	-0.0544	0.0075	-0.0094	0.8940	-0.0212	Myeloid cell
10474.33	16382.83	-0.0541	0.0041	-0.0121	0.8711	-0.0211	Myeloid cell
10469.83	16439.33	-0.0425	-0.0133	-0.0454	0.7217	-0.0515	Myeloid cell
10465.83	16288.83	-0.0622	-0.0018	-0.0177	0.8599	-0.0299	Myeloid cell
10463.83	16292.33	-0.0655	-0.0033	-0.0199	0.8745	-0.0331	Myeloid cell
10462.33	16307.33	-0.0300	-0.0002	-0.0159	0.6450	-0.0194	Myeloid cell
10456.83	16394.33	-0.0436	0.0047	-0.0102	0.7783	-0.0204	Myeloid cell
10454.83	16310.33	-0.0537	0.0098	-0.0087	0.9141	-0.0226	Myeloid cell
10448.83	16379.33	-0.0569	0.0043	-0.0121	0.8853	-0.0234	Myeloid cell
10440.83	16443.83	-0.0287	0.0039	-0.0194	0.8223	-0.0294	Myeloid cell
10437.83	16143.83	-0.0403	0.0123	-0.0090	0.8242	-0.0139	Myeloid cell
10437.33	16507.33	-0.0449	0.0104	-0.0062	0.9189	-0.0189	Myeloid cell
11094.83	13848.83	0.2534	0.0001	-0.0223	0.7490	-0.0126	Myeloid cell
11046.33	13788.33	0.0432	0.0002	-0.0078	0.8833	-0.0269	Myeloid cell
11038.33	13944.33	-0.0457	0.0354	-0.0116	0.6523	0.0143	Myeloid cell
11032.33	13950.33	-0.0176	-0.0102	-0.0257	0.7285	-0.0258	Myeloid cell
11027.33	13736.33	-0.0410	-0.0002	-0.0134	0.6895	-0.0179	Myeloid cell
11025.83	13903.33	-0.0590	0.0010	-0.0155	0.8774	-0.0240	Myeloid cell
10999.33	13909.83	-0.0294	0.0031	0.7534	-0.0059	0.0062	cDC1
10999.33	13885.83	-0.0255	0.0050	-0.0165	0.6895	-0.0175	Myeloid cell
10994.83	13741.83	0.0303	0.0351	0.0128	0.9565	0.0020	Myeloid cell
10983.83	13747.83	-0.0109	0.0098	-0.0120	0.7856	-0.0156	Myeloid cell
10980.33	13944.33	-0.0146	-0.0378	-0.0440	0.6001	-0.0287	Myeloid cell
10959.33	13926.83	-0.0449	-0.0110	-0.0313	0.8467	-0.0322	Myeloid cell
10944.33	13747.33	-0.0403	-0.0195	-0.0332	0.7969	-0.0400	Myeloid cell
10943.83	13855.33	-0.0452	0.0025	0.0239	0.5376	0.0044	Myeloid cell
10935.33	13821.33	-0.0374	0.0208	0.0035	0.9019	-0.0067	Myeloid cell
10933.83	13930.83	-0.0461	0.0008	-0.0185	0.6660	-0.0225	Myeloid cell
10924.83	13899.33	0.0036	0.0042	-0.0080	0.5396	0.0078	Myeloid cell
11316.33	14449.83	-0.0626	0.0053	-0.0117	0.9048	-0.0266	Myeloid cell
11314.33	14317.83	-0.0622	-0.0082	-0.0054	0.7930	-0.0420	Myeloid cell
11306.83	14430.83	-0.0504	0.0084	-0.0091	0.8809	-0.0138	Myeloid cell
11302.83	14572.83	-0.0464	0.0147	-0.0029	0.9619	-0.0199	Myeloid cell
11302.33	14444.83	-0.0531	0.0145	-0.0052	0.9512	-0.0195	Myeloid cell
11254.33	14237.33	0.1232	0.0071	-0.0096	0.7280	-0.0223	Myeloid cell
11245.83	14185.83	-0.0562	0.0027	-0.0127	0.8965	-0.0240	Myeloid cell
11237.83	14154.33	-0.0481	0.0082	-0.0089	0.9033	-0.0197	Myeloid cell
11219.83	14077.83	0.0957	-0.0046	-0.0117	0.6982	-0.0210	Myeloid cell
11202.83	14171.83	-0.0281	0.0131	0.0008	0.8887	-0.0110	Myeloid cell
11201.83	14060.33	0.0640	-0.0034	-0.0397	0.7002	-0.0556	Myeloid cell
11190.83	14540.83	-0.0457	0.0087	-0.0038	0.8818	-0.0118	Myeloid cell
11190.83	14108.33	0.0173	0.0134	0.0011	0.8804	-0.0102	Myeloid cell
11182.83	14399.83	-0.0521	0.0025	-0.0128	0.8784	-0.0232	Myeloid cell
11182.33	14298.33	-0.0295	-0.0083	-0.0188	0.7905	-0.0233	Myeloid cell
11181.83	14030.33	0.2438	0.0086	-0.0128	0.5098	-0.0134	Myeloid cell
11180.33	14588.83	-0.0553	0.0067	-0.0109	0.8994	-0.0203	Myeloid cell
11176.83	14292.83	-0.0301	0.0113	-0.0029	0.9072	-0.0148	Myeloid cell
11175.83	14107.83	-0.0474	0.0125	-0.0047	0.9316	-0.0164	Myeloid cell
11171.83	13978.83	0.0129	-0.0223	-0.0337	0.7217	-0.0383	Myeloid cell
11170.83	14390.83	0.0266	0.0063	-0.0139	0.7275	-0.0191	Myeloid cell
11163.33	14308.33	-0.0400	0.0023	-0.0130	0.8354	-0.0171	Myeloid cell
11162.33	14315.33	-0.0326	-0.0014	-0.0213	0.8442	-0.0235	Myeloid cell
11151.33	14373.83	-0.0381	0.0132	-0.0043	0.9487	-0.0174	Myeloid cell
11149.83	14421.33	-0.0508	0.0053	-0.0114	0.9048	-0.0243	Myeloid cell
11144.83	14351.33	0.0013	-0.0231	-0.0340	0.7627	-0.0463	Myeloid cell
11138.83	14241.33	-0.0413	-0.0121	-0.0298	0.8066	-0.0399	Myeloid cell
11133.33	14410.83	0.9155	-0.0123	-0.0234	-0.0069	-0.0248	cDC2
11119.83	14260.33	-0.0467	-0.0097	-0.0261	0.7021	-0.0281	Myeloid cell
11115.33	14405.83	-0.0343	0.0061	-0.0056	0.6738	-0.0071	Myeloid cell
11113.83	14500.33	-0.0490	0.0092	-0.0067	0.9092	-0.0180	Myeloid cell
11107.83	14397.33	-0.0497	0.0063	-0.0105	0.8818	-0.0198	Myeloid cell
11097.83	14055.83	-0.0389	0.0152	-0.0021	0.9263	-0.0119	Myeloid cell
11086.33	14336.33	-0.0552	-0.0125	-0.0176	0.6338	-0.0060	Myeloid cell
11065.83	14442.83	-0.0058	-0.0029	-0.0174	0.5962	-0.0195	Myeloid cell
11038.83	14073.83	0.5684	-0.0079	-0.0439	0.8223	-0.0596	Double pos cDC2
11035.83	14162.83	-0.0622	-0.0269	-0.0496	0.6523	-0.0489	Myeloid cell
11033.83	14082.83	0.1467	-0.0081	-0.0412	0.6704	-0.0223	Myeloid cell
11025.33	14014.83	-0.0468	0.0181	-0.0008	0.9741	-0.0135	Myeloid cell
11010.83	14213.83	0.0345	0.0027	-0.0172	0.7251	-0.0249	Myeloid cell
10976.33	14484.33	-0.0311	0.0125	-0.0085	0.8267	-0.0117	Myeloid cell
10974.33	14396.83	-0.0483	0.0157	-0.0021	0.9795	-0.0199	Myeloid cell
10970.83	13965.33	0.9180	-0.0163	-0.0264	-0.0001	-0.0311	cDC2
10964.33	13963.83	0.8647	-0.0268	-0.0356	-0.0204	-0.0380	cDC2
10951.33	14100.33	0.0673	0.0196	0.0009	0.8335	-0.0041	Myeloid cell
10950.33	14564.83	-0.0417	-0.0015	-0.0189	0.7651	-0.0256	Myeloid cell
10937.33	14023.33	-0.0551	0.0100	-0.0078	0.9355	-0.0220	Myeloid cell
10928.33	14245.33	-0.0141	0.0102	-0.0089	0.7993	-0.0119	Myeloid cell
10924.83	14603.33	-0.0489	0.0154	-0.0075	0.9443	-0.0222	Myeloid cell
10924.83	14150.33	-0.0696	-0.0244	-0.0390	0.7168	-0.0484	Myeloid cell
10924.83	14030.83	-0.0050	0.0098	0.0160	0.5137	-0.0042	Myeloid cell
10924.83	14014.83	-0.0425	0.0044	-0.0058	0.8784	-0.0186	Myeloid cell
11391.33	14727.83	-0.0836	-0.0147	-0.0168	0.6465	-0.0366	Myeloid cell
11389.33	14733.83	-0.0273	-0.0261	-0.0500	0.6904	-0.0564	Myeloid cell
11369.33	15040.83	-0.0399	0.0072	-0.0029	0.8403	-0.0142	Myeloid cell
11357.83	15159.33	0.0737	-0.0016	-0.0284	0.5962	-0.0226	Myeloid cell
11341.33	14800.83	-0.0078	0.0156	0.0021	0.8794	-0.0086	Myeloid cell
11333.83	14728.33	-0.0562	0.0138	-0.0035	0.9873	-0.0252	Myeloid cell
11332.33	15220.33	0.0098	0.0131	0.0016	0.7583	-0.0026	Myeloid cell
11332.33	15188.83	0.0039	-0.0065	-0.0041	0.6357	-0.0113	Myeloid cell
11327.83	15047.33	-0.0536	-0.0047	-0.0203	0.8179	-0.0284	Myeloid cell
11310.83	15188.33	0.7354	-0.0605	-0.0559	-0.0098	-0.0668	cDC2
11308.33	15042.83	-0.0614	0.0091	-0.0090	0.9575	-0.0269	Myeloid cell
11301.83	14749.83	-0.0656	-0.0094	-0.0294	0.6802	-0.0483	Myeloid cell
11300.33	14930.83	-0.0409	-0.0051	-0.0238	0.8682	-0.0280	Myeloid cell
11296.33	15043.83	-0.0550	0.0035	-0.0135	0.8784	-0.0236	Myeloid cell
11294.83	14947.33	0.5303	0.0164	-0.0081	0.8110	-0.0143	Double pos cDC2
11293.83	14956.33	0.1255	-0.0007	-0.0051	0.8491	-0.0400	Myeloid cell
11288.33	15026.83	-0.0579	0.0053	-0.0117	0.8892	-0.0222	Myeloid cell
11285.83	14773.83	-0.0519	0.0144	-0.0051	0.9512	-0.0167	Myeloid cell
11283.83	14967.33	-0.0389	-0.0009	0.0254	0.8525	0.0069	Myeloid cell
11282.83	15107.33	-0.0428	0.0026	-0.0128	0.8652	-0.0210	Myeloid cell
11278.33	14956.33	-0.0464	-0.0034	-0.0175	0.8037	-0.0187	Myeloid cell
11277.83	15235.83	-0.0325	0.0061	-0.0090	0.6812	-0.0136	Myeloid cell
11255.83	15117.33	-0.0563	-0.0032	-0.0149	0.8218	-0.0248	Myeloid cell
11252.83	14874.33	-0.0246	0.0110	-0.0076	0.9585	-0.0270	Myeloid cell
11250.33	15066.83	-0.0585	0.0097	-0.0082	0.9272	-0.0236	Myeloid cell
11247.83	15180.33	-0.0501	0.0129	-0.0048	0.9414	-0.0188	Myeloid cell
11246.33	14731.83	-0.0494	-0.0175	-0.0405	0.6924	-0.0423	Myeloid cell
11235.83	14901.83	-0.0513	-0.0032	-0.0189	0.7554	-0.0222	Myeloid cell
11230.83	14906.33	-0.0511	-0.0035	-0.0168	0.7769	-0.0215	Myeloid cell
11224.33	14666.33	-0.0614	0.0077	-0.0097	0.9312	-0.0293	Myeloid cell
11221.83	14949.83	0.0332	-0.0214	-0.0415	0.8130	-0.0443	Myeloid cell
11218.33	14843.33	-0.0373	-0.0152	0.0005	0.8169	-0.0341	Myeloid cell
11217.83	15067.83	-0.0455	0.0163	-0.0019	0.9502	-0.0134	Myeloid cell
11216.33	14627.33	-0.0498	0.0115	-0.0070	0.9370	-0.0195	Myeloid cell
11199.33	14819.33	-0.0691	-0.0153	-0.0301	0.8066	-0.0424	Myeloid cell
11196.83	14998.33	0.0212	-0.0153	-0.0220	0.8750	-0.0460	Myeloid cell
11192.33	15232.33	-0.0490	0.0139	-0.0047	0.9370	-0.0155	Myeloid cell
11181.83	14689.33	0.1605	0.0005	-0.0143	0.6431	-0.0213	Myeloid cell
11175.83	14882.83	-0.0447	-0.0110	-0.0377	0.6587	-0.0450	Myeloid cell
11172.83	14764.83	-0.0508	-0.0013	-0.0163	0.8379	-0.0220	Myeloid cell
11160.83	15029.33	-0.0708	-0.0086	-0.0234	0.7886	-0.0307	Myeloid cell
11157.83	14724.83	-0.0306	0.0172	0.0030	0.0346	0.8579	B cell
11157.33	15034.33	-0.0606	0.0023	-0.0183	0.8936	-0.0301	Myeloid cell
11152.33	15205.83	-0.0362	-0.0191	-0.0304	0.7114	-0.0338	Myeloid cell
11149.83	15106.33	-0.0444	0.0011	-0.0172	0.7349	-0.0017	Myeloid cell
11148.33	15196.33	0.0663	-0.0122	-0.0143	0.8857	-0.0455	Myeloid cell
11139.83	15051.33	-0.0638	-0.0012	-0.0170	0.8633	-0.0297	Myeloid cell
11124.33	15179.33	0.0120	-0.0186	-0.0289	0.7798	-0.0451	Myeloid cell
11124.33	14717.83	-0.0527	0.0056	-0.0098	0.8745	-0.0191	Myeloid cell
11117.83	15109.33	-0.0428	-0.0051	-0.0158	0.7480	-0.0239	Myeloid cell
11115.83	15181.83	-0.0335	-0.0374	-0.0554	0.6348	-0.0637	Myeloid cell
11109.83	14949.33	-0.0493	0.0079	-0.0072	0.8809	-0.0175	Myeloid cell
11108.83	15037.83	-0.0523	0.0053	-0.0102	0.8857	-0.0196	Myeloid cell
11107.33	14934.83	-0.0186	0.0153	-0.0109	0.6025	-0.0052	Myeloid cell
11105.83	14902.33	0.9111	-0.0243	-0.0296	-0.0150	-0.0368	cDC2
11104.83	14894.33	0.9497	-0.0251	-0.0284	-0.0114	-0.0340	cDC2
11101.33	14917.83	0.8340	-0.0327	-0.0364	-0.0236	-0.0361	cDC2
11097.33	14880.83	-0.0488	-0.0084	-0.0113	0.5967	-0.0064	Myeloid cell
11091.83	14905.83	-0.0489	-0.0130	-0.0275	0.7915	-0.0320	Myeloid cell
11083.33	15099.83	-0.0525	-0.0044	-0.0215	0.8071	-0.0271	Myeloid cell
11080.83	15131.33	-0.0291	0.0152	0.0001	0.9224	-0.0086	Myeloid cell
11070.33	14766.83	0.0289	-0.0096	-0.0221	0.7368	-0.0282	Myeloid cell
11057.33	14923.33	-0.0462	0.0117	-0.0073	0.9189	-0.0187	Myeloid cell
11056.33	15150.33	-0.0584	-0.0015	-0.0166	0.8447	-0.0244	Myeloid cell
11050.83	15117.83	-0.0506	0.0049	-0.0129	0.8916	-0.0299	Myeloid cell
11035.83	14957.33	-0.0247	0.0043	-0.0413	0.6875	-0.0184	Myeloid cell
11016.83	14746.33	-0.0173	-0.0147	-0.0149	0.8403	-0.0378	Myeloid cell
11007.33	15188.33	-0.0236	0.0182	-0.0056	0.6924	-0.0036	Myeloid cell
11002.83	15251.83	-0.0657	-0.0011	-0.0182	0.8594	-0.0320	Myeloid cell
11000.33	15159.33	-0.0635	0.0011	-0.0131	0.8862	-0.0328	Myeloid cell
10988.83	15223.83	-0.0626	-0.0144	-0.0268	0.6958	-0.0286	Myeloid cell
10988.83	15119.83	-0.0461	0.0095	-0.0074	0.9595	-0.0240	Myeloid cell
10985.33	14974.83	-0.0641	-0.0034	-0.0192	0.8271	-0.0300	Myeloid cell
10985.33	14904.83	-0.0232	-0.0058	-0.0116	0.8101	-0.0178	Myeloid cell
10981.33	14978.83	-0.0289	0.0007	-0.0143	0.8706	-0.0285	Myeloid cell
10980.83	15030.83	-0.0448	0.0012	-0.0144	0.8042	-0.0211	Myeloid cell
10979.83	14751.83	-0.0300	0.0227	-0.0006	1.0098	-0.0156	Myeloid cell
10975.33	14759.83	-0.0544	0.0009	0.0254	0.5469	-0.0126	Myeloid cell
10970.83	15221.83	0.1218	0.0104	-0.0015	0.7266	-0.0172	Myeloid cell
10967.33	15138.33	-0.0069	-0.0014	-0.0226	0.6294	-0.0181	Myeloid cell
10965.33	14708.33	-0.0514	0.0107	-0.0077	0.9619	-0.0242	Myeloid cell
10954.83	15083.33	-0.0547	-0.0051	-0.0184	0.8262	-0.0292	Myeloid cell
10943.83	14712.83	-0.0455	0.0010	-0.0081	0.8145	-0.0186	Myeloid cell
10942.83	15077.83	-0.0892	-0.0106	-0.0251	0.6475	-0.0148	Myeloid cell
10939.83	15281.83	-0.0409	0.0182	-0.0000	0.9561	-0.0150	Myeloid cell
10939.33	14860.83	0.0020	-0.0126	-0.0251	0.8301	-0.0418	Myeloid cell
10934.33	14830.83	0.7231	-0.0490	-0.0513	-0.0417	-0.0553	cDC2
10924.83	15063.83	-0.0317	-0.0125	-0.0278	0.8101	-0.0336	Myeloid cell
11340.83	15479.83	0.8584	-0.0291	-0.0387	0.0249	-0.0462	cDC2
11340.33	15401.83	0.8071	0.0169	-0.0248	0.9263	-0.0376	Double pos cDC2
11328.83	15514.83	-0.0003	0.0016	-0.0165	0.7568	-0.0233	Myeloid cell
11326.33	15454.83	-0.0657	-0.0031	-0.0202	0.7739	-0.0290	Myeloid cell
11315.33	15550.83	-0.0645	0.0041	-0.0137	0.9102	-0.0279	Myeloid cell
11306.33	15564.33	-0.0461	0.0155	-0.0003	0.9741	-0.0184	Myeloid cell
11301.33	15406.83	0.0731	-0.0054	-0.0113	0.8755	-0.0406	Myeloid cell
11300.33	15317.33	0.9189	-0.0085	-0.0217	0.0008	-0.0193	cDC2
11282.33	15319.83	-0.0499	0.0028	-0.0108	0.8135	-0.0152	Myeloid cell
11271.33	15506.83	-0.0577	0.0072	-0.0096	0.9180	-0.0210	Myeloid cell
11265.83	15615.33	-0.0546	0.0106	-0.0073	0.9380	-0.0193	Myeloid cell
11250.83	15660.33	0.0936	0.0210	-0.0112	0.7847	-0.0266	Myeloid cell
11250.33	15809.33	-0.0497	0.0135	-0.0039	0.9321	-0.0163	Myeloid cell
11239.83	15569.33	0.0626	-0.0273	-0.0448	0.6816	-0.0479	Myeloid cell
11239.33	15781.33	-0.0270	0.0145	-0.0011	0.8965	-0.0150	Myeloid cell
11238.83	15792.33	-0.0529	0.0082	-0.0093	0.9238	-0.0197	Myeloid cell
11237.83	15919.33	-0.0597	-0.0083	-0.0262	0.8452	-0.0344	Myeloid cell
11235.83	15506.33	-0.0465	0.0127	-0.0050	0.9272	-0.0167	Myeloid cell
11230.33	15846.33	-0.0660	-0.0081	-0.0196	-0.0017	0.8862	B cell
11230.33	15822.33	-0.0658	-0.0184	-0.0318	0.8047	-0.0410	Myeloid cell
11230.33	15541.33	-0.0444	0.0069	-0.0093	0.9116	-0.0211	Myeloid cell
11229.83	15336.83	-0.0428	0.0182	-0.0006	0.9590	-0.0146	Myeloid cell
11229.33	15747.33	-0.0500	0.0063	-0.0094	0.8750	-0.0193	Myeloid cell
11227.83	15887.83	-0.0838	-0.0291	-0.0387	-0.0271	0.8037	B cell
11226.83	15487.83	-0.0512	0.0114	-0.0063	0.9434	-0.0207	Myeloid cell
11226.33	15957.33	0.0043	0.0125	-0.0112	0.6299	-0.0127	Myeloid cell
11225.83	15829.33	0.0920	-0.0134	-0.0309	0.6284	-0.0191	Myeloid cell
11225.33	15711.33	-0.0620	-0.0367	0.8145	-0.0286	-0.0372	cDC1
11223.33	15950.33	0.0046	-0.0038	-0.0218	0.7080	-0.0272	Myeloid cell
11221.83	15371.83	0.2025	0.0036	-0.0167	0.6367	-0.0236	Myeloid cell
11220.33	15910.33	-0.0176	0.0002	-0.0211	0.7222	-0.0348	Myeloid cell
11217.83	15399.83	-0.0116	0.0110	0.0046	0.9253	-0.0156	Myeloid cell
11214.83	15804.83	-0.0531	0.0138	-0.0060	0.9448	-0.0188	Myeloid cell
11213.83	15389.33	0.0079	0.0512	0.0187	1.0166	0.0077	Myeloid cell
11213.33	15932.83	0.0017	-0.0228	-0.0356	0.6797	-0.0529	Myeloid cell
11208.33	15519.83	-0.0515	0.0038	-0.0117	0.8735	-0.0228	Myeloid cell
11206.83	15928.33	-0.0447	-0.0215	-0.0397	0.7798	-0.0449	Myeloid cell
11206.83	15917.33	-0.0615	-0.0053	-0.0181	0.0026	0.8545	B cell
11205.33	15938.83	-0.0480	0.0001	-0.0206	0.9097	-0.0322	Myeloid cell
11199.33	15541.33	-0.0242	-0.0034	-0.0153	0.8330	-0.0228	Myeloid cell
11195.33	15957.33	-0.1041	0.0110	-0.0389	0.8086	-0.0298	Myeloid cell
11192.33	15950.83	-0.0282	-0.0054	-0.0196	0.8442	-0.0287	Myeloid cell
11190.33	15679.33	-0.0220	0.0070	-0.0159	0.6553	-0.0099	Myeloid cell
11186.33	15957.33	-0.0541	0.0049	-0.0119	0.8955	-0.0238	Myeloid cell
11180.33	15451.83	-0.0398	0.0196	0.0031	0.9648	-0.0129	Myeloid cell
11176.33	15901.33	0.0737	-0.0231	-0.0419	0.7319	-0.0504	Myeloid cell
11175.83	15905.83	0.1462	-0.0063	-0.0199	0.8774	-0.0374	Myeloid cell
11174.83	15673.33	-0.0374	0.0141	-0.0035	0.9253	-0.0102	Myeloid cell
11174.83	15371.83	0.0092	-0.0334	-0.0431	0.6670	-0.0485	Myeloid cell
11173.33	15364.83	-0.0529	0.0101	-0.0073	0.9370	-0.0224	Myeloid cell
11170.33	15529.83	-0.0418	0.0059	-0.0086	0.7339	-0.0137	Myeloid cell
11166.33	15430.33	-0.0476	0.0123	-0.0053	0.9253	-0.0155	Myeloid cell
11155.83	15500.83	-0.0325	-0.0026	-0.0039	0.5396	-0.0139	Myeloid cell
11151.33	15785.83	0.0504	0.0174	-0.0154	0.9355	-0.0303	Myeloid cell
11145.33	15782.33	-0.0193	0.0000	-0.0122	0.8438	-0.0186	Myeloid cell
11142.83	15776.83	-0.0290	0.0016	-0.0098	0.7983	-0.0122	Myeloid cell
11141.33	15395.83	-0.0551	0.0017	-0.0138	0.8706	-0.0269	Myeloid cell
11138.33	15542.33	-0.0517	0.0156	-0.0036	0.9707	-0.0201	Myeloid cell
11137.33	15529.83	-0.0319	0.0120	-0.0062	0.9033	-0.0146	Myeloid cell
11134.83	15625.33	-0.0667	-0.0059	-0.0214	0.8184	-0.0321	Myeloid cell
11133.83	15589.83	-0.0482	0.0144	-0.0048	0.9326	-0.0176	Myeloid cell
11126.83	15648.33	-0.0522	0.0183	-0.0009	0.9893	-0.0227	Myeloid cell
11125.33	15632.83	-0.0534	0.0095	-0.0079	0.9263	-0.0231	Myeloid cell
11123.83	15414.83	0.0035	0.0036	-0.0088	0.8999	-0.0389	Myeloid cell
11122.33	15679.33	-0.0492	0.0138	-0.0035	0.9419	-0.0203	Myeloid cell
11118.33	15628.83	-0.0488	-0.0007	-0.0115	0.8809	-0.0242	Myeloid cell
11116.83	15921.33	-0.0474	0.0111	-0.0056	0.9189	-0.0181	Myeloid cell
11102.83	15682.33	-0.0491	0.0135	-0.0042	0.9453	-0.0182	Myeloid cell
11097.33	15505.33	-0.0674	-0.0024	-0.0221	0.6543	-0.0194	Myeloid cell
11083.83	15512.33	-0.0586	0.0054	-0.0106	0.9312	-0.0282	Myeloid cell
11081.83	15792.83	0.1479	-0.0181	-0.0279	0.7920	-0.0404	Myeloid cell
11078.83	15908.33	-0.0485	-0.0128	-0.0317	0.7236	-0.0318	Myeloid cell
11076.83	15528.33	0.0371	0.0191	-0.0020	0.8970	-0.0127	Myeloid cell
11072.83	15673.83	-0.0359	0.0161	0.0016	0.9189	-0.0114	Myeloid cell
11071.83	15663.33	-0.0313	-0.0189	-0.0336	0.7847	-0.0416	Myeloid cell
11071.83	15651.33	-0.0521	-0.0043	-0.0204	0.7319	-0.0342	Myeloid cell
11071.33	15480.83	-0.0147	-0.0183	-0.0312	0.7734	-0.0404	Myeloid cell
11069.83	15906.33	-0.1036	0.0133	-0.0150	0.8691	-0.0290	Myeloid cell
11068.83	15778.33	0.2107	-0.0143	-0.0407	0.6172	-0.0390	Myeloid cell
11068.83	15656.83	-0.0614	-0.0001	-0.0168	0.8369	-0.0275	Myeloid cell
11068.83	15585.83	-0.0156	0.0133	-0.0096	0.6519	-0.0212	Myeloid cell
11060.83	15692.33	-0.0554	0.0087	-0.0082	0.9321	-0.0209	Myeloid cell
11058.33	15500.83	-0.0570	0.0032	-0.0145	0.8843	-0.0277	Myeloid cell
11055.33	15648.33	-0.0628	-0.0067	-0.0209	0.8379	-0.0314	Myeloid cell
11054.33	15666.33	0.2203	0.0102	-0.0128	0.6831	-0.0147	Myeloid cell
11048.33	15599.33	-0.0595	0.0078	-0.0095	0.9292	-0.0248	Myeloid cell
11039.33	15291.83	-0.0360	0.0098	-0.0088	0.8896	-0.0182	Myeloid cell
11033.83	15369.83	-0.0521	0.0109	-0.0062	0.9170	-0.0195	Myeloid cell
11029.33	15366.33	-0.1069	0.0317	-0.0084	0.7319	-0.0181	Myeloid cell
11027.83	15616.33	0.0600	-0.0065	-0.0228	0.8418	-0.0325	Myeloid cell
11025.33	15318.83	-0.0587	0.0073	-0.0108	0.9229	-0.0252	Myeloid cell
11022.33	15731.83	-0.0249	0.0049	-0.0088	0.8906	-0.0101	Myeloid cell
11015.83	15591.33	-0.0617	0.0008	-0.0154	0.8638	-0.0248	Myeloid cell
11007.83	15593.83	-0.0424	0.0091	-0.0063	0.9004	-0.0153	Myeloid cell
11007.33	15704.33	-0.0583	0.0075	-0.0112	0.9297	-0.0304	Myeloid cell
11000.83	15364.33	-0.0498	0.0090	-0.0077	0.9053	-0.0180	Myeloid cell
10995.83	15726.33	0.0251	-0.0034	-0.0327	0.6431	-0.0377	Myeloid cell
10991.33	15363.33	-0.0579	-0.0057	-0.0159	0.8418	-0.0284	Myeloid cell
10985.83	15658.33	-0.0378	0.0102	-0.0133	0.9487	-0.0341	Myeloid cell
10984.83	15619.83	-0.0516	0.0048	-0.0090	0.8965	-0.0212	Myeloid cell
10978.83	15372.33	0.0042	0.4380	-0.0164	-0.0009	-0.0051	pDC
10973.33	15896.83	-0.0405	0.0200	0.0018	0.9927	-0.0138	Myeloid cell
10966.83	15454.83	0.1054	-0.0000	-0.0215	0.9121	-0.0457	Myeloid cell
10961.33	15908.33	-0.0635	-0.0032	-0.0189	0.8442	-0.0287	Myeloid cell
10961.33	15299.83	-0.0366	0.0206	0.0009	0.9722	-0.0115	Myeloid cell
10956.83	15443.33	0.2705	0.0046	-0.0260	0.7095	-0.0369	Myeloid cell
10950.33	15636.33	-0.0483	0.0158	-0.0015	0.9829	-0.0190	Myeloid cell
10941.83	15392.33	-0.0527	0.0117	-0.0069	0.9111	-0.0173	Myeloid cell
10936.83	15530.33	-0.0290	-0.0175	-0.0337	0.6606	-0.0341	Myeloid cell
10935.33	15338.33	-0.0600	-0.0053	-0.0200	0.7920	-0.0277	Myeloid cell
10930.33	15752.83	-0.0503	0.0083	-0.0091	0.9082	-0.0200	Myeloid cell
10924.83	15500.83	-0.0280	0.0063	-0.0106	0.5757	0.0043	Myeloid cell
10924.83	15360.83	-0.0022	0.0255	-0.0013	0.6758	-0.0121	Myeloid cell
11229.33	16047.33	-0.0350	-0.0101	-0.0130	0.8584	-0.0327	Myeloid cell
11229.33	16029.33	-0.0560	0.0013	-0.0160	0.8647	-0.0253	Myeloid cell
11226.83	16022.33	-0.0975	0.0136	-0.0259	0.7207	-0.0292	Myeloid cell
11225.83	15960.83	-0.0265	0.0083	-0.0082	0.9180	-0.0174	Myeloid cell
11222.83	16045.33	-0.0680	-0.0034	-0.0297	0.6416	-0.0309	Myeloid cell
11219.83	16050.83	-0.0270	-0.0143	-0.0356	0.6450	-0.0349	Myeloid cell
11215.83	15973.83	-0.0249	-0.0020	-0.0176	0.8960	-0.0292	Myeloid cell
11210.83	16068.33	0.0340	-0.0182	-0.0297	0.7754	-0.0389	Myeloid cell
11197.33	16092.83	-0.1003	-0.0325	-0.0578	0.6748	-0.0748	Myeloid cell
11185.33	16070.83	0.1250	0.0141	-0.0074	0.7109	-0.0117	Myeloid cell
11181.33	16093.83	0.0217	0.0002	-0.0202	0.8096	-0.0247	Myeloid cell
11178.83	15960.83	-0.0559	0.0046	-0.0150	0.8662	-0.0258	Myeloid cell
11167.33	16096.33	0.0189	-0.0289	-0.0530	0.6348	-0.0533	Myeloid cell
11161.33	15968.33	-0.0336	-0.0316	-0.0489	0.5737	-0.0560	Myeloid cell
11158.83	16110.33	0.0803	-0.0226	-0.0424	0.6113	-0.0448	Myeloid cell
11150.83	16168.83	-0.0219	-0.0066	-0.0524	0.6494	-0.0583	Myeloid cell
11150.33	16175.33	0.0133	-0.0413	-0.0594	0.7212	-0.0605	Myeloid cell
11133.33	16263.83	-0.0426	0.0085	-0.0070	0.8555	-0.0173	Myeloid cell
11131.83	16130.33	-0.0549	-0.0189	-0.0301	0.7832	-0.0382	Myeloid cell
11125.83	16027.83	-0.0895	-0.0426	-0.0510	-0.0281	0.6895	B cell
11123.33	16031.83	-0.0629	0.0002	-0.0126	0.0019	0.9292	B cell
11118.83	16238.83	-0.0815	-0.0218	-0.0356	0.7397	-0.0559	Myeloid cell
11118.33	16242.83	-0.0499	-0.0325	-0.0521	0.6196	-0.0507	Myeloid cell
11108.83	16062.83	-0.0746	-0.0195	-0.0159	0.6694	-0.0095	Myeloid cell
11099.83	16205.83	-0.0413	-0.0325	-0.0470	0.6289	-0.0482	Myeloid cell
11098.83	16211.33	0.0731	-0.0029	-0.0077	0.6475	-0.0245	Myeloid cell
11091.83	16013.33	-0.0116	-0.0056	-0.0137	0.6240	-0.0054	Myeloid cell
11091.33	16317.33	-0.0443	0.0053	0.0097	0.7139	-0.0083	Myeloid cell
11080.83	16190.33	0.2283	-0.0015	-0.0136	0.8237	-0.0345	Myeloid cell
11056.83	16189.83	-0.0473	0.0074	-0.0110	0.8887	-0.0201	Myeloid cell
11052.33	16194.33	-0.0461	-0.0365	-0.0489	0.6118	-0.0554	Myeloid cell
11047.83	16158.83	0.0517	-0.0247	-0.0448	0.7402	-0.0515	Myeloid cell
11046.33	16153.83	-0.0679	-0.0161	-0.0353	0.6982	-0.0353	Myeloid cell
11044.83	16008.83	-0.0908	-0.0428	-0.0580	0.5474	-0.0614	Myeloid cell
11037.83	16222.83	-0.0029	-0.0051	-0.0222	0.7959	-0.0291	Myeloid cell
11031.83	16158.83	-0.0315	0.0210	0.0020	0.9189	-0.0085	Myeloid cell
11024.33	16012.83	-0.0558	0.0054	-0.0104	0.8945	-0.0228	Myeloid cell
11015.33	16371.33	-0.0534	0.0060	-0.0115	0.9038	-0.0251	Myeloid cell
11012.83	16251.33	0.1741	0.0245	-0.0031	0.8101	-0.0301	Myeloid cell
10997.33	16369.33	-0.0462	0.0168	-0.0017	0.9346	-0.0142	Myeloid cell
10996.83	16394.83	-0.0468	0.0091	-0.0075	0.9092	-0.0201	Myeloid cell
10996.83	16293.33	-0.0540	-0.0210	-0.0292	0.6074	-0.0455	Myeloid cell
10993.83	16329.83	-0.0354	-0.0054	-0.0148	0.8042	-0.0240	Myeloid cell
10992.33	16001.83	-0.0024	0.0197	0.0038	0.8672	-0.0069	Myeloid cell
10989.83	16303.83	0.0881	-0.0162	-0.0266	0.7007	-0.0382	Myeloid cell
10989.33	16381.83	-0.0632	-0.0040	-0.0167	0.8281	-0.0285	Myeloid cell
10986.83	16324.83	-0.0595	-0.0141	-0.0457	0.7061	-0.0471	Myeloid cell
10986.33	16017.83	-0.0403	-0.0040	-0.0086	0.6699	-0.0240	Myeloid cell
10978.83	16356.83	-0.0529	0.0116	-0.0100	0.9258	-0.0225	Myeloid cell
10976.83	16406.33	-0.0371	0.0210	0.0019	0.9658	-0.0108	Myeloid cell
10974.83	16279.33	-0.0514	-0.0226	-0.0263	0.5332	-0.0365	Myeloid cell
10963.33	16377.83	-0.0141	-0.0145	-0.0276	0.7739	-0.0368	Myeloid cell
10962.83	16407.33	-0.0389	0.0068	-0.0087	0.8877	-0.0187	Myeloid cell
10956.33	16229.83	-0.0151	-0.0071	-0.0064	0.7778	-0.0203	Myeloid cell
10953.33	16290.33	0.0480	-0.0121	-0.0225	0.7607	-0.0299	Myeloid cell
10952.33	16283.33	-0.0534	-0.0150	-0.0191	0.7998	-0.0050	Myeloid cell
10950.33	16034.33	0.0118	-0.0137	-0.0244	0.7329	-0.0285	Myeloid cell
10949.83	16297.33	-0.0638	0.0016	-0.0156	0.8862	-0.0283	Myeloid cell
10946.33	16241.33	0.0485	-0.0037	-0.0166	0.8198	-0.0231	Myeloid cell
10944.83	16048.83	-0.0456	0.0121	-0.0057	0.9072	-0.0155	Myeloid cell
10942.33	16076.33	-0.0043	0.0235	-0.0028	0.5552	0.0028	Myeloid cell
10941.83	15992.33	-0.0184	0.0120	-0.0085	0.8682	-0.0151	Myeloid cell
10938.33	16405.83	-0.0493	0.0145	-0.0045	0.9517	-0.0193	Myeloid cell
10938.33	16131.83	0.3174	0.0112	-0.0065	0.9136	-0.0256	Myeloid cell
10928.83	16379.83	-0.0226	0.0133	-0.0047	0.8867	-0.0073	Myeloid cell
