18458.86	15911.66	0.2944	0.0030	0.6777	-0.0001	-0.0055	cDC1
18452.86	15876.16	-0.0036	-0.0394	0.4431	-0.0336	-0.0167	cDC1
18450.86	15937.16	0.9702	-0.0221	-0.0283	-0.0255	-0.0353	cDC2
18450.86	15913.66	-0.0822	0.7344	-0.0422	-0.0211	-0.0445	pDC
18450.36	15921.66	-0.0441	0.0005	-0.0126	0.8203	-0.0213	Myeloid cell
18447.86	15861.66	0.0873	-0.0054	0.4746	-0.0225	-0.0222	cDC1
18445.36	15872.16	-0.0715	-0.0587	0.7183	-0.0554	-0.0570	cDC1
18445.36	15853.66	0.0121	-0.0314	-0.0121	0.7837	-0.0463	Myeloid cell
18442.86	15902.16	0.6494	0.0053	-0.0305	0.8892	-0.0429	Double pos cDC2
18442.86	15862.16	-0.0399	0.0086	0.6504	-0.0318	-0.0309	cDC1
18440.36	15898.66	0.6582	-0.0470	-0.0739	0.5864	-0.0709	Double pos cDC2
18439.86	15909.16	-0.1014	-0.0446	-0.0595	0.6968	-0.0668	Myeloid cell
18439.36	15937.16	-0.0563	-0.0422	0.3845	-0.0567	-0.0414	Other cell
18438.86	15880.16	-0.1219	-0.0875	0.5747	-0.0699	-0.0863	cDC1
18434.86	15886.66	-0.0651	0.6016	-0.0600	-0.0444	-0.0544	pDC
18434.36	15871.16	0.9316	0.0036	-0.0186	0.2378	-0.0217	cDC2
18431.86	15867.66	0.6230	-0.0363	-0.0646	0.6724	-0.0490	Double pos cDC2
18428.36	15934.66	0.2048	-0.0406	0.3508	-0.0712	-0.0629	Other cell
18427.86	15891.16	-0.0219	0.0254	0.1304	0.4529	0.0183	Myeloid cell
18419.86	15889.66	-0.0516	0.0126	0.0030	0.8208	-0.0139	Myeloid cell
18415.86	15919.66	-0.1079	0.6406	-0.0825	-0.0842	-0.0862	pDC
18415.36	15915.16	0.4646	-0.0222	-0.0666	-0.0804	-0.0382	cDC2
18397.36	15921.66	0.2236	-0.0805	0.1926	-0.0802	0.1954	Other cell
18393.86	15844.16	0.7305	-0.0030	-0.0466	0.7725	-0.0447	Double pos cDC2
18391.86	15772.16	-0.0452	0.0187	-0.0020	0.9409	-0.0131	Myeloid cell
18011.86	15810.66	-0.0567	-0.0101	-0.0213	0.7183	0.0089	Myeloid cell
17998.36	15631.66	-0.0518	0.0128	-0.0070	0.9102	-0.0148	Myeloid cell
18458.86	14240.16	0.7207	0.0052	-0.0112	0.0634	0.0539	cDC2
18455.86	14122.16	0.5811	-0.0425	-0.0504	-0.0199	0.0873	cDC2
18439.36	14293.16	-0.0459	-0.0308	0.5791	-0.0284	-0.0271	cDC1
18437.36	14230.66	0.4346	-0.0068	-0.0255	0.7666	-0.0135	Double pos cDC2
18434.86	14252.66	-0.0176	0.0190	0.0106	1.0176	-0.0075	Myeloid cell
18427.36	14276.66	-0.0140	-0.0015	0.5596	-0.0076	-0.0065	cDC1
18423.86	14260.66	0.6636	-0.0136	-0.0435	0.1970	0.0034	cDC2
18421.36	14247.66	0.6685	0.0537	-0.0040	0.0181	0.0042	cDC2
18412.86	14294.16	-0.0109	-0.0040	0.7036	-0.0038	0.0136	cDC1
18410.36	14225.16	-0.0454	-0.0127	-0.0194	0.5508	-0.0285	Myeloid cell
18406.86	14237.16	-0.0559	-0.0002	-0.0098	0.8911	-0.0241	Myeloid cell
18402.86	14259.16	-0.0548	0.7852	-0.0513	-0.0340	-0.0461	pDC
18394.36	14261.16	-0.0811	-0.0178	-0.0245	0.7871	-0.0469	Myeloid cell
18389.36	14276.66	-0.0607	0.0008	-0.0158	0.8784	-0.0262	Myeloid cell
18375.36	14027.16	-0.0677	-0.0014	-0.0228	0.8745	-0.0334	Myeloid cell
18373.86	14292.66	-0.0232	-0.0271	0.4758	-0.0304	-0.0212	cDC1
18361.36	14415.16	0.8496	-0.0295	-0.0319	0.0186	0.1005	cDC2
18359.86	14064.66	0.9263	-0.0125	-0.0262	0.0062	0.0410	cDC2
18345.36	14328.66	0.0081	-0.0252	0.7466	-0.0237	-0.0242	cDC1
18326.36	14298.16	0.0522	-0.0193	0.5254	-0.0194	-0.0015	cDC1
18321.86	14253.66	0.3770	-0.0101	0.4475	-0.0138	0.0174	cDC1
18308.86	14089.66	0.7080	-0.0329	-0.0270	-0.0026	0.0603	cDC2
18285.36	14235.16	-0.0533	0.0102	-0.0088	0.9150	-0.0168	Myeloid cell
18250.36	14270.16	-0.0598	0.0074	-0.0123	0.9331	-0.0248	Myeloid cell
18243.86	14258.16	-0.0427	0.0211	0.0016	0.9966	-0.0134	Myeloid cell
18230.36	14290.66	-0.0747	-0.0088	-0.0045	0.0300	0.6616	B cell
18216.36	14267.66	0.0604	0.0814	0.0331	1.2539	0.0151	Myeloid cell
18213.36	14257.16	-0.0369	0.0238	-0.0011	1.0938	-0.0189	Myeloid cell
18212.86	14249.66	-0.0144	-0.0086	-0.0239	0.2737	-0.0165	Other cell
18209.36	14200.66	-0.0715	-0.0100	-0.0266	0.8442	-0.0362	Myeloid cell
18206.36	14289.16	-0.0719	0.0133	0.0243	0.7383	0.0332	Myeloid cell
18204.86	14202.66	-0.0611	-0.0286	-0.0279	0.3916	-0.0336	Other cell
18203.36	14331.16	-0.0476	0.0113	-0.0060	0.9399	-0.0192	Myeloid cell
18181.86	14228.16	-0.0836	-0.0302	-0.0366	-0.0151	0.7563	B cell
18170.36	14244.66	-0.0267	-0.0206	-0.0166	0.7700	-0.0120	Myeloid cell
18156.36	14234.16	-0.1103	-0.0495	-0.0523	0.5991	-0.0582	Myeloid cell
18147.36	14226.66	0.0097	0.0275	0.0033	0.9976	0.0005	Myeloid cell
18132.86	14224.16	-0.0223	0.0087	-0.0131	0.6924	0.0273	Myeloid cell
18131.36	14233.16	0.2037	0.0068	-0.0093	0.5669	-0.0127	Myeloid cell
18130.86	14273.66	-0.0219	0.0180	0.0039	0.9058	-0.0083	Myeloid cell
18125.86	14298.66	-0.0461	0.0145	-0.0041	0.9448	-0.0110	Myeloid cell
18122.86	14347.16	0.3010	-0.0547	0.4033	-0.0220	0.0792	cDC1
18122.86	14279.66	-0.0544	0.0045	-0.0125	0.8906	-0.0200	Myeloid cell
18118.36	14251.66	-0.0477	0.0129	-0.0047	0.9639	-0.0154	Myeloid cell
18117.36	14350.66	0.0953	-0.0165	0.6030	-0.0208	0.0043	cDC1
17974.36	14446.16	-0.0374	0.0218	0.0019	0.9663	-0.0080	Myeloid cell
18458.86	16292.66	0.9414	-0.0072	-0.0188	0.0081	-0.0223	cDC2
18458.86	16166.16	0.6831	0.0088	-0.0116	0.5908	-0.0154	Double pos cDC2
18458.86	16146.66	0.7139	-0.0381	-0.0506	-0.0217	-0.0338	cDC2
18458.86	16024.66	-0.0570	0.0200	0.0586	0.7695	-0.0241	Myeloid cell
18458.86	15969.66	-0.0410	-0.0002	-0.0118	0.8428	-0.0175	Myeloid cell
18455.86	16065.16	-0.0396	-0.0332	-0.0568	0.8027	-0.0692	Myeloid cell
18452.36	16170.16	0.8286	-0.0165	-0.0345	0.0090	-0.0099	cDC2
18451.86	16250.66	0.7983	-0.0180	-0.0207	0.0979	-0.0365	cDC2
18449.86	16010.16	0.8926	-0.0214	-0.0370	0.0318	-0.0321	cDC2
18449.36	15944.66	0.8184	-0.0223	-0.0378	0.1920	-0.0714	cDC2
18448.86	16351.16	-0.0627	0.6421	-0.0473	-0.0166	-0.0366	pDC
18448.36	16277.16	0.2673	-0.0233	0.0133	0.9204	-0.0663	Myeloid cell
18446.36	16142.16	-0.0029	-0.0154	-0.0245	0.7617	-0.0322	Myeloid cell
18445.86	16362.16	-0.0653	0.0011	-0.0152	0.9053	-0.0311	Myeloid cell
18445.86	16102.66	-0.0674	-0.0155	-0.0236	0.8306	-0.0353	Myeloid cell
18443.86	16119.16	0.6494	0.0082	0.0033	-0.0002	-0.0002	cDC2
18443.86	16040.16	-0.0546	-0.0099	-0.0175	0.8276	-0.0344	Myeloid cell
18443.36	16134.66	-0.0570	-0.0117	-0.0225	0.8589	-0.0332	Myeloid cell
18442.86	16113.16	-0.0344	-0.0215	0.7681	-0.0340	-0.0196	cDC1
18442.86	16015.16	-0.0184	-0.0225	-0.0498	0.7734	-0.0539	Myeloid cell
18441.36	16165.66	0.1533	-0.0540	0.5869	-0.0743	-0.0505	cDC1
18440.86	16434.16	-0.0498	0.0066	-0.0086	0.8818	-0.0190	Myeloid cell
18438.36	15992.16	0.0056	-0.0064	-0.0210	0.8574	-0.0381	Myeloid cell
18437.86	15962.66	0.1588	-0.0259	0.0299	0.5273	-0.0380	Myeloid cell
18437.36	16183.16	-0.0635	0.0054	-0.0121	0.9155	-0.0245	Myeloid cell
18435.86	16423.16	0.7695	-0.0337	-0.0354	-0.0003	-0.0392	cDC2
18434.86	16014.16	0.6016	-0.0797	-0.0899	0.4910	-0.0968	Double pos cDC2
18432.86	16142.16	0.6309	-0.0764	-0.0706	-0.0789	-0.0534	cDC2
18430.86	16014.66	0.5508	0.0009	-0.0268	0.8926	-0.0307	Double pos cDC2
18430.36	16098.66	0.3481	-0.0197	-0.0392	0.6670	-0.0503	Myeloid cell
18429.86	16310.16	0.8389	-0.0198	-0.0353	-0.0321	-0.0339	cDC2
18429.36	16135.16	-0.0378	-0.0487	0.6943	-0.0513	-0.0471	cDC1
18427.86	16315.66	0.7568	-0.0479	-0.0561	-0.0568	-0.0544	cDC2
18425.36	16147.66	0.1643	-0.0197	0.4856	-0.0393	-0.0305	cDC1
18422.86	16110.66	-0.0423	-0.0026	-0.0178	0.8047	-0.0220	Myeloid cell
18418.86	16379.16	0.0360	0.0969	-0.0542	0.6445	-0.0533	Myeloid cell
18418.86	16313.66	-0.0142	0.0202	0.0006	1.0010	-0.0088	Myeloid cell
18415.36	16081.66	0.7822	0.0217	-0.0079	0.9028	-0.0255	Double pos cDC2
18415.36	16016.66	0.5952	-0.0287	0.0174	0.2629	-0.0169	cDC2
18415.36	15940.66	0.7705	-0.0134	-0.0202	-0.0477	-0.0291	cDC2
18414.86	16055.66	-0.0916	-0.0048	-0.0165	0.6538	-0.0541	Myeloid cell
18413.36	16039.66	0.2236	-0.0136	-0.0299	0.7900	-0.0465	Myeloid cell
18412.86	15951.66	-0.0500	-0.0210	0.8511	-0.0137	-0.0257	cDC1
18411.36	15958.16	-0.0661	-0.0414	0.7954	-0.0351	-0.0370	cDC1
18404.36	15995.16	0.6465	0.0253	0.0042	0.8599	-0.0094	Double pos cDC2
18403.86	16274.66	-0.0098	0.0128	-0.0076	0.7817	-0.0085	Myeloid cell
18403.86	15972.16	-0.0348	-0.0052	-0.0215	0.8574	-0.0131	Myeloid cell
18399.86	15985.16	0.0844	0.0013	0.5410	-0.0014	0.0015	cDC1
18397.36	16052.66	-0.0040	-0.0163	0.0845	0.6606	-0.0428	Myeloid cell
18396.36	16212.66	0.7314	0.0191	-0.0126	0.8711	-0.0320	Double pos cDC2
18396.36	16069.16	0.4104	0.0027	0.1796	-0.0102	-0.0072	cDC2
18395.86	16334.66	0.8433	0.0258	-0.0150	0.9233	-0.0278	Double pos cDC2
18386.86	16067.66	-0.0116	0.0031	-0.0125	0.6948	-0.0127	Myeloid cell
18385.86	16023.16	0.7090	-0.0229	-0.0591	0.7524	-0.0717	Double pos cDC2
18385.36	16151.66	0.8228	-0.0126	-0.0350	0.6099	-0.0543	Double pos cDC2
18384.36	16002.16	-0.0358	0.0045	-0.0133	0.8271	-0.0231	Myeloid cell
18382.36	16088.66	-0.0856	-0.0768	0.6816	-0.0734	-0.0664	cDC1
18381.86	16167.16	-0.0580	-0.0062	-0.0198	0.8730	-0.0329	Myeloid cell
18381.36	16092.16	-0.0732	-0.0616	0.7202	-0.0574	-0.0556	cDC1
18380.86	16230.66	0.7056	-0.0397	-0.0508	0.0095	-0.0434	cDC2
18379.36	16024.16	0.4148	-0.0156	-0.0348	0.8364	-0.0480	Double pos cDC2
18377.36	16172.66	0.0364	-0.0194	-0.0248	0.7969	-0.0576	Myeloid cell
18373.86	16197.66	0.4575	-0.0296	-0.0382	0.7793	-0.0643	Double pos cDC2
18373.36	16210.66	0.4172	-0.0261	-0.0188	0.7817	-0.0607	Double pos cDC2
18371.86	16180.16	-0.0209	0.0108	0.0019	0.9077	-0.0108	Myeloid cell
18370.36	16206.66	0.0002	-0.0246	-0.0347	0.7510	-0.0433	Myeloid cell
18369.86	16052.16	-0.0728	0.5273	-0.0740	-0.0715	-0.0689	pDC
18369.86	15955.66	-0.0460	-0.0025	-0.0138	0.8730	-0.0164	Myeloid cell
18368.86	16274.16	0.7539	0.0024	-0.0294	0.8569	-0.0421	Double pos cDC2
18368.36	16342.16	-0.0476	0.0139	-0.0038	0.9399	-0.0166	Myeloid cell
18367.36	16088.66	0.5298	0.0146	-0.0095	0.9106	-0.0294	Double pos cDC2
18366.36	16297.16	0.3879	0.0049	-0.0194	0.8882	-0.0324	Myeloid cell
18361.86	16058.16	0.6431	-0.0182	-0.0367	0.2086	-0.0149	cDC2
18358.86	16063.66	0.0288	-0.0221	-0.0730	0.5449	-0.0709	Myeloid cell
18355.86	16327.66	-0.0440	0.0168	-0.0027	0.9482	-0.0141	Myeloid cell
18354.36	16293.16	0.7109	-0.0175	-0.0355	0.4607	-0.0539	Double pos cDC2
18351.86	16082.16	-0.0394	0.0056	-0.0097	0.8682	-0.0094	Myeloid cell
18351.36	16307.16	0.3418	-0.0036	-0.0228	0.8506	-0.0421	Myeloid cell
18350.36	16332.66	0.5894	-0.0252	-0.0269	0.7925	-0.0460	Double pos cDC2
18343.86	16148.66	-0.0665	-0.0028	-0.0263	0.7559	-0.0371	Myeloid cell
18342.86	16174.16	0.5410	-0.0189	0.1609	-0.0312	-0.0268	cDC2
18342.36	16241.16	0.5186	-0.0065	-0.0264	0.8833	-0.0501	Double pos cDC2
18338.36	16153.16	-0.0646	0.0032	-0.0135	0.9043	-0.0272	Myeloid cell
18337.36	16189.66	-0.0745	-0.0010	-0.0196	0.9038	-0.0369	Myeloid cell
18336.86	16236.16	-0.0457	-0.0077	-0.0232	0.8804	-0.0423	Myeloid cell
18336.86	16171.66	0.6914	-0.0498	-0.0567	-0.0533	-0.0508	cDC2
18335.86	16204.66	-0.0385	-0.0099	-0.0154	0.8262	-0.0214	Myeloid cell
18330.86	16249.16	-0.0635	-0.0245	-0.0312	0.6440	-0.0391	Myeloid cell
18328.36	16319.16	0.0198	-0.0310	0.7144	-0.0078	-0.0082	cDC1
18325.86	16300.16	0.8452	-0.0141	-0.0049	0.1476	-0.0446	cDC2
18958.86	13883.16	-0.0981	-0.0670	0.6279	-0.0515	-0.0732	cDC1
18941.86	13876.66	-0.0926	-0.0793	0.6802	-0.0771	-0.0685	cDC1
18939.36	13910.66	-0.0875	-0.0669	0.7563	-0.0557	-0.0558	cDC1
18934.36	13930.16	-0.0803	-0.0570	0.7666	-0.0458	-0.0461	cDC1
18931.86	13874.16	-0.0214	-0.0459	0.5708	-0.0191	-0.0081	cDC1
18917.86	13870.16	-0.0831	-0.0558	0.5767	-0.0382	-0.0421	cDC1
18902.86	13867.66	-0.1127	-0.0999	0.5991	-0.0901	-0.0881	cDC1
18881.86	13876.16	-0.0398	-0.0456	0.5615	-0.0499	-0.0379	cDC1
18881.36	13855.66	-0.0873	-0.0710	0.7563	-0.0580	-0.0605	cDC1
18877.86	13857.66	-0.0870	-0.0660	0.6836	-0.0584	-0.0662	cDC1
18857.36	13812.66	-0.0676	-0.0562	0.7139	-0.0561	-0.0546	cDC1
18856.86	13860.66	-0.0875	-0.0757	0.6089	-0.0732	-0.0674	cDC1
18854.36	13905.16	-0.0829	-0.0198	-0.0302	0.7817	-0.0441	Myeloid cell
18849.36	13888.66	0.2744	-0.0319	0.1886	-0.0263	0.1941	Other cell
18832.86	13894.66	-0.0710	-0.0751	0.6299	-0.0655	-0.0576	cDC1
18829.86	13827.66	-0.0544	-0.0304	0.6348	-0.0011	-0.0186	cDC1
18825.86	13914.16	-0.0876	-0.0648	0.7036	-0.0515	-0.0524	cDC1
18824.36	13894.16	-0.1053	-0.0883	0.6250	-0.0751	-0.0732	cDC1
18820.86	13930.16	0.0056	0.0656	0.0592	0.8457	0.0242	Myeloid cell
18818.86	13893.66	-0.1100	-0.0916	0.6475	-0.0805	-0.0805	cDC1
18808.86	13926.66	-0.0665	-0.0053	-0.0135	0.7280	-0.0235	Myeloid cell
18808.36	13867.66	-0.0715	-0.0563	0.6562	-0.0524	-0.0518	cDC1
18798.36	13896.16	0.7881	-0.0406	-0.0481	-0.0258	-0.0074	cDC2
18796.36	13883.16	-0.0908	-0.0685	0.7778	-0.0550	-0.0595	cDC1
18784.36	13918.16	0.1875	-0.0507	0.3423	-0.0441	0.0540	Other cell
18780.86	13894.66	-0.0800	-0.0152	-0.0263	0.8013	-0.0388	Myeloid cell
18775.86	13829.16	-0.0626	-0.0668	0.5493	-0.0657	-0.0536	cDC1
18773.36	13889.66	-0.0801	-0.0366	-0.0482	0.4971	-0.0511	Myeloid cell
18772.86	13896.16	-0.0615	-0.0264	-0.0378	0.3960	-0.0351	Other cell
18766.86	13909.16	0.7119	-0.0180	-0.0374	-0.0089	-0.0126	cDC2
18764.86	13889.16	0.2546	-0.0445	0.0511	-0.0386	0.1766	Other cell
18757.86	13908.16	-0.0414	0.0048	-0.0024	0.7085	-0.0176	Myeloid cell
18756.86	13919.16	-0.1006	-0.0777	0.5898	-0.1008	-0.0733	cDC1
18755.86	13900.66	-0.0782	0.0153	-0.0481	0.7026	-0.0220	Myeloid cell
18755.86	13874.66	-0.0888	-0.0780	0.6650	-0.0707	-0.0695	cDC1
18754.36	13825.66	-0.0651	-0.0480	0.7383	-0.0472	-0.0507	cDC1
18753.86	13857.16	-0.0735	-0.0604	0.6836	-0.0569	-0.0561	cDC1
18749.86	13904.66	0.3386	-0.0355	0.2625	0.0784	0.0498	Other cell
18737.86	13901.66	-0.0813	-0.0665	0.6763	-0.0582	-0.0564	cDC1
18725.86	13848.66	-0.0876	-0.0693	0.7158	-0.0669	-0.0641	cDC1
18703.86	13895.66	-0.0998	-0.0823	0.7051	-0.0712	-0.0693	cDC1
18701.36	13828.66	-0.0052	-0.0158	0.6611	-0.0526	-0.0095	cDC1
18691.36	13834.66	-0.0218	0.0012	0.7725	-0.0262	0.0001	cDC1
18661.36	13913.66	-0.0474	-0.0576	0.5010	-0.0540	-0.0444	cDC1
18659.86	13855.66	-0.0966	-0.0764	0.6807	-0.0703	-0.0712	cDC1
18657.86	13876.66	-0.1062	-0.0814	0.6411	-0.0770	-0.0775	cDC1
18651.36	13896.66	-0.0975	-0.0739	0.7539	-0.0637	-0.0634	cDC1
18650.86	13877.16	-0.1004	-0.0830	0.6631	-0.0728	-0.0715	cDC1
18632.86	13880.66	-0.0808	-0.0594	0.7534	-0.0525	-0.0537	cDC1
18622.86	13881.66	-0.1083	-0.0915	0.7100	-0.0751	-0.0742	cDC1
18546.86	13930.16	-0.0764	-0.0511	0.8369	-0.0357	-0.0443	cDC1
18958.86	14399.16	0.6235	-0.0053	-0.0237	0.1210	0.0193	cDC2
18951.86	14279.16	-0.0184	-0.0167	0.4365	-0.0060	-0.0087	cDC1
18921.86	14090.16	-0.0645	-0.0037	-0.0190	0.8550	-0.0305	Myeloid cell
18919.36	14277.16	-0.0404	-0.0079	0.8164	-0.0010	-0.0154	cDC1
18896.86	14158.66	-0.0934	-0.0155	0.1263	0.5625	-0.0331	Myeloid cell
18893.86	14408.66	0.5908	-0.0221	0.0134	0.1582	-0.0352	cDC2
18865.86	14228.66	0.1707	0.0161	0.0072	0.8057	-0.0149	Myeloid cell
18861.86	14227.16	-0.0244	0.0043	0.0333	0.5361	-0.0056	Myeloid cell
18848.36	14119.66	-0.0665	0.0014	-0.0167	0.8896	-0.0294	Myeloid cell
18820.36	13933.66	-0.0525	0.0068	-0.0097	0.9189	-0.0199	Myeloid cell
18806.36	14290.16	-0.0345	0.0213	0.0033	0.9644	-0.0116	Myeloid cell
18788.86	14265.16	-0.0492	0.0002	-0.0142	0.5879	-0.0160	Myeloid cell
18780.86	14228.66	-0.0557	0.0109	-0.0066	0.9600	-0.0215	Myeloid cell
18779.86	14126.66	-0.0181	0.0134	0.0119	0.5039	-0.0026	Myeloid cell
18763.86	14288.66	-0.0509	0.0092	-0.0091	0.9224	-0.0183	Myeloid cell
18762.36	14123.16	-0.0710	-0.0098	-0.0217	0.8066	-0.0349	Myeloid cell
18759.36	14229.16	-0.0486	0.0139	-0.0034	0.9648	-0.0145	Myeloid cell
18756.86	14117.66	-0.0591	0.0002	-0.0162	0.8350	-0.0264	Myeloid cell
18754.36	14258.66	-0.0345	0.0248	0.0046	0.9863	-0.0062	Myeloid cell
18724.36	14228.16	-0.0380	0.0169	0.0030	0.9468	-0.0119	Myeloid cell
18712.36	14232.16	-0.0334	0.0096	0.0034	0.8486	-0.0132	Myeloid cell
18691.36	14225.16	-0.0355	0.0287	0.0143	0.9756	-0.0079	Myeloid cell
18690.36	14277.16	-0.0498	0.0063	-0.0092	0.9136	-0.0198	Myeloid cell
18688.36	14271.66	-0.0682	-0.0126	-0.0281	0.8184	-0.0431	Myeloid cell
18685.86	14168.16	-0.0578	0.0016	-0.0162	0.8574	-0.0228	Myeloid cell
18684.36	14266.16	-0.0504	0.0057	-0.0004	0.7812	-0.0105	Myeloid cell
18676.86	14212.16	-0.0557	0.0035	-0.0126	0.8535	-0.0227	Myeloid cell
18675.36	13933.66	-0.1178	-0.0947	0.6152	-0.0909	-0.0845	cDC1
18666.36	13956.66	-0.0287	-0.0281	0.4590	-0.0301	-0.0244	cDC1
18637.36	14208.66	-0.0603	-0.0105	-0.0286	0.8237	-0.0123	Myeloid cell
18636.86	14272.66	-0.0909	-0.0213	0.0076	0.7095	-0.0439	Myeloid cell
18631.36	14247.16	-0.0361	0.0211	0.0023	0.9834	-0.0080	Myeloid cell
18623.86	14293.66	-0.0518	0.0086	-0.0077	0.9248	-0.0182	Myeloid cell
18618.36	14222.66	-0.0523	0.0034	-0.0130	0.0316	0.8755	B cell
18608.36	14301.66	-0.0596	-0.0004	-0.0158	0.8267	-0.0199	Myeloid cell
18535.36	14223.66	-0.0596	-0.0118	-0.0098	0.7188	-0.0208	Myeloid cell
18514.36	14187.66	-0.0662	-0.0008	-0.0169	0.8354	-0.0269	Myeloid cell
18500.86	14291.66	-0.0391	0.0180	0.0003	0.9575	-0.0100	Myeloid cell
18489.86	14278.66	-0.0557	0.0069	-0.0102	0.8926	-0.0204	Myeloid cell
18461.36	14239.16	-0.0447	0.0312	0.0095	1.0176	-0.0087	Myeloid cell
18958.86	15181.66	0.0439	0.0011	0.5186	-0.0110	0.0246	cDC1
18956.36	15158.16	0.1300	-0.0627	0.2678	-0.1107	0.0018	Other cell
18949.86	15217.16	-0.0365	0.0022	-0.0146	0.5098	-0.0242	Myeloid cell
18947.36	14886.66	0.4363	-0.0336	-0.0193	-0.0441	0.2512	cDC2
18946.36	15164.66	0.1204	-0.0418	0.4128	-0.0733	0.0569	cDC1
18931.36	15230.16	-0.0761	-0.0366	0.5771	-0.0845	-0.0412	cDC1
18928.86	15204.66	0.6714	-0.0187	-0.0143	0.0698	-0.0011	cDC2
18898.36	15233.16	0.5166	-0.0428	-0.0484	0.1204	-0.0038	cDC2
18894.36	15244.66	0.0179	0.0386	0.0432	0.4031	0.0117	Myeloid cell
18842.36	15041.66	0.6851	-0.0341	-0.0407	-0.0393	0.4514	Invalid
18820.86	15233.66	-0.0153	0.0207	-0.0008	0.8525	-0.0044	Myeloid cell
18729.86	14968.66	-0.0597	0.7886	-0.0479	-0.0298	-0.0472	pDC
18692.86	14969.16	-0.0767	0.7241	-0.0414	-0.0095	-0.0224	pDC
18512.36	14989.66	-0.0662	0.5054	-0.0621	-0.0803	-0.0182	pDC
18484.86	14986.16	-0.0152	0.4585	-0.0291	-0.0215	-0.0162	pDC
18958.86	15432.66	0.0955	0.0325	-0.0373	0.7202	-0.0685	Myeloid cell
18958.86	15412.66	-0.0633	-0.0052	-0.0204	0.8408	-0.0304	Myeloid cell
18958.86	15385.66	-0.0675	-0.0001	-0.0166	0.8721	-0.0297	Myeloid cell
18954.36	15455.16	0.0370	-0.0132	-0.0335	0.7754	-0.0441	Myeloid cell
18948.86	15318.66	-0.0542	0.0056	-0.0096	0.8867	-0.0216	Myeloid cell
18946.86	15528.16	-0.0509	0.0098	-0.0042	0.9160	-0.0205	Myeloid cell
18943.36	15410.16	-0.0543	0.0087	-0.0080	0.9165	-0.0211	Myeloid cell
18940.86	15688.66	-0.0646	-0.0043	-0.0181	0.8188	-0.0285	Myeloid cell
18937.86	15382.16	-0.0570	-0.0079	-0.0188	0.8525	-0.0275	Myeloid cell
18936.36	15664.66	-0.0501	0.0127	-0.0049	0.9390	-0.0174	Myeloid cell
18935.86	15434.66	0.0848	-0.0102	-0.0089	0.6479	-0.0382	Myeloid cell
18930.36	15455.16	-0.0640	-0.0076	-0.0214	0.8516	-0.0336	Myeloid cell
18928.36	15447.66	-0.0649	-0.0010	-0.0167	0.8765	-0.0331	Myeloid cell
18919.36	15514.16	-0.0002	0.0079	0.0004	0.8926	-0.0181	Myeloid cell
18914.36	15489.66	-0.0103	0.0095	-0.0084	0.7993	-0.0194	Myeloid cell
18912.36	15596.16	-0.0711	-0.0009	-0.0177	0.8955	-0.0343	Myeloid cell
18908.86	15845.66	-0.0462	0.0126	-0.0046	0.9282	-0.0174	Myeloid cell
18905.86	15407.66	-0.0459	0.0107	-0.0055	0.9272	-0.0199	Myeloid cell
18894.86	15614.16	0.1189	-0.0348	-0.0249	0.7480	-0.0779	Myeloid cell
18885.86	15475.66	-0.0530	-0.0202	-0.0181	0.7759	-0.0403	Myeloid cell
18882.36	15838.66	-0.0522	0.0049	-0.0106	0.9023	-0.0211	Myeloid cell
18878.36	15496.66	-0.0537	-0.0024	-0.0153	0.8423	-0.0220	Myeloid cell
18871.36	15586.66	0.5923	-0.0218	-0.0160	0.1093	-0.0298	cDC2
18869.36	15850.16	-0.0716	-0.0113	0.0071	0.7744	-0.0276	Myeloid cell
18865.86	15865.16	-0.0547	0.0126	-0.0059	0.9658	-0.0208	Myeloid cell
18862.36	15632.16	-0.0134	0.0149	-0.0028	0.7974	-0.0166	Myeloid cell
18857.36	15461.16	-0.0434	-0.0272	-0.0286	0.8145	-0.0408	Myeloid cell
18855.86	15707.16	-0.0837	-0.0269	-0.0287	0.7295	-0.0524	Myeloid cell
18854.86	15474.66	-0.0498	0.0121	-0.0043	0.9482	-0.0204	Myeloid cell
18854.36	15577.16	0.9800	-0.0201	-0.0200	0.0100	-0.0260	cDC2
18852.36	15489.16	-0.0625	0.0001	-0.0161	0.8823	-0.0250	Myeloid cell
18848.86	15860.16	-0.0382	0.0149	0.0012	0.8862	-0.0097	Myeloid cell
18848.86	15588.66	-0.0527	0.0075	-0.0064	0.8848	-0.0191	Myeloid cell
18846.86	15608.16	-0.0160	-0.0398	-0.0565	0.7739	-0.0632	Myeloid cell
18844.36	15321.66	-0.0434	0.0047	-0.0200	0.9297	-0.0363	Myeloid cell
18838.36	15542.16	-0.0559	0.0092	-0.0077	0.9390	-0.0194	Myeloid cell
18835.86	15666.16	0.0699	-0.0003	0.0062	0.8730	-0.0300	Myeloid cell
18830.36	15841.66	-0.0612	0.0037	-0.0124	0.9106	-0.0271	Myeloid cell
18826.86	15808.16	-0.0489	0.0133	-0.0035	0.9536	-0.0181	Myeloid cell
18826.86	15557.16	-0.0338	0.0155	0.0028	0.9175	-0.0107	Myeloid cell
18825.36	15424.66	-0.0659	-0.0010	-0.0180	0.8438	-0.0287	Myeloid cell
18824.36	15826.16	-0.0789	-0.0311	0.0406	0.5381	-0.0363	Myeloid cell
18824.36	15595.66	-0.0447	0.0123	-0.0019	0.0215	0.9575	B cell
18823.86	15840.16	-0.0632	-0.0171	-0.0280	0.8184	-0.0355	Myeloid cell
18823.86	15660.16	-0.0678	-0.0006	-0.0170	0.8784	-0.0311	Myeloid cell
18822.36	15688.66	0.3276	-0.0216	-0.0367	0.6812	-0.0420	Myeloid cell
18818.86	15554.16	0.0187	0.0045	-0.0167	0.3818	-0.0043	Other cell
18818.36	15682.16	0.8555	-0.0266	-0.0367	0.0385	-0.0357	cDC2
18817.86	15794.66	-0.0421	0.0088	-0.0068	0.9053	-0.0171	Myeloid cell
18815.86	15742.66	-0.0500	-0.0303	-0.0385	0.5557	-0.0426	Myeloid cell
18815.86	15611.66	0.5576	-0.0143	-0.0064	0.1615	-0.0415	cDC2
18813.86	15549.16	-0.0681	0.0037	-0.0145	0.9116	-0.0290	Myeloid cell
18810.36	15748.66	0.2351	0.0259	0.0004	0.8872	-0.0062	Myeloid cell
18801.36	15464.66	-0.0745	-0.0052	-0.0209	0.8853	-0.0375	Myeloid cell
18800.36	15440.16	-0.0591	0.0052	-0.0115	0.8989	-0.0265	Myeloid cell
18799.86	15634.16	-0.0450	-0.0062	-0.0190	0.7329	-0.0222	Myeloid cell
18798.36	15590.66	0.9531	-0.0153	-0.0243	0.0521	-0.0337	cDC2
18782.86	15493.16	-0.0517	0.0082	-0.0098	0.9131	-0.0189	Myeloid cell
18781.36	15599.66	0.8203	-0.0096	-0.0362	0.6880	-0.0559	Double pos cDC2
18781.36	15569.66	-0.0363	-0.0159	-0.0211	0.7983	-0.0396	Myeloid cell
18777.86	15827.16	-0.0267	0.0099	0.0015	0.8364	-0.0101	Myeloid cell
18775.86	15835.66	-0.0478	0.0098	-0.0053	0.9136	-0.0179	Myeloid cell
18765.36	15501.16	0.1421	-0.0013	-0.0149	0.8550	-0.0339	Myeloid cell
18764.36	15494.16	-0.0267	-0.0102	-0.0196	0.7827	-0.0417	Myeloid cell
18763.86	15453.16	-0.0548	0.0059	-0.0081	0.8735	-0.0206	Myeloid cell
18762.36	15766.66	0.0001	0.0306	-0.0129	0.6294	-0.0318	Myeloid cell
18760.86	15563.16	0.9102	-0.0125	-0.0243	0.0206	-0.0267	cDC2
18757.36	15454.16	-0.0478	0.0017	-0.0109	0.8477	-0.0174	Myeloid cell
18748.86	15931.16	0.1691	0.0143	0.0024	0.7935	-0.0543	Myeloid cell
18748.36	15489.66	-0.0859	-0.0026	-0.0645	0.6826	-0.0624	Myeloid cell
18743.86	15670.66	-0.0652	-0.0059	-0.0277	0.7119	-0.0357	Myeloid cell
18734.36	15543.66	-0.0238	0.0097	-0.0051	0.8589	-0.0144	Myeloid cell
18732.36	15708.16	-0.0464	0.0083	-0.0071	0.8877	-0.0166	Myeloid cell
18726.86	15774.16	0.7710	-0.0139	-0.0408	0.8174	-0.0620	Double pos cDC2
18726.36	15761.16	-0.0616	-0.0084	-0.0207	0.8286	-0.0197	Myeloid cell
18720.86	15807.66	-0.0625	0.0041	-0.0111	0.8877	-0.0258	Myeloid cell
18720.36	15774.16	0.1493	0.0095	-0.0021	0.8633	-0.0340	Myeloid cell
18716.86	15878.66	-0.0638	-0.0053	-0.0241	0.8721	-0.0339	Myeloid cell
18715.36	15746.66	0.8389	-0.0314	-0.0381	-0.0357	-0.0399	cDC2
18714.86	15829.16	-0.0570	0.0088	-0.0083	0.9277	-0.0229	Myeloid cell
18711.36	15879.66	-0.0696	-0.0042	0.0260	0.5845	-0.0123	Myeloid cell
18708.36	15729.66	-0.0591	0.0099	-0.0084	0.9302	-0.0220	Myeloid cell
18704.86	15739.66	-0.0448	0.0131	-0.0023	0.9097	-0.0133	Myeloid cell
18701.36	15709.16	0.5669	-0.0005	-0.0311	0.8413	-0.0526	Double pos cDC2
18697.86	15872.16	0.8936	-0.0140	-0.0262	-0.0105	-0.0226	cDC2
18697.86	15642.16	0.0520	-0.0123	-0.0500	0.8237	-0.0490	Myeloid cell
18693.36	15895.66	0.0325	0.0006	-0.0208	0.7476	-0.0312	Myeloid cell
18690.86	15901.16	0.0198	0.0019	-0.0328	0.7300	-0.0482	Myeloid cell
18690.86	15843.16	-0.0693	-0.0074	-0.0217	0.8291	-0.0344	Myeloid cell
18688.36	15849.16	-0.0729	-0.0113	-0.0246	0.8599	-0.0394	Myeloid cell
18686.36	15686.16	0.7817	-0.0368	-0.0463	-0.0450	-0.0497	cDC2
18681.86	15646.66	-0.0481	0.0112	-0.0057	0.9297	-0.0178	Myeloid cell
18677.36	15724.66	-0.0717	-0.0039	-0.0193	0.8462	-0.0336	Myeloid cell
18665.86	15728.66	0.7520	-0.0416	-0.0473	-0.0294	-0.0468	cDC2
18661.86	15731.66	0.8701	-0.0238	-0.0330	-0.0256	-0.0353	cDC2
18660.36	15739.16	0.8457	-0.0292	-0.0338	-0.0206	-0.0390	cDC2
18645.36	15732.16	-0.0659	-0.0163	-0.0285	0.8086	-0.0409	Myeloid cell
18634.36	15689.16	-0.0545	-0.0086	-0.0590	0.7183	-0.0623	Myeloid cell
18627.86	15787.66	0.8872	-0.0152	-0.0254	-0.0145	-0.0259	cDC2
18627.36	15858.66	0.8706	-0.0244	-0.0338	-0.0164	-0.0381	cDC2
18625.36	15755.16	-0.0640	0.0069	-0.0119	0.9395	-0.0278	Myeloid cell
18625.36	15651.66	-0.0410	-0.0278	0.6758	-0.0453	-0.0326	cDC1
18617.86	15838.16	-0.0555	0.0063	-0.0079	0.8813	-0.0213	Myeloid cell
18614.86	15908.66	-0.0444	0.0117	-0.0042	0.9082	-0.0138	Myeloid cell
18613.86	15678.16	-0.0289	-0.0054	-0.0186	0.8140	-0.0316	Myeloid cell
18611.36	15685.66	0.5762	-0.0122	-0.0251	0.5854	-0.0273	Double pos cDC2
18603.86	15659.66	-0.0716	-0.0098	-0.0236	0.7876	-0.0374	Myeloid cell
18602.86	15884.66	-0.0431	-0.0046	-0.0201	0.8174	-0.0295	Myeloid cell
18601.86	15937.16	-0.0287	-0.0166	-0.0284	0.7280	-0.0362	Myeloid cell
18600.86	15692.66	0.7412	-0.0402	-0.0459	-0.0458	-0.0510	cDC2
18600.36	15760.16	0.0628	-0.0453	0.0235	0.6426	-0.0926	Myeloid cell
18592.86	15900.16	-0.0662	-0.0155	-0.0279	0.8101	-0.0359	Myeloid cell
18592.36	15852.16	0.0629	-0.0421	-0.0458	0.7070	-0.0634	Myeloid cell
18592.36	15693.16	0.8872	-0.0186	-0.0304	0.0753	-0.0354	cDC2
18590.86	15837.66	0.0709	0.0139	0.0019	0.5767	0.0059	Myeloid cell
18589.36	15846.16	-0.0517	-0.0089	-0.0179	0.7661	-0.0271	Myeloid cell
18588.36	15797.66	0.0253	-0.0174	-0.0238	0.8364	-0.0486	Myeloid cell
18586.36	15905.66	-0.0854	-0.0395	-0.0463	0.6860	-0.0475	Myeloid cell
18581.36	15899.16	0.8511	-0.0320	-0.0395	-0.0325	-0.0424	cDC2
18580.36	15696.66	0.6968	0.0099	-0.0144	0.7896	-0.0349	Double pos cDC2
18579.36	15733.16	0.5400	0.0556	0.0192	0.8975	0.0108	Double pos cDC2
18577.86	15894.66	0.0717	0.0243	0.0236	0.6753	0.0153	Myeloid cell
18577.86	15705.16	0.8613	-0.0292	-0.0356	-0.0311	-0.0393	cDC2
18572.36	15809.66	-0.0643	-0.0033	-0.0187	0.8418	-0.0283	Myeloid cell
18571.86	15855.66	0.6299	-0.0088	-0.0274	0.6587	-0.0492	Double pos cDC2
18569.86	15835.16	0.0443	-0.0039	-0.0115	0.8350	-0.0248	Myeloid cell
18569.86	15788.16	0.0619	-0.0331	-0.0358	0.8096	-0.0604	Myeloid cell
18568.86	15888.16	-0.0442	0.0068	-0.0107	0.8887	-0.0183	Myeloid cell
18567.86	15743.66	-0.0525	-0.0120	-0.0242	0.8311	-0.0276	Myeloid cell
18567.36	15781.16	-0.0679	-0.0129	-0.0269	0.7690	-0.0342	Myeloid cell
18566.86	15824.66	0.6875	0.0171	-0.0044	0.9043	-0.0249	Double pos cDC2
18564.36	15854.16	0.8003	-0.0115	-0.0252	0.1364	-0.0147	cDC2
18563.86	15896.66	-0.0246	-0.0482	-0.0671	0.7427	-0.0704	Myeloid cell
18560.86	15876.16	0.7622	0.0102	-0.0189	0.9043	-0.0359	Double pos cDC2
18560.86	15867.16	-0.0753	-0.0126	-0.0292	0.8486	-0.0426	Myeloid cell
18559.86	15913.66	0.5142	-0.0468	-0.0525	-0.0362	-0.0600	cDC2
18556.86	15891.66	0.7798	-0.0365	-0.0456	-0.0386	-0.0447	cDC2
18556.86	15842.16	-0.0583	0.0020	-0.0146	0.8467	-0.0236	Myeloid cell
18555.36	15833.66	-0.0449	-0.0095	-0.0196	0.6772	-0.0277	Myeloid cell
18552.36	15889.16	0.8140	-0.0291	-0.0413	-0.0387	-0.0418	cDC2
18551.86	15863.66	0.5820	-0.0339	-0.0608	0.7188	-0.0594	Double pos cDC2
18545.86	15806.16	-0.0359	-0.0029	-0.0210	0.6396	-0.0355	Myeloid cell
18544.86	15775.16	-0.0404	-0.0268	-0.0390	0.5591	-0.0373	Myeloid cell
18543.86	15908.66	-0.0526	0.0029	0.0024	0.8188	-0.0149	Myeloid cell
18542.86	15934.66	-0.0814	-0.0170	-0.0326	0.8286	-0.0454	Myeloid cell
18539.86	15921.66	0.7930	-0.0429	-0.0486	-0.0428	-0.0505	cDC2
18539.36	15779.16	-0.0632	-0.0120	-0.0224	0.8320	-0.0323	Myeloid cell
18538.36	15733.16	0.1257	-0.0026	-0.0565	0.5942	-0.0532	Myeloid cell
18535.36	15765.16	0.8628	-0.0227	-0.0298	-0.0178	-0.0363	cDC2
18534.86	15828.16	-0.0773	-0.0218	-0.0336	0.7505	-0.0429	Myeloid cell
18528.86	15864.66	-0.0262	0.0051	-0.0245	0.8403	-0.0253	Myeloid cell
18519.36	15811.66	-0.0494	0.0152	-0.0042	0.9492	-0.0159	Myeloid cell
18518.86	15915.16	-0.0703	-0.0014	-0.0173	0.8833	-0.0320	Myeloid cell
18512.36	15851.16	0.0765	-0.0037	-0.0509	0.8110	-0.0498	Myeloid cell
18510.86	15900.66	-0.0157	-0.0037	-0.0153	0.8740	-0.0321	Myeloid cell
18508.86	15891.16	0.1425	-0.0007	-0.0135	0.9014	-0.0411	Myeloid cell
18508.36	15732.66	-0.0543	0.0028	-0.0118	0.8101	-0.0210	Myeloid cell
18506.36	15825.16	-0.0204	-0.0084	-0.0255	0.8550	-0.0403	Myeloid cell
18502.86	15827.66	0.6636	-0.0191	-0.0435	0.7827	-0.0620	Double pos cDC2
18500.36	15866.66	0.1678	0.0490	-0.0408	0.7905	-0.0748	Myeloid cell
18497.86	15783.66	0.8706	-0.0186	-0.0361	0.2081	-0.0709	cDC2
18485.36	15907.16	0.1866	-0.0198	-0.0243	0.7036	-0.0534	Myeloid cell
18484.36	15806.16	-0.0386	-0.0437	-0.0471	0.7305	-0.0670	Myeloid cell
18479.36	15822.66	-0.0602	-0.0174	-0.0213	0.8350	-0.0305	Myeloid cell
18478.86	15859.66	0.0948	-0.0083	-0.0385	0.8062	-0.0629	Myeloid cell
18477.86	15880.66	0.0186	0.0118	-0.0148	0.7788	-0.0228	Myeloid cell
18469.86	15871.16	-0.0535	-0.0150	-0.0289	0.6553	-0.0322	Myeloid cell
18955.36	16257.66	0.7690	-0.0401	-0.0494	-0.0446	-0.0437	cDC2
18954.86	16254.16	0.7139	-0.0525	-0.0578	-0.0422	-0.0518	cDC2
18940.86	16265.16	0.0570	0.0038	-0.0115	0.7969	-0.0234	Myeloid cell
18928.36	16382.66	-0.0434	-0.0226	0.0155	0.7524	-0.0291	Myeloid cell
18926.86	16246.66	0.6836	0.0239	-0.0087	0.9438	-0.0371	Double pos cDC2
18926.36	16202.66	-0.0527	-0.0027	-0.0166	0.8423	-0.0198	Myeloid cell
18924.86	16277.16	-0.0674	-0.0522	0.7427	-0.0470	-0.0504	cDC1
18924.36	16243.16	0.5293	-0.0399	-0.0493	0.6587	-0.0732	Double pos cDC2
18917.36	16584.16	0.8521	-0.0291	-0.0356	-0.0091	-0.0370	cDC2
18916.86	16431.16	-0.0434	0.0071	-0.0034	0.8638	-0.0138	Myeloid cell
18915.36	16546.66	0.7808	-0.0410	-0.0468	0.0529	-0.0580	cDC2
18909.86	16550.66	0.6548	-0.0408	-0.0498	0.0162	-0.0403	cDC2
18906.36	16483.16	-0.0476	-0.0326	-0.0576	0.7891	-0.0466	Myeloid cell
18896.36	16596.16	0.7983	-0.0296	-0.0113	0.0255	-0.0391	cDC2
18893.86	16428.66	-0.0464	0.0017	-0.0114	0.8018	-0.0167	Myeloid cell
18888.86	16595.16	0.0164	0.0036	-0.0004	0.8071	-0.0338	Myeloid cell
18888.86	16089.66	-0.0212	-0.0171	-0.0370	0.7598	-0.0547	Myeloid cell
18883.36	16277.16	-0.0403	-0.0330	0.7925	-0.0311	-0.0312	cDC1
18880.36	16548.16	-0.0141	0.0127	-0.0026	0.8892	-0.0100	Myeloid cell
18873.36	16142.66	-0.0371	-0.0026	-0.0117	0.7061	-0.0268	Myeloid cell
18868.86	16573.16	0.0557	-0.0032	-0.0081	0.8906	-0.0406	Myeloid cell
18867.36	16554.66	0.6724	-0.0084	-0.0375	0.7358	-0.0473	Double pos cDC2
18853.86	16462.16	-0.0560	0.0030	-0.0134	0.8726	-0.0235	Myeloid cell
18846.36	16273.16	-0.0190	-0.0320	0.5918	0.1028	-0.0144	cDC1
18842.36	16097.16	-0.0610	0.0095	-0.0096	0.9600	-0.0268	Myeloid cell
18836.36	16525.16	-0.0152	0.0244	0.0101	0.9214	-0.0024	Myeloid cell
18832.36	16486.16	-0.0464	0.0044	-0.0101	0.9038	-0.0239	Myeloid cell
18830.86	16465.66	-0.0528	-0.0002	-0.0105	0.7705	-0.0236	Myeloid cell
18829.86	16129.16	0.7764	0.0024	-0.0337	0.7788	-0.0401	Double pos cDC2
18828.36	16116.66	-0.0534	0.0082	-0.0091	0.9160	-0.0204	Myeloid cell
18827.86	16136.16	0.0565	0.0316	0.0055	0.4609	0.0001	Myeloid cell
18827.36	16260.66	0.7676	-0.0405	-0.0428	-0.0359	-0.0494	cDC2
18825.86	16554.16	-0.0112	0.0076	-0.0080	0.8281	-0.0164	Myeloid cell
18824.36	16187.16	-0.0559	0.0018	-0.0121	0.8862	-0.0242	Myeloid cell
18823.36	16127.16	0.1775	0.0145	-0.0203	0.7788	-0.0152	Myeloid cell
18818.36	16185.16	-0.0358	0.0034	-0.0148	0.8550	-0.0272	Myeloid cell
18814.86	16576.66	-0.0066	-0.0179	-0.0392	0.7461	-0.0492	Myeloid cell
18814.86	16101.16	-0.0634	0.0047	-0.0131	0.9199	-0.0284	Myeloid cell
18814.86	16089.66	-0.0611	-0.0028	-0.0200	0.8604	-0.0296	Myeloid cell
18810.36	16107.66	-0.0635	-0.0049	-0.0188	0.8677	-0.0320	Myeloid cell
18808.36	16310.16	-0.0561	0.0139	-0.0059	0.9619	-0.0196	Myeloid cell
18806.86	16584.16	0.7964	-0.0330	-0.0404	-0.0039	-0.0419	cDC2
18805.36	16125.16	-0.0303	-0.0138	-0.0475	0.8062	-0.0410	Myeloid cell
18804.86	16204.66	0.0034	-0.0234	0.1318	0.5581	-0.0469	Myeloid cell
18804.86	16013.16	-0.0588	0.0043	-0.0126	0.9014	-0.0232	Myeloid cell
18800.86	16019.16	-0.0974	-0.0532	0.0119	0.5386	-0.0186	Myeloid cell
18799.36	16173.16	-0.0684	-0.0402	0.6641	-0.0476	-0.0322	cDC1
18796.86	16357.16	-0.0670	-0.0044	-0.0222	0.7622	-0.0365	Myeloid cell
18793.86	16351.16	0.0267	0.0763	0.0172	0.6436	-0.0069	Myeloid cell
18792.86	16409.16	0.7085	-0.0323	-0.0138	0.0336	-0.0379	cDC2
18790.36	16042.66	-0.0618	-0.0100	-0.0204	0.7959	-0.0208	Myeloid cell
18786.36	16161.66	-0.0487	0.0089	-0.0065	0.9150	-0.0194	Myeloid cell
18781.86	16180.66	-0.0331	-0.0063	-0.0239	0.8496	-0.0281	Myeloid cell
18772.36	16105.66	-0.0571	0.0062	-0.0101	0.8960	-0.0217	Myeloid cell
18772.36	16023.16	-0.0516	0.0077	-0.0086	0.9243	-0.0246	Myeloid cell
18763.36	16248.16	-0.0541	-0.0035	-0.0174	0.8047	-0.0191	Myeloid cell
18758.86	16037.66	-0.0634	0.0029	-0.0135	0.9199	-0.0284	Myeloid cell
18753.36	16596.66	-0.0317	0.0021	-0.0105	0.8555	-0.0182	Myeloid cell
18747.36	16005.16	-0.0442	-0.0238	0.9365	-0.0030	-0.0201	cDC1
18741.86	16481.66	0.0005	0.0154	0.0019	0.9072	-0.0123	Myeloid cell
18741.86	16144.16	-0.0584	-0.0177	-0.0278	0.7720	-0.0341	Myeloid cell
18740.36	16516.66	-0.0518	0.0080	-0.0086	0.8931	-0.0178	Myeloid cell
18736.86	16136.16	-0.0686	-0.0235	-0.0418	0.7905	-0.0298	Myeloid cell
18736.36	16161.66	-0.0520	0.0068	-0.0095	0.8931	-0.0192	Myeloid cell
18729.36	16461.16	0.9634	-0.0040	-0.0163	0.0012	-0.0175	cDC2
18728.36	16572.66	0.6035	-0.0029	-0.0128	0.1160	-0.0310	cDC2
18727.86	16486.16	-0.0047	0.0095	-0.0197	0.8154	-0.0184	Myeloid cell
18723.36	16452.16	0.8735	-0.0137	-0.0280	0.2849	-0.0367	cDC2
18718.36	16413.66	0.6655	-0.0099	0.0062	0.1605	-0.0300	cDC2
18714.36	16466.16	-0.0618	-0.0045	-0.0194	0.8350	-0.0301	Myeloid cell
18707.86	16074.66	-0.0390	0.0017	-0.0138	0.8066	-0.0166	Myeloid cell
18703.86	16309.66	0.7583	-0.0240	-0.0279	0.1183	-0.0425	cDC2
18702.36	16457.16	-0.0409	0.0084	-0.0077	0.8994	-0.0103	Myeloid cell
18700.36	16305.16	0.8071	-0.0351	-0.0429	0.1595	-0.0610	cDC2
18699.86	16023.16	-0.0460	0.0115	-0.0052	0.9170	-0.0153	Myeloid cell
18695.86	16051.16	0.8296	0.0167	-0.0174	0.9165	-0.0356	Double pos cDC2
18692.86	16066.16	-0.1132	-0.1010	0.6089	-0.0916	-0.0834	cDC1
18679.86	16560.66	-0.0498	0.0064	-0.0095	0.8916	-0.0190	Myeloid cell
18676.36	16298.66	-0.0129	-0.0035	-0.0109	0.8940	-0.0292	Myeloid cell
18673.86	16039.66	0.1478	0.0017	-0.0155	0.7505	-0.0277	Myeloid cell
18667.36	16025.66	-0.0509	-0.0451	-0.0586	0.6855	-0.0674	Myeloid cell
18660.36	16506.16	-0.0394	0.0043	-0.0096	0.8750	-0.0169	Myeloid cell
18659.86	16023.16	-0.0539	0.0034	-0.0134	0.8833	-0.0234	Myeloid cell
18645.86	16391.66	-0.0369	0.0204	-0.0067	0.6812	-0.0016	Myeloid cell
18641.36	16273.66	0.4373	0.0055	-0.0052	0.1342	-0.0115	cDC2
18633.36	16380.66	-0.0274	0.0008	-0.0105	0.6426	-0.0307	Myeloid cell
18628.36	16379.66	-0.0283	-0.0033	-0.0206	0.6533	-0.0211	Myeloid cell
18626.36	16454.16	-0.0423	0.0076	-0.0028	0.8320	-0.0145	Myeloid cell
18625.36	16271.16	-0.0871	-0.0138	-0.0202	0.7939	-0.0240	Myeloid cell
18625.36	16255.16	-0.0253	-0.0642	-0.0884	0.7217	-0.0795	Myeloid cell
18621.36	16245.66	0.8867	-0.0154	-0.0262	-0.0130	-0.0243	cDC2
18614.86	15981.16	-0.0531	0.0063	-0.0100	0.8862	-0.0192	Myeloid cell
18613.36	16468.16	0.8994	-0.0135	-0.0246	-0.0117	-0.0231	cDC2
18609.86	15974.16	-0.0643	-0.0352	-0.0475	0.7139	-0.0471	Myeloid cell
18608.36	15970.16	-0.0501	-0.0001	-0.0154	0.8511	-0.0228	Myeloid cell
18603.36	16212.66	-0.0269	0.0100	-0.0074	0.8721	-0.0120	Myeloid cell
18600.36	16091.66	0.1625	-0.0177	-0.0010	0.8945	-0.0565	Myeloid cell
18597.36	16128.16	0.5430	-0.0311	-0.0308	0.0817	-0.0397	cDC2
18596.86	16212.16	-0.0550	-0.0029	-0.0148	0.0133	0.8970	B cell
18596.86	16206.66	-0.0321	-0.0162	-0.0264	0.2251	0.4536	B cell
18595.86	15980.16	0.0468	0.0213	0.0121	0.8828	-0.0098	Myeloid cell
18593.86	16483.16	0.9316	-0.0081	-0.0207	-0.0040	-0.0188	cDC2
18593.86	16388.66	0.0172	0.0182	0.0023	0.7847	0.0012	Myeloid cell
18591.86	16201.16	-0.0618	0.0034	-0.0133	0.9087	-0.0276	Myeloid cell
18582.86	15982.16	-0.0486	0.0062	-0.0341	0.7251	-0.0318	Myeloid cell
18580.36	16266.66	-0.0496	0.0012	-0.0140	0.8550	-0.0145	Myeloid cell
18574.36	16270.66	0.6724	-0.0256	-0.0296	0.0450	-0.0393	cDC2
18573.36	15995.16	0.1409	-0.0100	-0.0253	0.9229	-0.0504	Myeloid cell
18566.36	15947.16	-0.0597	0.0006	-0.0159	0.8853	-0.0286	Myeloid cell
18560.86	16452.66	-0.0726	-0.0023	-0.0192	0.8950	-0.0349	Myeloid cell
18558.86	16004.66	0.7549	-0.0219	-0.0298	-0.0317	-0.0325	cDC2
18557.86	16485.16	-0.0551	-0.0021	-0.0143	0.8545	-0.0248	Myeloid cell
18557.86	16320.66	0.0051	-0.0177	-0.0222	0.7788	-0.0418	Myeloid cell
18554.36	16012.66	0.0037	-0.0325	0.6968	-0.0469	-0.0210	cDC1
18551.86	16140.16	-0.0148	0.0066	-0.0185	0.5938	-0.0184	Myeloid cell
18545.36	16398.16	0.9790	-0.0018	-0.0147	0.0072	-0.0147	cDC2
18542.36	16018.16	-0.0712	-0.0201	-0.0609	0.6660	-0.0475	Myeloid cell
18534.86	16223.16	-0.0477	0.0072	-0.0096	0.8960	-0.0126	Myeloid cell
18531.86	16017.16	-0.0408	0.0043	-0.0113	0.8999	-0.0235	Myeloid cell
18528.36	16484.16	-0.0591	0.0022	-0.0144	0.8638	-0.0249	Myeloid cell
18526.86	16420.16	-0.0472	0.0071	-0.0084	0.9277	-0.0213	Myeloid cell
18525.36	16280.66	-0.0626	-0.0145	-0.0316	0.5503	-0.0440	Myeloid cell
18522.86	16383.66	0.9507	-0.0085	-0.0199	0.0010	-0.0231	cDC2
18522.86	16006.66	-0.0352	-0.0258	-0.0405	0.7271	-0.0496	Myeloid cell
18522.36	15956.16	0.8052	-0.0397	-0.0459	-0.0389	-0.0511	cDC2
18521.36	16414.66	-0.0444	0.0091	-0.0069	0.9170	-0.0182	Myeloid cell
18518.86	16124.66	-0.0504	0.0005	-0.0129	0.8789	-0.0162	Myeloid cell
18517.86	16439.16	-0.0441	0.0120	-0.0050	0.9258	-0.0139	Myeloid cell
18514.36	16004.16	-0.0380	0.0105	-0.0072	0.8623	-0.0124	Myeloid cell
18513.36	16053.16	-0.0381	-0.0342	0.8125	-0.0275	-0.0348	cDC1
18513.36	15958.66	-0.0489	-0.0082	-0.0168	0.8867	-0.0314	Myeloid cell
18511.36	16479.16	-0.1204	-0.0547	-0.0550	0.6030	-0.0690	Myeloid cell
18510.86	16272.66	0.0130	0.0337	0.0114	0.0654	0.4290	B cell
18506.36	16268.16	-0.0177	0.0165	-0.0007	0.9434	-0.0102	Myeloid cell
18505.86	16077.16	0.8643	-0.0222	-0.0334	-0.0015	-0.0348	cDC2
18505.36	16150.66	-0.0501	0.0080	-0.0099	0.9009	-0.0214	Myeloid cell
18502.36	16044.66	0.5176	0.0182	0.0012	0.0041	0.0054	cDC2
18502.36	15968.66	-0.0392	0.0033	-0.0114	0.9023	-0.0282	Myeloid cell
18499.86	16174.66	-0.0487	-0.0174	-0.0164	0.8149	-0.0417	Myeloid cell
18490.86	16083.66	-0.0604	0.0046	-0.0125	0.9092	-0.0266	Myeloid cell
18486.86	16369.16	0.8110	-0.0351	-0.0477	-0.0396	-0.0556	cDC2
18485.36	16292.66	0.5986	-0.0025	0.0549	0.1437	-0.0106	cDC2
18484.36	16344.16	0.9722	-0.0127	-0.0221	0.0009	-0.0306	cDC2
18482.36	16173.16	-0.0513	0.0053	-0.0121	0.8843	-0.0189	Myeloid cell
18481.36	16392.16	-0.0585	0.0064	-0.0107	0.9204	-0.0226	Myeloid cell
18479.86	16155.16	-0.0338	-0.0001	-0.0148	0.7871	-0.0404	Myeloid cell
18477.36	16105.16	-0.0614	0.4778	-0.0601	-0.0528	-0.0520	pDC
18473.86	16204.16	0.1179	-0.0058	-0.0107	0.9507	-0.0493	Myeloid cell
18472.86	16237.16	-0.0366	-0.0060	-0.0147	0.8105	-0.0198	Myeloid cell
18472.86	16046.66	0.1300	-0.0201	-0.0366	0.6133	-0.0422	Myeloid cell
18461.36	16250.16	0.7593	-0.0414	-0.0448	-0.0370	-0.0499	cDC2
18461.36	16166.16	0.9629	-0.0028	-0.0143	-0.0067	-0.0120	cDC2
18461.36	15969.16	-0.0170	0.0056	-0.0143	0.8384	-0.0157	Myeloid cell
19455.36	13930.16	-0.0612	-0.0326	0.8672	-0.0197	-0.0326	cDC1
19407.36	13858.16	-0.0196	-0.0074	-0.0127	0.0018	0.9209	B cell
19392.36	13901.16	-0.0995	-0.0834	0.7012	-0.0743	-0.0690	cDC1
19392.36	13889.66	-0.1011	-0.0861	0.6802	-0.0751	-0.0718	cDC1
19391.36	13909.66	-0.0928	-0.0707	0.7173	-0.0635	-0.0619	cDC1
19288.86	13904.66	-0.0635	-0.0587	0.5278	-0.0530	-0.0471	cDC1
19283.36	13907.16	-0.0906	-0.0712	0.7100	-0.0615	-0.0648	cDC1
19278.36	13914.16	-0.0941	-0.0807	0.6714	-0.0708	-0.0723	cDC1
19233.36	13923.16	-0.1117	-0.0686	0.6465	-0.0869	-0.0786	cDC1
19231.36	13930.16	-0.0557	-0.0397	0.7549	-0.0175	-0.0307	cDC1
19228.86	13918.16	-0.0952	-0.0795	0.5410	-0.0742	-0.0680	cDC1
19222.86	13907.66	-0.0541	-0.0606	0.6826	-0.0722	-0.0494	cDC1
19215.36	13930.16	0.3247	-0.0060	-0.0025	-0.0636	0.2505	Other cell
19199.36	13897.16	-0.1287	-0.0892	0.6157	-0.0767	-0.0800	cDC1
19193.86	13904.66	-0.1149	0.0026	0.3054	0.2468	-0.0503	Other cell
19180.36	13924.16	-0.1588	-0.0021	-0.0162	0.6230	-0.0789	Myeloid cell
19175.36	13930.16	0.8223	-0.0194	-0.0361	-0.0519	-0.0334	cDC2
19174.86	13899.66	-0.0242	-0.0334	0.3818	-0.0392	-0.0293	Other cell
19174.36	13907.16	-0.0962	-0.0693	0.6172	-0.0619	-0.0676	cDC1
19169.86	13922.66	-0.0341	0.0137	0.0012	1.0010	-0.0133	Myeloid cell
19167.86	13886.16	-0.1057	-0.0828	0.5630	-0.0800	-0.0746	cDC1
19163.36	13839.66	-0.0776	0.6128	-0.0489	-0.0302	-0.0234	pDC
19160.36	13869.66	-0.0602	0.0019	-0.0147	0.8574	-0.0238	Myeloid cell
19156.86	13862.16	-0.0895	-0.0030	0.0114	0.6089	-0.0278	Myeloid cell
19156.36	13916.66	-0.1092	-0.0833	0.5635	-0.0809	-0.0775	cDC1
19149.36	13901.66	-0.0786	-0.0657	0.5371	-0.0653	-0.0596	cDC1
19107.86	13772.66	-0.0757	-0.0349	-0.0413	0.7178	-0.0471	Myeloid cell
19105.86	13853.16	-0.1157	0.5649	-0.0880	-0.0822	-0.0940	pDC
19095.36	13772.16	-0.0270	-0.0352	-0.0498	0.5283	-0.0395	Myeloid cell
19086.86	13868.66	-0.0948	-0.0776	0.7061	-0.0679	-0.0677	cDC1
19084.86	13774.16	-0.0643	-0.0239	-0.0529	0.6431	-0.0226	Myeloid cell
19082.86	13872.16	-0.0714	-0.0742	0.6655	-0.0545	-0.0545	cDC1
19075.36	13885.16	-0.0991	-0.0865	0.7007	-0.0715	-0.0691	cDC1
19069.86	13893.16	-0.0816	-0.0646	0.7432	-0.0547	-0.0569	cDC1
19065.36	13898.16	-0.0947	-0.0788	0.6704	-0.0708	-0.0717	cDC1
19061.86	13902.66	-0.0955	-0.0782	0.6738	-0.0720	-0.0703	cDC1
19060.86	13930.16	-0.0974	-0.0781	0.7041	-0.0654	-0.0660	cDC1
19054.36	13909.16	-0.1279	-0.0991	0.6035	-0.0942	-0.0873	cDC1
19048.36	13910.66	-0.1115	-0.0880	0.6357	-0.0816	-0.0804	cDC1
19037.36	13907.16	-0.1120	-0.0854	0.5718	-0.0827	-0.0788	cDC1
19000.36	13899.16	-0.1017	-0.0820	0.6704	-0.0765	-0.0754	cDC1
18993.86	13899.16	-0.0933	-0.0791	0.7002	-0.0697	-0.0686	cDC1
18983.86	13843.16	-0.0624	-0.0468	0.7192	-0.0423	-0.0443	cDC1
18970.86	13847.66	-0.0651	-0.0410	0.7446	-0.0383	-0.0446	cDC1
18965.86	13878.16	-0.1243	-0.0574	0.0046	0.4841	-0.0640	Myeloid cell
18961.36	13884.66	-0.0391	-0.0410	0.4185	-0.0045	-0.0262	cDC1
19458.86	14024.66	-0.0225	0.0214	0.0069	0.8169	-0.0012	Myeloid cell
19453.86	14372.16	-0.0554	0.0053	-0.0124	0.8882	-0.0240	Myeloid cell
19450.36	14378.16	-0.0483	0.0143	-0.0027	0.9458	-0.0154	Myeloid cell
19442.36	14174.66	-0.0373	0.0057	0.0150	0.7954	-0.0009	Myeloid cell
19438.36	14563.66	0.6382	0.0162	-0.0109	0.9082	-0.0315	Double pos cDC2
19436.86	14279.66	-0.0520	0.0083	-0.0073	0.9058	-0.0208	Myeloid cell
19424.36	14249.66	-0.0405	0.0201	0.0018	0.9790	-0.0093	Myeloid cell
19410.36	14166.16	-0.0416	0.0194	0.0016	0.9810	-0.0155	Myeloid cell
19404.86	14507.16	-0.0504	0.0135	-0.0048	0.9365	-0.0162	Myeloid cell
19401.86	14112.66	0.0400	0.0099	-0.0110	0.5518	-0.0009	Myeloid cell
19399.86	14006.66	-0.0365	0.0165	-0.0016	0.9424	-0.0121	Myeloid cell
19396.36	13933.66	-0.0271	0.0091	0.5693	0.2361	0.0260	cDC1
19395.36	14224.66	-0.0508	0.0031	-0.0085	0.8213	-0.0197	Myeloid cell
19392.86	14479.16	-0.0598	0.0059	-0.0119	0.9292	-0.0238	Myeloid cell
19385.36	14008.66	-0.0341	-0.0107	0.9326	0.0008	-0.0199	cDC1
19383.36	14024.66	-0.0152	0.0232	0.0080	0.8931	-0.0035	Myeloid cell
19371.86	14291.16	-0.0618	0.0103	0.0438	0.6777	-0.0041	Myeloid cell
19369.86	14354.66	-0.0544	0.0105	-0.0071	0.9336	-0.0206	Myeloid cell
19368.36	14029.66	-0.0430	-0.0162	0.7690	-0.0129	-0.0214	cDC1
19314.86	14256.16	-0.0761	-0.0166	-0.0082	0.5503	-0.0405	Myeloid cell
19312.36	14538.66	-0.0442	0.0205	0.0014	0.9785	-0.0129	Myeloid cell
19312.36	14155.66	-0.0504	0.0059	-0.0069	0.8062	-0.0188	Myeloid cell
19306.86	14476.16	-0.0523	0.0115	-0.0067	0.9199	-0.0161	Myeloid cell
19294.86	14302.66	-0.0699	-0.0063	-0.0210	0.8408	-0.0329	Myeloid cell
19291.36	14320.66	-0.0681	-0.0013	-0.0172	0.8926	-0.0328	Myeloid cell
19278.36	14184.66	-0.0506	0.0116	-0.0058	0.9316	-0.0186	Myeloid cell
19271.36	14594.16	-0.0333	0.0240	0.0064	0.9868	-0.0061	Myeloid cell
19262.36	14544.66	-0.0712	-0.0095	-0.0227	0.8193	-0.0350	Myeloid cell
19261.86	14514.66	-0.0618	0.0009	-0.0141	0.8740	-0.0254	Myeloid cell
19258.36	14195.16	-0.0663	-0.0040	-0.0193	0.8501	-0.0315	Myeloid cell
19255.86	14046.16	-0.0731	-0.0019	0.1896	0.3843	0.0401	Other cell
19243.36	14271.16	-0.0639	0.0016	-0.0140	0.8994	-0.0286	Myeloid cell
19242.86	14127.66	-0.0357	0.0155	0.0025	0.8955	-0.0098	Myeloid cell
19237.36	14258.16	-0.0477	0.0176	-0.0014	0.9800	-0.0157	Myeloid cell
19237.36	14204.16	-0.0496	0.0103	-0.0060	0.9297	-0.0176	Myeloid cell
19236.86	14531.16	-0.0660	0.0014	-0.0154	0.8965	-0.0285	Myeloid cell
19230.86	14299.66	-0.0346	0.0224	0.0042	0.9971	-0.0068	Myeloid cell
19225.36	14282.16	-0.0471	0.0139	-0.0032	0.9482	-0.0148	Myeloid cell
19219.86	14357.66	-0.0269	0.0265	0.0116	0.9272	-0.0019	Myeloid cell
19218.36	14315.16	0.0084	0.0115	0.0012	0.3772	0.0044	Other cell
19217.36	14220.16	-0.0485	0.0139	-0.0039	0.9336	-0.0141	Myeloid cell
19196.36	14467.16	-0.0511	0.0103	-0.0065	0.9180	-0.0180	Myeloid cell
19178.86	14592.66	-0.0331	0.0151	0.0019	0.8848	-0.0088	Myeloid cell
19167.36	14579.66	-0.0232	0.0123	-0.0006	0.8989	-0.0097	Myeloid cell
19166.36	14310.66	-0.0667	-0.0018	-0.0174	0.8560	-0.0307	Myeloid cell
19160.86	14163.16	-0.0643	0.0045	-0.0121	0.8901	-0.0268	Myeloid cell
19159.36	14070.66	-0.0182	0.0233	0.0091	0.7002	0.0022	Myeloid cell
19144.86	14340.16	-0.0567	-0.0112	-0.0260	0.8369	-0.0288	Myeloid cell
19142.36	14179.66	-0.0441	-0.0178	0.8037	-0.0080	-0.0220	cDC1
19135.36	14333.66	-0.0371	0.0009	-0.0112	0.5898	-0.0138	Myeloid cell
19129.86	14041.16	-0.0458	0.0123	-0.0048	0.9326	-0.0180	Myeloid cell
19117.36	14378.66	-0.0533	0.0081	-0.0086	0.9233	-0.0193	Myeloid cell
19101.86	14320.16	-0.0623	-0.0013	-0.0188	0.7983	-0.0251	Myeloid cell
19100.86	14216.16	-0.0598	-0.0369	0.8613	-0.0234	-0.0339	cDC1
19082.36	14317.16	-0.0528	0.0101	-0.0078	0.9092	-0.0173	Myeloid cell
19076.86	14248.16	-0.0550	0.0102	-0.0077	0.9448	-0.0213	Myeloid cell
19049.86	14231.16	-0.0440	0.0132	-0.0031	0.9536	-0.0163	Myeloid cell
19040.86	14425.66	-0.0568	-0.0091	0.0219	0.5908	-0.0220	Myeloid cell
19011.36	14132.16	-0.0668	-0.0017	-0.0172	0.8999	-0.0323	Myeloid cell
18982.36	14516.66	-0.0533	-0.0271	0.9082	-0.0155	-0.0282	cDC1
19458.86	14611.66	-0.0484	0.0100	-0.0064	0.8999	-0.0173	Myeloid cell
19448.86	14650.16	-0.0923	-0.0202	-0.0550	0.7261	-0.0463	Myeloid cell
19445.36	14774.16	-0.0479	0.0146	-0.0034	0.9487	-0.0163	Myeloid cell
19441.36	14647.66	-0.0523	-0.0036	-0.0140	0.0105	0.7573	B cell
19432.86	14653.66	-0.0635	0.0030	-0.0127	0.9263	-0.0265	Myeloid cell
19428.86	14602.66	-0.0207	0.0193	0.0041	0.9048	-0.0039	Myeloid cell
19427.86	14642.66	0.2644	0.0078	-0.0153	0.8091	-0.0153	Myeloid cell
19423.36	14798.16	-0.0495	0.0166	-0.0021	0.9697	-0.0153	Myeloid cell
19413.86	14647.16	-0.0542	0.0077	-0.0103	0.9097	-0.0201	Myeloid cell
19411.36	15028.16	-0.0380	-0.0558	0.0015	0.7280	-0.0538	Myeloid cell
19400.36	14832.66	-0.0623	0.0004	-0.0152	0.8774	-0.0256	Myeloid cell
19386.86	14607.16	-0.0520	0.0130	-0.0053	0.9443	-0.0168	Myeloid cell
19383.86	15024.66	0.0576	-0.0188	-0.0308	0.6245	-0.0329	Myeloid cell
19375.86	15014.66	-0.0311	0.0222	0.0039	0.9766	-0.0052	Myeloid cell
19372.86	14989.66	-0.0477	0.0079	-0.0096	0.8955	-0.0169	Myeloid cell
19366.86	14933.16	-0.0548	0.0134	-0.0073	0.9492	-0.0217	Myeloid cell
19359.36	14709.66	-0.0603	0.0027	-0.0146	0.9155	-0.0240	Myeloid cell
19355.86	14996.16	0.3005	0.0383	-0.0120	0.7109	-0.0161	Myeloid cell
19352.36	15029.66	-0.0489	0.0126	-0.0050	0.8979	-0.0128	Myeloid cell
19347.86	14933.16	-0.0560	0.0055	-0.0104	0.9263	-0.0218	Myeloid cell
19346.36	15016.16	0.0131	0.0244	0.0099	0.8896	0.0027	Myeloid cell
19335.86	14949.66	-0.0574	0.0122	-0.0057	0.9683	-0.0251	Myeloid cell
19333.36	14636.66	-0.0425	0.0202	0.0008	0.9814	-0.0094	Myeloid cell
19329.86	14989.16	-0.0566	0.0093	-0.0102	0.9443	-0.0226	Myeloid cell
19299.86	14971.16	-0.0587	-0.0355	0.8413	-0.0235	-0.0330	cDC1
19289.36	15074.16	0.0099	0.0306	0.0427	0.5977	0.0131	Myeloid cell
19281.36	14653.66	-0.0435	0.0177	-0.0009	0.9673	-0.0113	Myeloid cell
19276.36	14803.66	-0.0652	0.0021	-0.0143	0.9023	-0.0305	Myeloid cell
19274.86	14914.16	-0.0329	-0.0022	-0.0187	0.7441	-0.0160	Myeloid cell
19269.86	14915.66	-0.0687	-0.0041	0.0036	0.8130	-0.0184	Myeloid cell
19264.36	14893.66	-0.0469	0.0158	-0.0026	0.9673	-0.0177	Myeloid cell
19256.86	15093.16	-0.0601	0.0014	-0.0143	0.8569	-0.0244	Myeloid cell
19254.36	14914.66	-0.0428	-0.0158	0.0065	0.6851	-0.0288	Myeloid cell
19251.36	14966.66	-0.0734	0.0047	0.3723	0.3064	0.0201	Other cell
19250.86	14891.16	-0.0616	-0.0089	-0.0251	0.0379	0.6582	B cell
19249.86	15121.16	-0.0543	0.0057	-0.0118	0.9014	-0.0236	Myeloid cell
19245.86	15077.16	-0.1138	-0.0288	-0.0622	0.6313	-0.0604	Myeloid cell
19244.86	15186.66	-0.0516	0.0131	-0.0055	0.9609	-0.0202	Myeloid cell
19242.36	15124.16	-0.0289	-0.0008	-0.0024	0.7856	-0.0205	Myeloid cell
19241.86	14951.66	-0.1131	-0.0606	-0.0658	0.6372	-0.0527	Myeloid cell
19236.86	14956.16	-0.0358	0.0081	0.0090	0.7856	-0.0105	Myeloid cell
19233.86	15002.16	0.0047	0.0120	-0.0093	0.7266	-0.0057	Myeloid cell
19231.36	14701.16	-0.0588	0.0057	-0.0091	0.8872	-0.0250	Myeloid cell
19229.86	14803.16	-0.0381	0.0242	0.0041	1.0068	-0.0102	Myeloid cell
19219.36	15115.16	-0.0443	0.0177	0.0001	0.9731	-0.0166	Myeloid cell
19217.86	15138.66	-0.0507	-0.0277	-0.0379	0.5825	-0.0383	Myeloid cell
19210.36	15140.16	-0.0430	0.0178	-0.0010	0.9746	-0.0141	Myeloid cell
19205.36	14923.16	-0.0623	-0.0051	-0.0267	0.8726	-0.0433	Myeloid cell
19203.36	15044.16	-0.0671	-0.0496	0.6787	-0.0610	-0.0567	cDC1
19199.86	14868.66	-0.0521	-0.0025	-0.0249	0.8760	-0.0277	Myeloid cell
19199.36	15118.16	-0.0326	0.0125	-0.0016	0.9004	-0.0141	Myeloid cell
19191.36	14949.16	-0.0371	-0.0260	0.5771	-0.0251	-0.0242	cDC1
19187.86	15091.66	-0.0518	0.0002	-0.0124	0.8662	-0.0219	Myeloid cell
19185.36	14925.16	-0.1074	-0.0760	0.6172	-0.0842	-0.0637	cDC1
19183.86	15041.16	0.6338	0.0148	-0.0188	0.6768	-0.0223	Double pos cDC2
19181.36	14930.66	-0.0571	-0.0434	0.6172	-0.0416	-0.0396	cDC1
19178.36	14965.16	0.1407	0.0252	-0.0030	0.8057	0.0071	Myeloid cell
19176.86	14974.66	0.8813	-0.0129	-0.0302	0.2529	-0.0410	cDC2
19171.36	15150.66	-0.0466	0.0164	-0.0014	0.9517	-0.0155	Myeloid cell
19145.36	14863.16	-0.0663	-0.0075	-0.0214	0.8193	-0.0302	Myeloid cell
19142.36	14859.66	-0.0654	-0.0303	-0.0386	0.6650	-0.0485	Myeloid cell
19113.86	15219.66	-0.0585	0.0082	-0.0088	0.9258	-0.0248	Myeloid cell
19113.86	14872.66	0.0435	0.0067	-0.0147	0.6997	-0.0139	Myeloid cell
19112.36	14897.16	-0.0322	0.0238	0.0490	0.6489	-0.0062	Myeloid cell
19104.36	15246.66	0.5986	-0.0547	-0.0600	-0.0137	-0.0579	cDC2
19102.86	15255.66	-0.0246	0.0141	0.0115	0.6606	-0.0084	Myeloid cell
19102.36	15241.66	0.6299	-0.0038	0.0140	-0.0069	-0.0030	cDC2
19099.36	15268.16	-0.0627	0.0091	-0.0105	0.9390	-0.0265	Myeloid cell
19092.36	14712.66	-0.0236	0.0114	-0.0039	0.6641	-0.0054	Myeloid cell
19071.86	15268.16	-0.0687	-0.0016	-0.0214	0.8628	-0.0300	Myeloid cell
19070.86	15204.66	0.0374	-0.0067	-0.0166	0.7837	-0.0187	Myeloid cell
19060.36	15137.16	0.0988	-0.0123	-0.0209	0.7856	-0.0446	Myeloid cell
19052.86	15219.66	-0.0443	0.0035	-0.0143	0.7617	-0.0171	Myeloid cell
19050.86	15225.16	-0.0396	-0.0032	0.0134	0.7075	-0.0093	Myeloid cell
19031.36	15241.66	0.0825	-0.0451	-0.0036	0.7812	-0.0688	Myeloid cell
19022.36	14847.16	0.3269	-0.0155	0.0079	0.8735	-0.0513	Myeloid cell
19019.36	15268.16	-0.0561	0.0060	-0.0111	0.9268	-0.0246	Myeloid cell
19015.36	15250.66	-0.0338	0.0043	-0.0113	0.8979	-0.0262	Myeloid cell
19245.86	15580.66	-0.0583	0.0087	-0.0084	0.9248	-0.0238	Myeloid cell
19122.86	15608.16	0.7896	0.0063	-0.0204	0.6309	-0.0327	Double pos cDC2
19111.36	15634.66	-0.0453	0.0140	-0.0010	0.9385	-0.0155	Myeloid cell
19110.86	15618.16	-0.0249	0.0134	-0.0055	0.8853	-0.0146	Myeloid cell
19108.86	15607.16	-0.0484	-0.0148	-0.0257	0.7188	-0.0438	Myeloid cell
19101.86	15592.66	0.9561	-0.0054	-0.0187	-0.0015	-0.0190	cDC2
19100.86	15605.66	0.0183	0.0188	-0.0013	0.6914	-0.0096	Myeloid cell
19098.36	15632.66	-0.0585	-0.0259	-0.0179	0.7222	0.0277	Myeloid cell
19089.86	15611.66	-0.0820	0.7520	-0.0706	-0.0592	-0.0685	pDC
19089.86	15581.16	-0.1118	-0.0418	0.0115	0.6187	-0.0549	Myeloid cell
19088.36	15624.66	0.5791	-0.0302	-0.0616	0.7329	-0.0527	Double pos cDC2
19076.36	15638.16	-0.1387	-0.0561	0.0009	0.5542	-0.0528	Myeloid cell
19066.36	15586.66	0.8325	0.0203	-0.0156	0.9121	-0.0285	Double pos cDC2
19065.86	15421.66	-0.0485	0.0104	-0.0066	0.9048	-0.0169	Myeloid cell
19057.86	15390.16	-0.0415	0.0171	0.0002	0.9731	-0.0180	Myeloid cell
19056.86	15595.66	-0.0480	-0.0005	-0.0199	0.8262	0.0096	Myeloid cell
19050.86	15271.66	0.6758	-0.0007	-0.0314	0.8369	-0.0459	Double pos cDC2
19047.36	15770.66	-0.0636	0.0057	-0.0115	0.9160	-0.0275	Myeloid cell
19045.36	15589.16	-0.0363	0.0188	0.0034	0.9810	-0.0143	Myeloid cell
19036.86	15594.66	-0.0674	0.0010	-0.0163	0.9209	-0.0313	Myeloid cell
19035.36	15637.16	-0.0021	-0.0351	-0.0234	0.8022	0.0043	Myeloid cell
19034.36	15618.66	0.1692	0.0569	-0.0303	0.7061	-0.0462	Myeloid cell
19032.36	15295.66	0.5903	0.0018	-0.0251	0.7607	-0.0401	Double pos cDC2
19031.86	15287.66	-0.0708	-0.0320	0.4543	0.0632	-0.0141	cDC1
19029.36	15641.66	0.8828	-0.0235	-0.0341	-0.0250	-0.0349	cDC2
19028.36	15299.66	0.8647	0.0145	-0.0182	0.9229	-0.0419	Double pos cDC2
19027.86	15679.66	0.0989	0.0410	0.0221	0.8081	0.0129	Myeloid cell
19027.36	15716.66	-0.0697	0.0021	-0.0148	0.9199	-0.0321	Myeloid cell
19023.86	15607.16	-0.0526	0.0112	-0.0067	0.9404	-0.0189	Myeloid cell
19021.36	15395.66	0.8354	-0.0106	-0.0347	0.3254	-0.0717	cDC2
19017.86	15665.66	-0.0268	0.0141	-0.0046	0.8691	-0.0094	Myeloid cell
19016.86	15676.66	0.4763	-0.0311	-0.0381	-0.0215	-0.0473	cDC2
19014.36	15297.66	-0.0618	-0.0040	-0.0101	0.8140	0.0063	Myeloid cell
19009.36	15768.16	-0.0466	-0.0333	-0.0401	0.6836	-0.0370	Myeloid cell
19008.36	15714.66	-0.0380	0.0049	-0.0092	0.8579	-0.0193	Myeloid cell
19007.86	15314.66	0.0054	0.0075	0.0519	0.5542	-0.0067	Myeloid cell
19002.86	15643.66	-0.0455	0.0157	-0.0022	0.9507	-0.0119	Myeloid cell
18998.86	15599.66	-0.0591	0.0075	-0.0104	0.9277	-0.0249	Myeloid cell
18997.86	15733.66	-0.0582	-0.0422	-0.0547	0.5620	-0.0569	Myeloid cell
18994.86	15310.16	-0.0013	0.0219	0.0018	0.9507	-0.0052	Myeloid cell
18994.36	15358.66	0.0388	0.0001	-0.0194	0.6128	-0.0148	Myeloid cell
18993.36	15756.66	-0.0661	0.0009	-0.0141	0.8760	-0.0279	Myeloid cell
18991.86	15737.16	-0.0406	0.4390	-0.0509	-0.0449	-0.0422	pDC
18988.86	15792.16	-0.0550	0.0122	-0.0070	0.9521	-0.0207	Myeloid cell
18985.86	15342.16	-0.0716	-0.0055	-0.0216	0.8838	-0.0361	Myeloid cell
18983.36	15690.66	-0.0533	0.0106	-0.0092	0.9170	-0.0193	Myeloid cell
18979.36	15277.66	-0.0399	-0.0173	0.6299	0.0295	0.0049	cDC1
18978.36	15426.16	-0.0383	0.0242	0.0090	0.9116	-0.0040	Myeloid cell
18972.36	15381.16	-0.0160	0.0108	-0.0047	0.7842	-0.0014	Myeloid cell
18971.36	15454.66	-0.1235	-0.0420	-0.0107	0.6133	-0.0225	Myeloid cell
18971.36	15444.16	-0.0458	0.0071	-0.0139	0.9229	-0.0278	Myeloid cell
18964.86	15434.16	-0.0259	0.0102	-0.0072	0.8765	-0.0151	Myeloid cell
18961.36	15413.16	0.0602	-0.0409	-0.0386	0.7822	-0.0651	Myeloid cell
18961.36	15367.66	-0.0184	0.0087	-0.0142	0.6235	-0.0152	Myeloid cell
18961.36	15309.66	-0.0427	-0.0245	0.0116	0.6152	-0.0399	Myeloid cell
19445.86	16505.66	0.6309	0.0018	-0.0209	0.5898	-0.0358	Double pos cDC2
19444.36	16581.16	-0.0044	-0.0162	0.4314	-0.0218	-0.0129	cDC1
19430.36	16419.16	-0.0062	-0.0209	-0.0147	0.5674	-0.0610	Myeloid cell
19427.86	16444.16	-0.0490	0.0077	-0.0069	0.9175	-0.0193	Myeloid cell
19413.86	16456.16	0.9048	-0.0187	-0.0306	-0.0171	-0.0259	cDC2
19409.36	16540.66	1.0088	-0.0065	-0.0164	0.0247	-0.0235	cDC2
19402.36	16589.66	0.1641	0.0174	-0.0057	0.8853	-0.0141	Myeloid cell
19377.86	16533.66	-0.0573	-0.0295	0.7983	-0.0262	-0.0363	cDC1
19371.36	16461.16	-0.0525	0.0132	-0.0048	0.9673	-0.0219	Myeloid cell
19367.86	16574.16	0.3567	0.0113	-0.0005	0.9243	-0.0215	Myeloid cell
19367.86	16447.66	-0.0464	0.0195	-0.0016	0.9683	-0.0173	Myeloid cell
19350.36	16532.16	-0.0659	-0.0441	0.6523	-0.0582	-0.0346	cDC1
19341.86	16459.16	0.4541	0.0300	0.0072	0.9268	0.0009	Double pos cDC2
19340.36	16496.66	-0.0623	-0.0500	0.6919	-0.0483	-0.0472	cDC1
19335.86	16514.66	-0.0631	-0.0386	0.8091	-0.0298	-0.0363	cDC1
19325.86	16515.66	-0.0232	-0.0366	0.6343	-0.0397	-0.0175	cDC1
19318.36	16488.66	-0.0553	-0.0271	0.7363	-0.0353	-0.0289	cDC1
19301.86	16408.66	-0.0456	0.0050	-0.0084	0.9023	-0.0135	Myeloid cell
19301.36	16516.16	-0.0632	-0.0409	0.7290	-0.0390	-0.0412	cDC1
19295.36	16513.16	-0.0992	-0.0924	0.6616	-0.0800	-0.0720	cDC1
19268.36	16399.66	-0.0552	0.0117	-0.0093	0.9448	-0.0238	Myeloid cell
19267.86	16393.16	-0.0487	-0.0136	-0.0298	0.7476	-0.0287	Myeloid cell
19251.86	16433.66	0.0168	0.0163	-0.0039	0.7310	0.0042	Myeloid cell
19248.86	16502.66	-0.0665	-0.0450	0.7324	-0.0425	-0.0445	cDC1
19235.86	16435.66	0.5356	0.0363	0.0163	0.9429	0.0094	Double pos cDC2
19226.86	16427.66	0.2317	0.0459	-0.0061	0.7266	-0.0257	Myeloid cell
19192.36	16600.16	-0.0002	0.0178	0.7021	0.0409	0.0102	cDC1
19191.86	16409.66	0.1619	0.0012	-0.0121	0.8906	-0.0353	Myeloid cell
19184.86	16480.66	0.0601	-0.0113	0.0709	0.5923	0.0303	Myeloid cell
19161.36	16535.66	-0.0659	-0.0406	0.7544	-0.0358	-0.0296	cDC1
19152.36	16565.16	0.7061	0.0036	-0.0262	0.7261	-0.0273	Double pos cDC2
19144.36	16542.66	0.6245	-0.0111	-0.0435	0.3755	-0.0366	cDC2
19138.36	16388.66	0.0028	0.0034	-0.0169	0.7954	-0.0223	Myeloid cell
19133.36	16385.66	-0.0168	0.0001	-0.0115	0.8174	-0.0178	Myeloid cell
19130.86	16511.16	0.4932	-0.0334	-0.0502	0.7266	-0.0751	Double pos cDC2
19127.86	16606.16	0.8096	-0.0067	-0.0218	0.2473	-0.0398	cDC2
19127.36	16535.16	0.7954	0.0191	-0.0074	0.8804	-0.0212	Double pos cDC2
19122.86	16394.66	-0.0609	0.0060	-0.0116	0.9248	-0.0253	Myeloid cell
19122.36	16370.66	0.0002	0.0085	-0.0157	0.8491	-0.0270	Myeloid cell
19115.86	16321.66	-0.0164	0.0113	-0.0020	0.6597	-0.0048	Myeloid cell
19115.36	16594.66	0.6270	0.0139	-0.0073	0.0190	0.3096	cDC2
19112.36	16544.16	0.6299	-0.0271	-0.0363	0.4775	-0.0257	Double pos cDC2
19112.36	16491.16	0.1257	-0.0124	-0.0207	0.8086	-0.0451	Myeloid cell
19111.86	16387.16	0.0065	0.0248	-0.0015	0.6719	0.0016	Myeloid cell
19105.36	16540.66	-0.0930	-0.0476	0.6377	-0.0454	-0.0183	cDC1
19104.86	16587.66	0.3706	0.0442	0.2771	0.0330	0.0187	Other cell
19101.86	16532.16	0.7188	-0.0190	0.0339	0.2942	-0.0251	cDC2
19085.36	16214.66	0.0167	0.0128	-0.0055	0.6875	-0.0021	Myeloid cell
19076.86	16529.66	0.7437	-0.0229	-0.0250	0.0482	-0.0367	cDC2
19075.86	16504.66	0.0044	-0.0038	0.8022	-0.0061	-0.0097	cDC1
19072.36	16520.66	0.6743	-0.0499	-0.0535	0.0264	-0.0631	cDC2
19070.36	16508.66	-0.0178	-0.0283	0.6968	-0.0246	-0.0128	cDC1
19066.36	16566.66	0.0135	0.0160	0.0000	0.7598	-0.0013	Myeloid cell
19063.86	16305.16	-0.0513	0.0104	-0.0090	0.9189	-0.0204	Myeloid cell
19045.86	16452.66	0.6211	-0.0066	0.0033	0.1460	-0.0299	cDC2
19035.86	16187.16	-0.0436	0.0127	0.0024	0.7827	0.0026	Myeloid cell
19034.86	16204.66	0.0107	0.0275	0.0032	0.8213	0.0046	Myeloid cell
19034.36	16606.16	0.7329	0.0190	-0.0241	0.7363	-0.0312	Double pos cDC2
19015.36	16595.66	-0.0613	-0.0007	-0.0158	0.8711	-0.0224	Myeloid cell
19015.36	16289.16	0.5781	-0.0288	-0.0298	0.2952	-0.0518	cDC2
19012.86	16195.16	-0.0013	0.0143	0.0041	0.8560	-0.0092	Myeloid cell
19012.36	16331.16	-0.0449	-0.0027	-0.0867	0.7749	-0.0673	Myeloid cell
19012.36	16269.16	-0.0487	-0.0006	-0.0094	0.8467	-0.0219	Myeloid cell
19009.86	16234.66	-0.0557	0.0131	-0.0056	0.9824	-0.0227	Myeloid cell
19004.86	16442.66	0.7983	0.0128	-0.0143	0.9272	-0.0424	Double pos cDC2
18999.86	16327.66	-0.0676	-0.0290	-0.0482	0.8164	-0.0462	Myeloid cell
18975.36	16271.16	-0.0008	0.0037	-0.0312	0.7363	-0.0278	Myeloid cell
18974.86	16579.16	0.7368	-0.0329	-0.0323	-0.0042	-0.0369	cDC2
18970.36	16587.66	0.5342	0.0139	-0.0018	0.0375	0.0010	cDC2
18970.36	16231.66	0.9126	-0.0190	-0.0285	-0.0174	-0.0318	cDC2
18965.86	16508.16	0.0707	-0.0299	-0.0298	0.8179	-0.0520	Myeloid cell
18961.36	16260.16	0.8911	0.0211	-0.0041	0.7573	-0.0240	Double pos cDC2
19832.86	13908.16	-0.0643	-0.0419	0.7588	-0.0399	-0.0469	cDC1
19797.86	13884.16	-0.0945	-0.0674	0.6777	-0.0734	-0.0609	cDC1
19785.86	13879.16	-0.0976	-0.0756	0.7412	-0.0653	-0.0640	cDC1
19777.36	13884.66	0.0438	-0.0817	0.3523	-0.0728	0.0096	Other cell
19758.86	13875.66	-0.0989	-0.0773	0.7666	-0.0618	-0.0592	cDC1
19721.86	13863.66	-0.0681	-0.0676	0.6948	-0.0637	-0.0479	cDC1
19715.36	13863.66	-0.0344	-0.0423	0.4553	-0.0419	-0.0319	cDC1
19705.36	13927.66	-0.1216	-0.0656	0.5825	-0.0743	-0.0728	cDC1
19702.86	13899.16	-0.0801	-0.0591	0.6069	-0.0820	-0.0583	cDC1
19690.86	13860.16	-0.1242	-0.0756	0.5840	-0.0812	-0.0777	cDC1
19685.86	13857.66	-0.1102	-0.0890	0.6431	-0.0765	-0.0798	cDC1
19685.36	13918.16	-0.0992	-0.0707	0.5381	-0.0724	-0.0662	cDC1
19680.86	13861.16	-0.0783	-0.0501	0.7456	-0.0425	-0.0491	cDC1
19672.86	13921.66	0.2974	0.0095	0.0796	0.1259	0.0031	Other cell
19672.86	13908.16	-0.0885	0.0240	0.3315	0.1238	-0.0392	Other cell
19665.86	13876.16	-0.1201	-0.0948	0.6128	-0.0991	-0.0874	cDC1
19661.86	13908.66	-0.0524	-0.0438	0.6880	-0.0385	-0.0329	cDC1
19656.36	13930.16	-0.0908	-0.0679	0.7642	-0.0515	-0.0482	cDC1
19652.86	13884.66	-0.0930	-0.0735	0.7134	-0.0648	-0.0640	cDC1
19652.36	13902.16	-0.0551	-0.0408	0.3420	0.1995	-0.0128	Other cell
19641.86	13899.66	-0.0606	-0.0748	0.5845	-0.0591	-0.0485	cDC1
19618.36	13901.16	-0.0715	-0.0641	0.6987	-0.0595	-0.0451	cDC1
19605.36	13905.66	-0.0766	-0.0703	0.5742	-0.0684	-0.0648	cDC1
19594.36	13835.16	-0.0737	-0.0670	0.6724	-0.0649	-0.0542	cDC1
19571.86	13848.16	-0.0549	-0.0521	0.2145	-0.0650	0.1481	Other cell
19564.36	13835.66	-0.0635	-0.0237	-0.0391	-0.0272	0.5688	B cell
19556.86	13913.66	-0.1107	-0.0858	0.6499	-0.0903	-0.0828	cDC1
19555.36	13907.66	-0.0559	-0.0588	0.6001	-0.0294	-0.0392	cDC1
19551.86	13887.16	-0.0898	-0.0726	0.7031	-0.0621	-0.0640	cDC1
19549.86	13909.16	0.1046	0.0053	0.2070	0.0115	0.0417	Other cell
19546.36	13874.16	-0.0874	-0.0619	0.7900	-0.0463	-0.0468	cDC1
19538.36	13922.16	-0.0270	-0.0431	0.5396	-0.0470	-0.0361	cDC1
19537.36	13836.66	-0.1132	-0.0919	0.5737	-0.1091	-0.0848	cDC1
19523.86	13930.16	-0.0874	-0.0667	0.7832	-0.0525	-0.0567	cDC1
19502.36	13930.16	-0.0452	-0.0432	0.6255	-0.0409	-0.0410	cDC1
19480.36	13926.66	-0.0934	-0.0164	-0.0406	0.6968	-0.0478	Myeloid cell
19475.36	13925.16	-0.1066	-0.0986	0.5894	-0.0892	-0.0837	cDC1
19858.36	14591.66	-0.0141	-0.0351	0.6558	0.0015	-0.0140	cDC1
19855.36	14491.66	-0.0410	-0.0162	-0.0304	0.5923	-0.0315	Myeloid cell
19836.86	14515.66	0.0486	0.0284	0.0163	0.8062	0.0047	Myeloid cell
19831.36	14496.66	-0.0369	0.0173	0.0013	0.9263	-0.0089	Myeloid cell
19826.36	14511.16	0.0259	0.0285	0.0151	0.0488	0.4766	B cell
19816.36	14378.66	-0.0002	-0.0112	0.4487	-0.0145	-0.0050	cDC1
19804.86	14396.16	-0.0724	-0.0687	0.6123	-0.0562	-0.0579	cDC1
19799.36	14419.66	0.0026	0.0203	0.1196	0.5420	-0.0458	Myeloid cell
19790.86	14440.16	-0.0385	-0.0150	0.7803	-0.0127	-0.0203	cDC1
19780.86	14572.66	-0.0427	-0.0105	-0.0257	0.5405	-0.0261	Myeloid cell
19773.36	14156.16	-0.0443	0.0104	-0.0064	0.9087	-0.0161	Myeloid cell
19767.86	14416.16	-0.0533	-0.0336	0.7935	-0.0274	-0.0323	cDC1
19758.86	14564.66	0.0070	0.0192	-0.0039	0.8037	-0.0108	Myeloid cell
19755.36	14493.16	-0.0116	0.0265	0.0152	0.8125	-0.0055	Myeloid cell
19747.86	14518.16	-0.0469	0.0152	-0.0037	0.9355	-0.0172	Myeloid cell
19742.36	14536.66	-0.0085	0.0187	0.0038	0.5625	0.0159	Myeloid cell
19741.86	14501.16	-0.0550	-0.0302	-0.0417	0.5854	-0.0474	Myeloid cell
19740.36	14548.66	-0.0701	-0.0058	-0.0274	0.0586	0.6343	B cell
19740.36	14487.66	0.1691	0.0289	0.0159	0.6118	0.0145	Myeloid cell
19731.86	14487.16	-0.0106	0.0717	0.0204	0.7217	0.0071	Myeloid cell
19731.36	14523.16	0.0787	0.0220	0.0265	0.5762	0.0158	Myeloid cell
19728.86	14580.16	0.0782	0.0219	0.0089	0.8418	-0.0011	Myeloid cell
19719.36	14463.16	-0.0213	-0.0373	0.4470	-0.0375	-0.0270	cDC1
19716.36	14387.66	-0.0607	-0.0505	0.6865	-0.0469	-0.0468	cDC1
19709.36	14504.66	0.0119	0.0140	-0.0047	0.7583	-0.0045	Myeloid cell
19702.86	14143.66	-0.1038	-0.0410	0.0001	0.7231	-0.0598	Myeloid cell
19701.86	14062.66	-0.0508	0.0076	-0.0089	0.8936	-0.0189	Myeloid cell
19693.86	14138.16	-0.0418	0.0131	-0.0037	0.9087	-0.0142	Myeloid cell
19689.36	14029.66	-0.0347	-0.0115	0.7085	0.0595	0.0225	cDC1
19687.86	14021.66	-0.0996	-0.0714	0.6606	-0.0614	-0.0704	cDC1
19683.86	13976.16	-0.0477	0.0044	-0.0056	0.8306	-0.0176	Myeloid cell
19674.86	14555.16	0.0351	-0.0008	-0.0196	0.7031	-0.0351	Myeloid cell
19671.86	14572.66	-0.0460	-0.0044	-0.0438	0.7690	-0.0176	Myeloid cell
19671.36	13992.66	-0.0658	-0.0320	-0.0245	0.7808	-0.0528	Myeloid cell
19670.86	14192.66	-0.0505	0.0139	-0.0048	0.9507	-0.0212	Myeloid cell
19664.86	14566.16	-0.0439	-0.0056	-0.0186	0.0114	0.6157	B cell
19664.86	13933.66	-0.0519	0.0111	-0.0066	0.9067	-0.0166	Myeloid cell
19661.36	14587.16	-0.0099	0.0048	-0.0093	0.8320	-0.0174	Myeloid cell
19657.36	14255.66	-0.0639	-0.0010	-0.0115	0.8027	-0.0231	Myeloid cell
19654.86	14553.16	0.0696	-0.0185	0.4482	0.1261	0.0354	cDC1
19654.86	14161.66	-0.0086	0.0265	0.0081	0.6646	0.0058	Myeloid cell
19653.86	14011.66	-0.0894	-0.0142	0.0425	0.7119	-0.0164	Myeloid cell
19653.36	14572.16	-0.0664	-0.0047	-0.0280	0.0499	0.8232	B cell
19649.36	14599.16	-0.0261	0.0076	0.0213	0.7471	-0.0052	Myeloid cell
19645.36	14398.66	-0.0522	-0.0348	0.1372	0.5361	-0.0323	Myeloid cell
19635.36	14374.16	-0.0474	-0.0233	-0.0335	0.6108	-0.0334	Myeloid cell
19634.86	14567.66	-0.0550	0.0067	-0.0116	0.8857	-0.0206	Myeloid cell
19631.86	14562.16	-0.0709	-0.0129	-0.0323	0.7783	0.0062	Myeloid cell
19630.36	14580.16	-0.0492	0.0085	-0.0107	0.8975	-0.0061	Myeloid cell
19629.86	14573.66	-0.0235	0.0114	-0.0035	0.8667	-0.0142	Myeloid cell
19628.86	14155.66	-0.0493	0.0120	-0.0046	0.9321	-0.0176	Myeloid cell
19626.86	14526.16	-0.0386	0.0109	0.0022	0.6030	0.0089	Myeloid cell
19625.36	14541.66	-0.0563	-0.0043	-0.0200	0.8052	-0.0230	Myeloid cell
19620.86	14469.66	-0.0696	0.7686	-0.0616	-0.0505	-0.0595	pDC
19620.86	14460.66	-0.0385	0.0196	0.0012	0.9858	-0.0108	Myeloid cell
19615.36	14465.66	-0.0321	0.0148	0.0140	0.7534	-0.0106	Myeloid cell
19612.36	14345.66	-0.0871	-0.0143	0.0289	0.6021	-0.0254	Myeloid cell
19611.86	14573.16	-0.0606	-0.0042	-0.0192	0.8237	-0.0286	Myeloid cell
19606.36	14446.66	-0.0895	-0.0185	-0.0312	0.5532	-0.0139	Myeloid cell
19604.86	14103.16	-0.0216	0.0172	0.0031	0.7939	-0.0066	Myeloid cell
19600.86	14582.16	-0.0519	-0.0147	-0.0249	0.0012	0.6421	B cell
19599.36	14342.16	-0.0544	0.0055	-0.0089	0.8633	-0.0208	Myeloid cell
19597.36	14466.16	0.0685	0.0352	0.0136	0.3245	0.3340	Other cell
19596.86	14528.16	-0.0354	0.0005	-0.0232	0.7832	-0.0281	Myeloid cell
19596.36	14574.16	-0.0626	-0.0087	-0.0244	0.7671	-0.0185	Myeloid cell
19595.86	14368.16	-0.0708	-0.0183	-0.0308	0.7856	-0.0388	Myeloid cell
19592.36	14447.66	-0.0675	-0.0070	-0.0227	0.8252	-0.0316	Myeloid cell
19591.36	14584.16	-0.0583	0.0017	-0.0141	0.8657	-0.0243	Myeloid cell
19589.36	14351.66	-0.0533	0.0061	-0.0022	0.7705	0.0195	Myeloid cell
19582.36	14370.66	-0.0675	-0.0183	-0.0336	0.0266	0.6050	B cell
19581.36	14448.16	0.2585	0.0280	-0.0101	0.6689	-0.0057	Myeloid cell
19579.86	13998.16	-0.0479	-0.0138	-0.0154	0.6978	-0.0316	Myeloid cell
19579.36	14513.66	-0.0540	-0.0068	-0.0169	0.6855	-0.0328	Myeloid cell
19578.86	14507.66	0.0399	0.0015	-0.0141	0.6758	-0.0206	Myeloid cell
19577.86	14467.16	-0.0624	-0.0038	-0.0202	0.8496	-0.0298	Myeloid cell
19577.36	14520.66	0.0278	0.0173	-0.0012	0.4998	0.0148	Myeloid cell
19576.86	14326.16	-0.0423	0.0188	-0.0010	0.9570	-0.0142	Myeloid cell
19576.36	14475.16	-0.0421	-0.0035	0.0007	0.5708	0.0552	Myeloid cell
19575.36	14459.16	-0.0622	-0.0087	-0.0236	0.8267	-0.0182	Myeloid cell
19573.86	14544.66	-0.0611	-0.0069	-0.0347	0.7593	-0.0425	Myeloid cell
19573.86	14485.16	0.0348	0.0219	0.0065	0.8408	0.0006	Myeloid cell
19572.36	14298.66	-0.0092	0.0149	0.0038	0.8032	-0.0082	Myeloid cell
19572.36	14042.66	-0.0220	0.0163	0.0436	0.6689	0.0086	Myeloid cell
19571.36	14491.16	-0.0390	0.0349	0.0064	0.6562	-0.0059	Myeloid cell
19570.86	14051.16	-0.0421	-0.0202	0.1597	0.3201	-0.0141	Other cell
19570.36	14579.16	-0.0665	-0.0067	-0.0238	0.8271	-0.0312	Myeloid cell
19570.36	14027.16	-0.0520	0.0043	-0.0107	0.8721	-0.0191	Myeloid cell
19569.86	14468.16	-0.0948	-0.0134	-0.0305	0.0318	0.6704	B cell
19568.86	14583.16	-0.0583	-0.0018	-0.0179	0.8447	-0.0269	Myeloid cell
19567.36	14537.66	-0.0570	0.0007	-0.0168	0.8457	-0.0244	Myeloid cell
19566.86	14498.66	-0.0290	0.0087	-0.0056	0.8418	-0.0153	Myeloid cell
19565.36	14509.16	-0.0341	0.0062	-0.0076	0.8408	-0.0091	Myeloid cell
19560.36	14503.16	-0.0388	-0.0065	-0.0281	0.7612	-0.0242	Myeloid cell
19559.36	14493.66	0.0186	0.0455	0.0483	0.5479	0.0169	Myeloid cell
19559.36	14465.16	0.0302	0.0188	-0.0060	0.6074	0.0159	Myeloid cell
19557.86	14470.16	-0.0756	-0.0201	-0.0330	0.7495	-0.0395	Myeloid cell
19556.86	14456.16	-0.0549	0.0012	-0.0129	0.8535	-0.0231	Myeloid cell
19556.36	14437.16	-0.0070	0.0129	-0.0099	0.7373	0.0146	Myeloid cell
19554.86	14540.66	-0.0361	0.0193	0.0028	0.9453	-0.0099	Myeloid cell
19552.86	14497.16	-0.0563	-0.0016	-0.0169	0.8281	-0.0253	Myeloid cell
19552.86	14482.66	0.0334	0.0457	0.0246	0.1071	0.2961	Other cell
19544.86	14560.66	0.9570	-0.0155	-0.0246	-0.0122	-0.0278	cDC2
19544.86	14505.16	-0.0443	0.0296	0.0090	0.9927	-0.0098	Myeloid cell
19543.86	14547.16	-0.0670	-0.0051	-0.0213	0.8306	-0.0310	Myeloid cell
19543.36	14528.66	-0.0351	0.0001	-0.0165	0.0039	0.6978	B cell
19542.86	14130.66	-0.0738	-0.0063	-0.0230	0.7090	-0.0394	Myeloid cell
19541.86	14048.66	-0.0396	0.0171	-0.0019	0.9502	-0.0168	Myeloid cell
19540.86	14599.16	-0.0753	-0.0141	-0.0297	0.8340	-0.0419	Myeloid cell
19540.86	14576.66	-0.0538	-0.0027	-0.0186	0.8105	-0.0237	Myeloid cell
19538.86	14081.16	-0.0250	0.0154	0.0236	0.7017	-0.0046	Myeloid cell
19537.86	14590.16	-0.0368	0.0110	-0.0014	0.8584	-0.0081	Myeloid cell
19537.86	14442.16	-0.0322	0.0161	0.0001	0.9253	-0.0113	Myeloid cell
19537.36	14551.16	-0.0369	0.0008	-0.0064	0.7788	-0.0220	Myeloid cell
19537.36	14315.16	-0.0483	-0.0071	0.0129	0.5386	0.2673	Myeloid cell
19533.36	14305.16	-0.0639	0.0153	-0.0148	0.5850	-0.0198	Myeloid cell
19532.86	14323.16	-0.0587	-0.0103	-0.0237	-0.0031	0.8232	B cell
19532.36	14543.16	0.6592	0.0100	-0.0206	0.7866	-0.0342	Double pos cDC2
19531.86	14590.66	-0.0424	0.0118	-0.0036	0.9287	-0.0183	Myeloid cell
19531.36	14472.16	-0.0626	-0.0073	-0.0214	0.8086	-0.0306	Myeloid cell
19530.86	14509.16	-0.0451	0.0135	-0.0088	0.8584	-0.0054	Myeloid cell
19530.36	14022.66	-0.0533	-0.0008	0.0267	0.5962	0.0607	Myeloid cell
19529.36	14368.66	-0.0584	-0.0429	0.7222	-0.0411	-0.0422	cDC1
19528.86	14532.66	-0.0801	-0.0290	-0.0354	0.7427	-0.0032	Myeloid cell
19525.36	14593.66	-0.0511	0.0180	-0.0022	0.9902	-0.0169	Myeloid cell
19525.36	14477.66	-0.0331	0.0175	0.0041	0.9043	-0.0104	Myeloid cell
19523.86	14578.66	-0.0582	0.0101	-0.0081	0.9551	-0.0248	Myeloid cell
19523.86	14511.66	-0.0003	0.0184	-0.0052	0.7520	-0.0023	Myeloid cell
19522.36	14560.16	-0.0649	0.0037	-0.0170	0.9272	-0.0311	Myeloid cell
19511.36	14506.16	-0.0630	-0.0034	-0.0187	0.8701	-0.0281	Myeloid cell
19509.36	14500.16	-0.0666	-0.0118	-0.0270	0.8320	-0.0338	Myeloid cell
19508.36	14027.66	-0.0547	0.0084	-0.0074	0.9448	-0.0224	Myeloid cell
19501.36	14559.16	0.9219	-0.0073	-0.0229	0.0106	-0.0219	cDC2
19497.36	14027.66	-0.0170	0.0175	0.0176	0.7285	0.0006	Myeloid cell
19494.36	14586.16	-0.0847	-0.0316	-0.0528	0.7124	-0.0004	Myeloid cell
19481.86	14009.66	-0.0319	0.0221	0.0088	0.9580	-0.0054	Myeloid cell
19467.36	14235.66	-0.0410	0.0194	0.0008	0.9780	-0.0146	Myeloid cell
19461.36	14577.16	-0.0358	0.0166	-0.0005	0.9561	-0.0140	Myeloid cell
19461.36	14026.66	-0.0850	-0.0193	0.0076	0.6621	-0.0141	Myeloid cell
19958.86	14850.16	0.0363	0.0193	-0.0030	0.5928	0.0104	Myeloid cell
19936.86	14815.16	-0.0448	0.0163	-0.0017	0.9502	-0.0151	Myeloid cell
19935.36	14802.16	-0.0174	0.0136	-0.0060	0.6504	-0.0051	Myeloid cell
19930.86	14777.66	-0.0433	0.0006	-0.0078	0.0347	0.6265	B cell
19929.36	14851.16	0.0654	-0.0171	0.4983	0.1172	0.0400	cDC1
19920.86	14819.66	-0.0193	0.0051	-0.0083	0.7256	-0.0108	Myeloid cell
19920.36	14909.66	-0.0096	0.0221	0.0132	0.6875	0.0064	Myeloid cell
19919.36	14894.16	0.0325	0.0186	-0.0006	0.6890	0.0076	Myeloid cell
19917.36	14834.16	-0.0862	-0.0324	-0.0348	0.7412	-0.0389	Myeloid cell
19912.86	14842.16	-0.0697	-0.0013	-0.0184	0.8906	-0.0331	Myeloid cell
19907.36	14841.66	-0.0551	0.0017	-0.0137	0.8789	-0.0241	Myeloid cell
19906.86	14884.16	-0.0541	0.0032	-0.0118	0.8418	-0.0203	Myeloid cell
19906.86	14829.66	-0.0329	0.0118	-0.0025	0.8857	-0.0129	Myeloid cell
19904.86	14898.16	-0.0701	-0.0147	-0.0116	0.7080	-0.0259	Myeloid cell
19903.86	14798.16	0.9580	-0.0154	-0.0250	-0.0113	-0.0303	cDC2
19899.86	14755.16	0.8325	0.0019	-0.0264	0.7041	-0.0375	Double pos cDC2
19899.86	14729.66	-0.0611	-0.0128	-0.0254	0.7534	-0.0328	Myeloid cell
19899.36	14791.16	-0.0353	-0.0016	-0.0142	0.8594	-0.0219	Myeloid cell
19895.36	14851.16	-0.0583	0.0082	0.0205	0.5996	-0.0124	Myeloid cell
19890.86	14769.16	0.0309	0.0289	0.0042	0.6445	0.0124	Myeloid cell
19887.86	14823.16	-0.0290	0.0010	-0.0098	0.0118	0.5625	B cell
19881.86	14839.16	-0.0767	-0.0136	-0.0044	0.4292	0.1115	Myeloid cell
19879.36	14873.16	-0.0372	0.0184	0.0036	0.9146	-0.0088	Myeloid cell
19874.86	14713.16	-0.0419	0.0109	-0.0043	0.8994	-0.0144	Myeloid cell
19870.86	14847.66	-0.0545	0.0098	-0.0084	0.9307	-0.0215	Myeloid cell
19868.36	14860.16	0.0231	0.0116	-0.0084	0.5527	0.0030	Myeloid cell
19865.86	14652.66	0.1208	-0.0910	0.1228	0.5986	-0.0889	Myeloid cell
19862.36	14847.16	0.0227	0.0147	-0.0025	0.4602	-0.0009	Myeloid cell
19861.36	14767.16	-0.0113	0.0048	-0.0118	0.8335	-0.0186	Myeloid cell
19858.36	14875.66	0.9180	-0.0102	-0.0226	-0.0062	-0.0186	cDC2
19856.36	14785.16	-0.0556	-0.0208	0.0157	0.5791	0.0172	Myeloid cell
19853.36	14771.66	-0.0122	0.0075	0.0042	0.4768	0.1144	Myeloid cell
19853.36	14719.16	0.1379	0.0135	0.0101	0.7114	0.0049	Myeloid cell
19852.36	14627.66	0.0983	-0.0010	0.5205	0.0355	0.0419	cDC1
19849.36	14817.66	-0.0549	0.0054	-0.0140	0.8945	-0.0234	Myeloid cell
19847.36	14889.66	-0.0365	0.0125	0.0032	0.8828	-0.0123	Myeloid cell
19847.36	14645.16	0.0991	0.0290	0.0021	0.6138	0.0091	Myeloid cell
19842.36	14805.16	-0.0189	0.0102	-0.0111	0.7749	-0.0103	Myeloid cell
19838.86	14637.66	0.8301	0.0007	-0.0254	0.7412	-0.0377	Double pos cDC2
19833.86	14766.16	-0.0379	-0.0155	0.7393	-0.0037	-0.0159	cDC1
19832.36	14919.16	-0.0551	0.0039	-0.0143	0.8970	-0.0252	Myeloid cell
19831.86	14889.16	-0.0495	0.0007	-0.0139	0.7690	-0.0213	Myeloid cell
19827.86	14914.16	-0.0573	-0.0045	-0.0172	0.0058	0.8643	B cell
19815.86	14738.16	-0.0171	0.0109	0.0022	0.8647	-0.0088	Myeloid cell
19811.36	14918.16	-0.0527	-0.0266	0.0111	0.5195	-0.0284	Myeloid cell
19811.36	14761.66	-0.0356	-0.0231	0.0558	0.7690	-0.0345	Myeloid cell
19810.86	14666.66	-0.0858	-0.0436	-0.0559	0.6528	-0.0583	Myeloid cell
19810.36	14841.66	-0.0071	0.0068	-0.0126	0.7295	-0.0079	Myeloid cell
19807.86	14943.16	-0.0498	0.0173	-0.0030	0.9780	-0.0182	Myeloid cell
19805.86	14894.16	-0.0589	0.0009	0.0004	0.7773	0.0272	Myeloid cell
19801.86	14883.16	-0.0509	0.0111	-0.0069	0.9214	-0.0191	Myeloid cell
19800.36	14722.16	-0.0620	-0.0046	-0.0152	0.7163	-0.0205	Myeloid cell
19798.86	14868.66	-0.0420	0.0045	-0.0104	0.0334	0.7969	B cell
19797.86	14848.16	-0.0389	0.0088	-0.0040	0.0536	0.6519	B cell
19796.36	14920.16	-0.0723	-0.0060	-0.0213	0.8740	-0.0374	Myeloid cell
19795.36	14751.66	-0.0265	0.0050	0.0107	0.7598	0.0574	Myeloid cell
19786.86	14722.66	-0.0404	0.0172	0.0035	0.9180	-0.0105	Myeloid cell
19782.36	14657.66	0.0388	0.0091	-0.0223	0.6943	-0.0262	Myeloid cell
19779.36	14884.66	-0.0674	-0.0211	-0.0255	0.7183	-0.0369	Myeloid cell
19779.36	14613.66	-0.0231	0.0032	-0.0066	0.0200	0.5718	B cell
19775.36	14878.66	-0.0512	0.0105	-0.0061	0.9248	-0.0185	Myeloid cell
19772.36	14988.16	-0.0578	0.0080	-0.0098	0.9351	-0.0248	Myeloid cell
19764.86	14726.66	-0.0499	0.0146	-0.0032	0.9497	-0.0161	Myeloid cell
19762.36	14667.66	0.0397	0.0002	-0.0001	0.7461	0.0047	Myeloid cell
19753.36	14745.16	-0.0448	0.0151	-0.0035	0.9268	-0.0136	Myeloid cell
19753.36	14617.66	-0.0140	-0.0011	-0.0220	0.5781	-0.0178	Myeloid cell
19749.36	14654.16	-0.0607	-0.0051	-0.0211	0.8091	-0.0227	Myeloid cell
19744.36	14690.66	0.9658	-0.0189	-0.0307	0.0077	-0.0367	cDC2
19743.86	14648.66	0.0240	0.0223	0.0012	0.7769	0.0091	Myeloid cell
19742.86	14781.16	-0.0514	0.0123	-0.0056	0.9565	-0.0170	Myeloid cell
19737.36	14706.66	-0.0567	-0.0356	0.8379	-0.0239	-0.0321	cDC1
19731.36	14840.16	-0.0426	-0.0179	0.9038	-0.0050	-0.0192	cDC1
19729.36	14845.66	-0.0810	-0.0665	0.6826	-0.0562	-0.0501	cDC1
19728.36	14737.16	-0.0349	-0.0103	0.0169	0.4563	-0.0041	Myeloid cell
19718.36	14664.16	0.0007	0.0120	-0.0050	0.8525	-0.0072	Myeloid cell
19712.36	14644.16	0.8809	-0.0216	-0.0283	0.0495	-0.0399	cDC2
19708.86	14701.16	-0.0254	0.0192	-0.0008	0.9023	-0.0097	Myeloid cell
19708.86	14657.66	-0.0341	0.0091	-0.0031	0.8022	-0.0127	Myeloid cell
19702.86	14795.66	-0.0726	-0.0195	-0.0348	0.0325	0.6089	B cell
19693.36	14794.66	0.7646	0.0006	-0.0221	0.3635	-0.0164	cDC2
19691.36	14828.66	-0.0383	0.0049	-0.0094	0.0225	0.6582	B cell
19690.86	14703.66	-0.0416	0.0115	-0.0067	0.9233	-0.0220	Myeloid cell
19688.86	14643.16	0.0050	0.0264	0.0089	0.6470	0.0110	Myeloid cell
19688.36	14753.16	0.0317	0.0220	-0.0056	0.8208	-0.0147	Myeloid cell
19685.86	14837.16	-0.0449	-0.0289	0.4626	-0.0289	-0.0303	cDC1
19683.86	14729.66	-0.0377	-0.0126	-0.0222	-0.0080	0.5503	B cell
19683.86	14725.16	-0.0616	-0.0104	-0.0253	0.0297	0.7402	B cell
19682.36	14705.66	-0.0355	0.0209	0.0016	0.9888	-0.0090	Myeloid cell
19679.86	14741.16	0.0424	0.0173	-0.0063	0.6616	0.0058	Myeloid cell
19675.36	14721.66	-0.0531	-0.0015	-0.0145	0.8687	-0.0211	Myeloid cell
19672.86	14810.16	-0.0547	0.0132	-0.0059	0.9487	-0.0198	Myeloid cell
19672.86	14697.66	-0.0521	0.0108	-0.0063	0.9331	-0.0183	Myeloid cell
19667.36	14725.66	-0.0124	0.0024	-0.0126	0.7739	-0.0161	Myeloid cell
19666.36	14748.66	0.0383	0.0054	-0.0164	0.5444	-0.0169	Myeloid cell
19663.86	14741.66	0.8887	-0.0225	-0.0263	-0.0126	-0.0235	cDC2
19663.36	14621.16	0.0042	0.0211	0.0008	0.7861	-0.0016	Myeloid cell
19662.86	14729.66	-0.0330	0.0083	-0.0051	0.8672	-0.0140	Myeloid cell
19660.36	14700.66	-0.0057	0.0129	-0.0004	0.8755	-0.0110	Myeloid cell
19659.86	14693.66	-0.0386	0.0150	-0.0030	0.9492	-0.0126	Myeloid cell
19657.36	14792.16	-0.0307	0.0035	0.0050	0.5889	-0.0063	Myeloid cell
19653.86	14739.16	-0.0999	-0.0431	-0.0491	0.6460	-0.0516	Myeloid cell
19652.86	14766.66	-0.0634	-0.0025	-0.0219	0.8657	-0.0357	Myeloid cell
19647.86	14724.66	-0.0503	-0.0427	0.5083	-0.0495	-0.0513	cDC1
19647.36	14618.66	-0.0212	0.0189	0.0015	0.7324	-0.0022	Myeloid cell
19646.36	14739.66	-0.0496	0.0049	-0.0094	0.8774	-0.0192	Myeloid cell
19646.36	14665.66	-0.0534	0.0074	-0.0104	0.9023	-0.0191	Myeloid cell
19644.86	14657.66	0.0522	0.0132	-0.0085	0.6646	-0.0147	Myeloid cell
19642.36	14702.16	-0.0839	-0.0195	-0.0269	0.6841	0.0021	Myeloid cell
19640.86	14833.16	0.8765	0.0032	-0.0210	0.2236	-0.0258	cDC2
19640.36	14652.16	-0.0320	0.0054	-0.0062	0.8647	-0.0164	Myeloid cell
19636.36	14824.66	-0.0173	0.0094	-0.0046	0.9038	-0.0019	Myeloid cell
19629.86	14640.16	-0.0284	0.0120	-0.0086	0.8491	-0.0147	Myeloid cell
19612.36	14673.66	-0.0547	0.0070	-0.0091	0.9019	-0.0218	Myeloid cell
19607.86	14637.16	-0.0562	0.0082	-0.0100	0.9111	-0.0231	Myeloid cell
19604.86	14719.16	-0.0418	0.0121	-0.0050	0.9106	-0.0182	Myeloid cell
19603.36	14668.16	-0.0321	0.0202	0.0023	0.9902	-0.0091	Myeloid cell
19590.36	14647.16	-0.0632	0.0009	-0.0162	0.8809	-0.0286	Myeloid cell
19587.36	14621.66	0.0282	0.0188	-0.0063	0.6831	0.0043	Myeloid cell
19584.86	14711.66	0.0056	-0.0312	-0.0489	0.7363	-0.0569	Myeloid cell
19581.86	14602.66	-0.0204	-0.0114	-0.0249	0.7720	-0.0377	Myeloid cell
19578.36	14661.16	-0.0840	-0.0077	-0.0215	0.6328	-0.0158	Myeloid cell
19577.86	14679.16	-0.0203	-0.0137	-0.0286	0.7485	-0.0374	Myeloid cell
19577.36	14694.66	-0.0173	0.0021	-0.0082	0.0249	0.5010	B cell
19572.86	14638.16	-0.0522	-0.0039	-0.0145	0.8125	-0.0243	Myeloid cell
19566.36	14666.16	-0.0578	-0.0048	-0.0223	0.8276	-0.0279	Myeloid cell
19563.86	14633.16	-0.0483	0.0090	-0.0088	0.9165	-0.0176	Myeloid cell
19560.36	14652.66	-0.0545	0.0067	-0.0105	0.9243	-0.0236	Myeloid cell
19558.86	14611.16	0.0372	0.0161	0.0052	0.9048	-0.0112	Myeloid cell
19548.36	14606.66	-0.0401	0.0070	-0.0060	0.8398	-0.0152	Myeloid cell
19547.86	14614.16	-0.0626	0.0037	-0.0139	0.8916	-0.0224	Myeloid cell
19542.86	14653.16	-0.0286	0.0190	0.0027	0.9409	-0.0079	Myeloid cell
19542.86	14618.66	-0.0606	-0.0089	-0.0187	0.7656	-0.0293	Myeloid cell
19533.86	14722.16	-0.0498	0.0164	-0.0036	0.9722	-0.0194	Myeloid cell
19528.86	14632.16	-0.0421	0.0088	-0.0082	0.8848	-0.0150	Myeloid cell
19517.86	14651.16	-0.0519	0.0084	-0.0087	0.9082	-0.0202	Myeloid cell
19516.36	14622.16	-0.0686	0.0004	-0.0180	0.8633	-0.0307	Myeloid cell
19494.36	14630.16	-0.0583	0.0033	-0.0133	0.8999	-0.0261	Myeloid cell
19493.86	14614.66	-0.1008	-0.0134	-0.0387	0.4675	0.3184	Myeloid cell
19490.36	14710.66	-0.0075	0.0270	0.0325	0.5649	0.0045	Myeloid cell
19489.36	14621.16	-0.0621	0.0033	-0.0147	0.9072	-0.0253	Myeloid cell
19486.36	14627.66	-0.0620	-0.0036	-0.0211	0.8633	-0.0288	Myeloid cell
19484.86	14728.16	0.0058	0.0076	-0.0168	0.6655	-0.0097	Myeloid cell
19481.86	14725.66	0.0575	-0.0105	-0.0161	0.7100	-0.0384	Myeloid cell
19477.86	14621.66	-0.0433	0.0172	-0.0027	0.9663	-0.0143	Myeloid cell
19470.36	14751.66	0.8833	-0.0188	-0.0301	-0.0095	-0.0322	cDC2
19465.36	14611.16	-0.0710	-0.0015	-0.0202	0.8838	-0.0338	Myeloid cell
19461.36	14739.16	-0.0141	0.0150	0.0027	0.6914	0.0030	Myeloid cell
19952.36	16523.16	-0.0611	-0.0400	0.7744	-0.0351	-0.0418	cDC1
19893.36	16457.16	-0.0715	-0.0540	0.8301	-0.0373	-0.0413	cDC1
19888.86	16455.16	-0.0778	-0.0584	0.7695	-0.0496	-0.0470	cDC1
19882.36	16155.16	-0.0640	-0.0584	0.8052	-0.0372	-0.0421	cDC1
19863.86	16106.16	-0.0297	-0.0177	0.6162	-0.0168	-0.0200	cDC1
19862.36	16552.66	0.1042	-0.0154	0.7446	0.0238	-0.0195	cDC1
19842.36	16104.16	-0.0751	-0.0520	0.8853	-0.0344	-0.0439	cDC1
19839.86	16051.16	-0.0751	-0.0654	0.6382	-0.0567	-0.0538	cDC1
19811.36	16536.16	0.0833	-0.0169	0.7759	0.0151	-0.0237	cDC1
19794.36	16442.66	0.0319	0.0288	0.5088	0.1676	0.0250	cDC1
19754.36	16394.16	-0.0433	-0.0408	0.6611	-0.0395	-0.0163	cDC1
19748.36	16468.66	-0.0167	0.0051	-0.0029	0.6738	-0.0022	Myeloid cell
19692.86	16489.16	0.0001	0.0105	-0.0014	0.8589	-0.0094	Myeloid cell
19688.86	16328.16	-0.0953	-0.0823	0.6606	-0.0737	-0.0712	cDC1
19682.36	16481.66	-0.0515	0.0094	-0.0092	0.9277	-0.0213	Myeloid cell
19656.86	16429.66	-0.0961	-0.0806	0.5630	-0.0812	-0.0729	cDC1
19640.86	16363.16	-0.0664	-0.0675	0.6411	-0.0800	-0.0238	cDC1
19631.36	16439.66	-0.0869	-0.0706	0.6055	-0.0734	-0.0676	cDC1
19619.86	16578.66	0.0663	0.0110	-0.0067	0.8086	-0.0186	Myeloid cell
19615.86	16419.66	-0.0586	-0.0427	-0.0594	0.7036	-0.0652	Myeloid cell
19608.86	16421.16	0.8374	-0.0094	-0.0414	0.5498	-0.0399	Double pos cDC2
19606.86	16399.16	0.5513	-0.0242	0.1835	-0.0046	0.0914	cDC2
19590.36	16563.66	-0.0375	-0.0435	0.5771	-0.0428	-0.0330	cDC1
19580.36	16455.16	0.3950	-0.0010	-0.0209	0.7461	-0.0470	Myeloid cell
19579.86	16308.16	-0.0516	0.0154	-0.0057	0.9229	-0.0189	Myeloid cell
19561.86	16344.66	0.0365	0.0123	-0.0003	0.7324	-0.0095	Myeloid cell
19559.36	16422.16	-0.0059	0.0207	-0.0092	0.8965	-0.0132	Myeloid cell
19554.86	16378.66	-0.0378	0.0031	-0.0067	0.7944	-0.0129	Myeloid cell
19553.86	16363.16	0.3220	0.0205	0.0024	0.8506	-0.0164	Myeloid cell
19553.36	16456.16	-0.0471	0.0058	-0.0062	0.8618	-0.0181	Myeloid cell
19552.86	16351.16	-0.0195	-0.0061	-0.0180	0.8047	-0.0214	Myeloid cell
19549.36	16409.16	-0.0154	0.0160	0.0025	0.8843	-0.0073	Myeloid cell
19549.36	16383.66	-0.0540	-0.0146	-0.0115	0.7041	-0.0307	Myeloid cell
19539.36	16413.16	-0.0034	0.0176	0.0024	0.7002	0.0084	Myeloid cell
19532.36	16403.16	-0.0314	0.0200	0.0024	0.9429	-0.0084	Myeloid cell
19528.36	16381.66	-0.0474	0.0044	-0.0118	0.8716	-0.0209	Myeloid cell
19521.36	16383.16	-0.0345	0.0151	-0.0036	0.8784	-0.0046	Myeloid cell
19502.36	16418.16	-0.0459	0.0156	-0.0017	0.9058	-0.0144	Myeloid cell
19489.86	16428.16	-0.0558	-0.0257	-0.0224	0.7720	-0.0439	Myeloid cell
19489.36	16507.16	-0.0569	0.0003	-0.0151	0.8530	-0.0219	Myeloid cell
19485.36	16413.66	-0.0555	-0.0001	-0.0154	0.8662	-0.0204	Myeloid cell
19483.86	16493.66	-0.0097	0.0238	0.0044	0.6479	0.0049	Myeloid cell
19481.36	16363.16	-0.0508	0.0124	-0.0062	0.9014	-0.0156	Myeloid cell
19475.86	16593.16	-0.0479	-0.0562	0.5508	-0.0555	-0.0447	cDC1
19475.36	16429.16	-0.0508	0.0023	-0.0116	0.7183	-0.0130	Myeloid cell
19466.86	16542.66	-0.0400	0.0072	-0.0055	0.8164	-0.0138	Myeloid cell
19461.36	16559.66	0.0392	0.0083	-0.0388	0.6089	-0.0375	Myeloid cell
