18255.95	23231.63	-0.0458	0.0136	-0.0036	0.9346	-0.0154	Myeloid cell
18249.45	23227.13	-0.0756	0.0231	-0.0026	0.7734	-0.0157	Myeloid cell
18240.45	23066.63	0.0010	-0.0126	-0.0474	0.7290	-0.0485	Myeloid cell
18235.45	23073.13	-0.0514	0.0072	-0.0107	0.8833	-0.0184	Myeloid cell
18227.45	23184.13	-0.0466	0.0103	-0.0015	0.8677	-0.0147	Myeloid cell
18202.45	23129.63	-0.0519	0.0043	-0.0111	0.8789	-0.0228	Myeloid cell
18192.95	23127.13	-0.0338	0.0012	-0.0158	0.8608	-0.0225	Myeloid cell
18180.95	22877.13	0.5474	-0.0246	-0.0187	0.8042	-0.0731	Double pos cDC2
18162.45	23138.13	-0.0663	-0.0152	-0.0364	0.6567	-0.0338	Myeloid cell
18118.95	23070.13	-0.0514	0.0065	-0.0068	0.8857	-0.0200	Myeloid cell
18109.45	23071.13	-0.0543	0.0075	-0.0083	0.8960	-0.0247	Myeloid cell
18083.95	23138.63	-0.0662	-0.0039	-0.0178	0.8530	-0.0327	Myeloid cell
18064.95	23216.13	0.0582	-0.0084	-0.0533	0.7021	-0.0603	Myeloid cell
18063.95	23160.13	0.0186	0.0186	-0.0002	0.9014	-0.0062	Myeloid cell
18052.45	23160.63	-0.0674	-0.0023	-0.0183	0.8750	-0.0315	Myeloid cell
18004.95	23120.13	0.2588	-0.0241	-0.0344	0.7554	-0.0486	Myeloid cell
18000.45	23125.13	-0.0605	0.0025	-0.0152	0.8896	-0.0279	Myeloid cell
17993.45	23241.63	-0.0406	0.0059	-0.0068	0.7822	-0.0157	Myeloid cell
17992.45	23159.63	-0.0352	0.0175	0.0010	0.9346	-0.0091	Myeloid cell
17979.45	23237.13	-0.0616	0.0053	-0.0135	0.9160	-0.0274	Myeloid cell
17969.95	23105.13	-0.0378	0.0113	-0.0049	0.9185	-0.0181	Myeloid cell
17905.45	23231.13	0.1274	-0.0449	0.0273	0.7363	-0.0871	Myeloid cell
17902.45	23206.63	0.1783	0.0026	-0.0467	0.7437	-0.0723	Myeloid cell
17901.95	23202.13	-0.0544	-0.0163	-0.0263	0.7900	-0.0321	Myeloid cell
17901.45	23224.13	-0.0553	-0.0081	-0.0210	0.8442	-0.0298	Myeloid cell
17901.45	23216.13	0.2507	0.0578	-0.0304	0.7783	-0.0486	Myeloid cell
18265.45	23908.13	-0.0100	0.0163	-0.0008	0.9287	-0.0097	Myeloid cell
18260.45	23701.13	0.0333	0.0111	-0.0004	0.8755	-0.0032	Myeloid cell
18252.95	23790.13	-0.0217	-0.0284	-0.0428	0.6763	-0.0459	Myeloid cell
18225.95	23766.13	0.0100	0.0019	-0.0154	0.8184	-0.0214	Myeloid cell
18207.95	23721.63	-0.0361	0.0157	0.0039	0.8877	-0.0086	Myeloid cell
18204.95	23728.63	-0.0583	0.0069	-0.0117	0.8999	-0.0248	Myeloid cell
18203.95	23813.63	-0.0566	-0.0034	-0.0174	0.8521	-0.0285	Myeloid cell
18198.95	23732.63	-0.0535	0.0142	-0.0054	0.9482	-0.0225	Myeloid cell
18193.95	23717.13	-0.0143	0.0191	0.0008	0.8545	-0.0075	Myeloid cell
18172.95	23890.63	0.1519	0.0050	-0.0182	0.6851	-0.0200	Myeloid cell
18158.95	23706.63	-0.0403	0.0089	-0.0071	0.8975	-0.0157	Myeloid cell
18155.45	23669.63	-0.0553	0.0091	-0.0067	0.9351	-0.0228	Myeloid cell
18154.45	23249.63	-0.0232	-0.0129	-0.0320	0.4600	-0.0292	Myeloid cell
18150.45	23684.63	-0.0595	0.0018	-0.0144	0.8730	-0.0286	Myeloid cell
18149.95	23792.63	-0.0570	0.0028	-0.0122	0.8804	-0.0262	Myeloid cell
18144.95	23685.63	-0.0648	-0.0242	-0.0365	0.6118	-0.0405	Myeloid cell
18142.95	23666.13	-0.0457	0.0107	-0.0055	0.9199	-0.0165	Myeloid cell
18137.45	23435.13	-0.0712	0.0008	-0.0191	0.9023	-0.0357	Myeloid cell
18134.95	23375.13	-0.0496	0.0043	-0.0079	0.8564	-0.0194	Myeloid cell
18127.95	23377.63	-0.0222	-0.0094	-0.0241	0.8115	-0.0345	Myeloid cell
18121.45	23376.13	-0.0104	0.0099	-0.0047	0.8340	-0.0120	Myeloid cell
18118.45	23704.63	0.1161	-0.0477	-0.0353	0.8188	-0.0735	Myeloid cell
18112.95	23682.63	-0.0416	0.0025	-0.0128	0.8872	-0.0264	Myeloid cell
18111.95	23612.13	-0.0498	0.0090	-0.0058	0.9585	-0.0270	Myeloid cell
18102.45	23599.13	-0.0504	0.0006	-0.0143	0.8799	-0.0274	Myeloid cell
18097.95	23549.13	-0.0467	0.0122	-0.0037	0.9194	-0.0208	Myeloid cell
18088.45	23887.13	-0.0361	0.0061	-0.0035	0.8286	-0.0153	Myeloid cell
18086.95	23731.13	-0.0520	-0.0054	-0.0234	0.7119	-0.0235	Myeloid cell
18080.95	23756.13	-0.0385	-0.0064	-0.0224	0.8647	-0.0314	Myeloid cell
18079.45	23493.13	-0.0518	0.0053	-0.0079	0.8809	-0.0237	Myeloid cell
18071.45	23755.13	-0.0547	0.0035	-0.0127	0.8813	-0.0213	Myeloid cell
18049.95	23846.13	-0.0474	-0.0099	-0.0212	0.5728	-0.0233	Myeloid cell
18044.45	23622.63	-0.0601	-0.0073	-0.0219	0.8291	-0.0320	Myeloid cell
18040.45	23617.13	-0.0611	-0.0037	-0.0185	0.8257	-0.0272	Myeloid cell
18033.95	23509.13	-0.0627	-0.0049	-0.0184	0.8447	-0.0282	Myeloid cell
18033.45	23249.63	0.4216	0.0145	-0.0050	0.6465	-0.0221	Double pos cDC2
18022.45	23624.63	-0.0429	0.0027	-0.0127	0.7559	-0.0174	Myeloid cell
18017.95	23611.63	-0.0480	0.0112	-0.0050	0.9448	-0.0208	Myeloid cell
18010.45	23784.63	-0.0588	-0.0071	-0.0170	0.7358	-0.0262	Myeloid cell
18000.45	23379.63	-0.0475	0.0178	-0.0036	0.9580	-0.0175	Myeloid cell
17989.45	23550.63	-0.0100	0.0131	-0.0387	0.6870	-0.0458	Myeloid cell
17986.95	23890.63	-0.0591	0.0018	-0.0160	0.8599	-0.0208	Myeloid cell
17984.95	23390.63	-0.0484	0.0088	-0.0085	0.8940	-0.0095	Myeloid cell
17981.45	23818.63	-0.0438	0.0111	-0.0039	0.9014	-0.0118	Myeloid cell
17978.45	23393.63	-0.0370	-0.0042	-0.0202	0.8594	-0.0240	Myeloid cell
17975.45	23633.13	0.1462	0.0167	-0.0133	0.6206	-0.0255	Myeloid cell
17959.45	23691.13	-0.0508	0.0089	-0.0070	0.9214	-0.0236	Myeloid cell
17958.95	23515.63	-0.0625	0.0011	-0.0150	0.9023	-0.0344	Myeloid cell
17952.95	23402.13	-0.0674	-0.0179	-0.0320	0.8350	-0.0307	Myeloid cell
17950.45	23690.13	-0.0446	0.0111	-0.0062	0.9321	-0.0152	Myeloid cell
17944.45	23678.13	0.0185	0.0109	-0.0064	0.9028	-0.0160	Myeloid cell
17938.45	23612.13	-0.0598	0.0030	-0.0134	0.8677	-0.0252	Myeloid cell
17932.45	23788.13	-0.0296	0.0169	0.0048	0.8989	-0.0071	Myeloid cell
17932.45	23274.63	-0.0701	-0.0122	-0.0263	0.7676	-0.0318	Myeloid cell
17930.95	23267.63	-0.0762	-0.0442	-0.0532	0.5776	-0.0595	Myeloid cell
17926.45	23267.63	-0.0529	0.0061	-0.0100	0.8970	-0.0206	Myeloid cell
17924.45	23798.13	-0.0734	-0.0210	-0.0249	0.7920	-0.0457	Myeloid cell
17921.95	23803.13	-0.0702	0.0003	-0.0177	0.8970	-0.0334	Myeloid cell
17918.95	23480.13	-0.0467	0.0136	-0.0045	0.9238	-0.0170	Myeloid cell
17917.45	23277.13	-0.0590	0.0092	-0.0093	0.9248	-0.0232	Myeloid cell
17905.45	23677.63	-0.0401	-0.0126	-0.0137	0.8022	-0.0361	Myeloid cell
17904.95	23484.13	-0.0387	0.0146	-0.0021	0.9321	-0.0142	Myeloid cell
17895.95	23867.63	-0.0696	-0.0161	-0.0307	0.7715	-0.0352	Myeloid cell
17894.95	23372.63	-0.0590	0.0018	-0.0134	0.8950	-0.0267	Myeloid cell
17887.95	23869.63	-0.0633	-0.0128	-0.0182	0.7798	-0.0313	Myeloid cell
17884.95	23355.13	-0.0512	0.0084	-0.0081	0.9097	-0.0210	Myeloid cell
17884.45	23699.13	-0.0231	-0.0201	-0.0266	0.7295	-0.0443	Myeloid cell
17882.95	23371.13	0.0308	0.0119	-0.0012	0.7656	-0.0068	Myeloid cell
17871.45	23360.13	-0.0471	0.0089	-0.0080	0.9004	-0.0172	Myeloid cell
17870.95	23758.63	-0.0484	0.0118	-0.0064	0.9233	-0.0173	Myeloid cell
17866.95	23697.63	-0.0626	0.0001	-0.0160	0.8711	-0.0309	Myeloid cell
17861.45	23677.13	0.1620	-0.0000	0.0067	0.7510	-0.0326	Myeloid cell
17852.95	23770.63	-0.0475	0.0118	-0.0046	0.9253	-0.0215	Myeloid cell
17839.95	23768.63	-0.0486	-0.0031	-0.0129	0.7700	-0.0226	Myeloid cell
18265.45	24509.13	-0.0754	-0.0174	-0.0386	0.8242	-0.0450	Myeloid cell
18258.95	24503.13	0.5098	0.0194	-0.0121	0.8359	-0.0112	Double pos cDC2
18254.95	24564.13	0.4797	-0.0016	-0.0129	0.0599	-0.0090	cDC2
18252.95	24225.63	-0.0571	0.0078	-0.0109	0.9097	-0.0258	Myeloid cell
18240.45	24220.63	-0.0327	0.0100	-0.0067	0.8545	-0.0146	Myeloid cell
18226.95	24062.63	0.0429	0.0004	-0.0128	0.6694	-0.0223	Myeloid cell
18216.45	24423.13	0.8696	-0.0330	-0.0361	0.0011	-0.0476	cDC2
18213.95	23949.63	0.4697	-0.0244	-0.0237	0.1292	-0.0173	cDC2
18205.45	24007.63	0.1039	-0.0044	-0.0247	0.7505	-0.0390	Myeloid cell
18202.45	24179.63	-0.0180	0.0017	-0.0158	0.5713	-0.0117	Myeloid cell
18197.95	24127.63	-0.0145	0.0064	-0.0100	0.8037	-0.0209	Myeloid cell
18194.45	24221.63	-0.0405	0.0144	-0.0026	0.9214	-0.0152	Myeloid cell
18187.45	24121.13	-0.0503	0.0073	-0.0146	0.8472	-0.0107	Myeloid cell
18186.45	24024.13	0.8960	-0.0187	-0.0370	0.1062	-0.0610	cDC2
18181.45	24028.13	0.6177	-0.0674	-0.0735	-0.0313	-0.0705	cDC2
18175.95	24289.13	-0.0484	0.0037	0.0073	0.5327	-0.0203	Myeloid cell
18167.95	24014.13	0.3225	0.0065	-0.0061	0.9434	-0.0371	Myeloid cell
18159.95	23918.63	0.4172	0.0035	-0.0210	0.8042	-0.0323	Double pos cDC2
18150.45	24027.13	0.4783	-0.0393	-0.0644	0.6138	-0.0713	Double pos cDC2
18147.45	24317.63	-0.0695	-0.0207	-0.0303	0.7817	-0.0394	Myeloid cell
18145.95	23944.63	0.0870	0.0127	-0.0068	0.5771	-0.0031	Myeloid cell
18134.95	23918.63	0.0122	0.0243	0.0102	0.8950	-0.0037	Myeloid cell
18133.45	24405.63	-0.0443	0.0126	-0.0072	0.9229	-0.0154	Myeloid cell
18124.45	24456.63	0.5820	-0.0052	-0.0184	0.0003	-0.0209	cDC2
18120.45	24056.63	-0.0551	0.0065	-0.0107	0.9048	-0.0208	Myeloid cell
18119.95	24124.13	0.0994	0.0091	-0.0220	0.6509	-0.0226	Myeloid cell
18118.45	24521.63	0.4773	0.0125	-0.0005	0.1113	-0.0130	cDC2
18112.45	24058.63	-0.0245	0.0027	-0.0159	0.5757	-0.0140	Myeloid cell
18108.45	24012.63	-0.0518	-0.0011	-0.0210	0.8237	-0.0171	Myeloid cell
18107.45	24130.13	-0.0270	0.0158	-0.0057	0.9233	-0.0181	Myeloid cell
18104.45	23933.63	-0.0389	0.0169	-0.0072	0.5962	0.0228	Myeloid cell
18095.95	24183.63	-0.0662	-0.0053	-0.0197	0.8462	-0.0325	Myeloid cell
18092.95	24008.13	-0.0247	0.0014	-0.0137	0.8452	-0.0269	Myeloid cell
18092.45	24220.63	-0.0533	-0.0020	-0.0156	0.8145	-0.0230	Myeloid cell
18081.95	24181.63	-0.0508	-0.0001	-0.0124	0.0139	0.8521	B cell
18081.45	24326.13	-0.0332	-0.0037	-0.0199	0.7422	-0.0238	Myeloid cell
18078.45	24177.13	0.0743	0.0038	-0.0074	0.7837	-0.0057	Myeloid cell
18077.95	24505.63	0.8652	-0.0208	-0.0346	0.0155	-0.0360	cDC2
18072.45	24102.13	-0.0476	0.0117	-0.0039	0.9160	-0.0177	Myeloid cell
18071.95	24038.13	-0.0501	0.0166	-0.0022	0.9590	-0.0162	Myeloid cell
18066.45	24553.63	0.5938	-0.0137	-0.0208	0.1146	-0.0241	cDC2
18064.95	24303.63	-0.0105	-0.0068	-0.0244	0.6284	-0.0184	Myeloid cell
18060.95	24509.63	0.5254	-0.0171	-0.0292	0.0685	-0.0317	cDC2
18049.95	23989.63	-0.0468	0.0118	-0.0086	0.9448	-0.0264	Myeloid cell
18049.45	24345.63	-0.0685	-0.0152	0.6670	0.0106	-0.0159	cDC1
18045.95	24060.13	-0.0063	0.0104	-0.0089	0.5483	-0.0013	Myeloid cell
18045.95	23918.63	-0.0595	0.0095	-0.0079	0.9351	-0.0228	Myeloid cell
18024.95	24260.63	0.0271	0.0314	0.2646	0.0220	0.0250	Other cell
18019.45	24036.63	-0.0378	0.0038	-0.0151	0.6240	-0.0149	Myeloid cell
18012.95	24277.63	-0.0632	-0.0156	-0.0279	0.7905	-0.0359	Myeloid cell
18012.45	24286.63	0.1580	-0.0113	-0.0328	0.7988	-0.0428	Myeloid cell
18001.95	24253.63	-0.0300	0.0026	-0.0112	0.7632	-0.0043	Myeloid cell
17998.45	24054.63	-0.0499	0.0063	-0.0104	0.9072	-0.0240	Myeloid cell
17993.95	24233.63	-0.0417	-0.0123	-0.0210	0.8369	-0.0331	Myeloid cell
17979.95	24258.63	0.0403	0.0126	-0.0058	0.7773	-0.0210	Myeloid cell
17974.95	24002.13	-0.0470	0.0017	-0.0107	0.8672	-0.0215	Myeloid cell
17939.45	24156.13	-0.0455	0.0137	-0.0033	0.9316	-0.0163	Myeloid cell
17933.45	23928.13	0.1909	-0.0284	-0.0417	0.6445	-0.0478	Myeloid cell
17930.95	23921.63	0.0541	-0.0014	-0.0150	0.7739	-0.0196	Myeloid cell
17929.45	23972.13	-0.0437	0.0020	-0.0110	0.8188	-0.0201	Myeloid cell
17925.95	24033.63	-0.0459	0.0157	-0.0032	0.9580	-0.0166	Myeloid cell
17924.45	24202.63	0.2267	0.0033	-0.0158	0.7705	-0.0332	Myeloid cell
17919.95	23958.63	-0.0600	-0.0025	0.0011	0.6289	-0.0219	Myeloid cell
17917.95	24027.63	-0.0374	0.0137	-0.0019	0.8760	-0.0122	Myeloid cell
17916.45	24073.13	-0.0436	0.0117	-0.0058	0.9146	-0.0152	Myeloid cell
17902.45	24186.63	-0.0282	-0.0164	-0.0314	0.8091	-0.0400	Myeloid cell
17898.45	24044.13	-0.0330	0.0081	-0.0088	0.8813	-0.0144	Myeloid cell
17893.45	24088.63	-0.0499	0.0106	-0.0074	0.9541	-0.0256	Myeloid cell
17893.45	24033.63	-0.0305	0.0097	-0.0024	0.8262	-0.0140	Myeloid cell
17882.95	24138.63	0.0704	0.0276	-0.0053	0.5078	-0.0004	Myeloid cell
17878.95	24155.63	-0.0313	0.0088	-0.0058	0.7368	-0.0126	Myeloid cell
17878.45	24004.13	-0.0508	0.0053	-0.0114	0.8960	-0.0210	Myeloid cell
18241.45	24587.63	0.8794	-0.0235	-0.0215	-0.0284	-0.0041	cDC2
18224.45	24597.63	0.7466	-0.0073	-0.0222	-0.0024	0.1399	cDC2
18213.45	24661.63	0.8042	-0.0196	0.0168	-0.0264	0.0212	cDC2
18201.45	24663.13	0.4985	-0.0395	-0.0494	-0.0398	-0.0458	cDC2
18195.95	24680.63	0.6646	-0.0591	-0.0689	-0.0665	-0.0274	cDC2
18189.95	24693.13	0.9009	-0.0138	-0.0274	-0.0266	-0.0171	cDC2
18188.45	24630.13	0.7925	-0.0278	-0.0289	0.0542	0.0420	cDC2
18184.45	24709.63	0.8071	-0.0428	-0.0558	-0.0609	0.0756	cDC2
18181.95	24600.63	0.6724	-0.0463	-0.0449	-0.0260	-0.0196	cDC2
18178.95	24685.63	0.8931	-0.0167	-0.0292	-0.0192	-0.0275	cDC2
18178.45	24613.13	0.6499	-0.0697	-0.0693	-0.0237	-0.0673	cDC2
18177.95	24661.13	0.7207	-0.0155	-0.0303	-0.0317	0.0208	cDC2
18177.45	24649.63	0.8306	-0.0286	-0.0362	-0.0308	-0.0330	cDC2
18176.45	24692.13	0.7417	-0.0300	-0.0341	-0.0410	-0.0392	cDC2
18174.95	24696.63	0.8076	-0.0337	-0.0411	-0.0191	-0.0221	cDC2
18171.45	24669.63	0.5347	-0.0279	-0.0227	0.0724	-0.0563	cDC2
18161.95	24631.13	0.7725	-0.0451	0.0110	-0.0150	-0.0447	cDC2
18158.95	24691.63	0.2847	0.0435	-0.0003	0.0241	0.5249	B cell
18157.95	24638.13	0.4954	-0.0208	-0.0336	0.0079	-0.0341	cDC2
18156.45	24677.13	0.7788	-0.0297	-0.0456	-0.0274	0.0516	cDC2
18147.95	24598.13	0.9487	-0.0088	-0.0156	-0.0127	-0.0106	cDC2
18146.45	24696.63	0.1798	-0.0340	0.4761	-0.0262	0.0764	cDC1
18145.95	24671.13	0.8433	-0.0087	-0.0228	-0.0134	-0.0116	cDC2
18143.45	24611.13	0.6084	-0.0628	-0.0522	-0.0706	-0.0289	cDC2
18141.45	24616.13	0.7832	-0.0411	-0.0508	-0.0388	-0.0302	cDC2
18139.45	24625.13	0.9365	-0.0151	-0.0238	0.0177	-0.0123	cDC2
18126.95	24611.13	0.6802	-0.0684	-0.0681	-0.0684	-0.0657	cDC2
18111.95	24620.63	0.8945	-0.0091	-0.0256	-0.0049	-0.0204	cDC2
18110.95	24605.63	0.7300	-0.0170	-0.0291	-0.0455	0.0898	cDC2
18102.45	24603.63	0.8657	-0.0143	-0.0266	-0.0234	-0.0280	cDC2
18090.45	24618.63	0.6792	-0.0448	-0.0276	-0.0773	0.0255	cDC2
18085.95	24616.63	0.1208	-0.0419	0.6655	-0.0626	-0.0285	cDC1
18077.95	24587.63	0.3511	0.0649	0.1196	0.0357	0.0454	Other cell
18761.45	22471.63	0.9331	-0.0185	-0.0290	-0.0228	-0.0351	cDC2
18759.95	22499.13	-0.0606	-0.0357	0.6665	-0.0397	-0.0403	cDC1
18754.45	22464.63	0.8423	-0.0319	-0.0095	-0.0050	0.0963	cDC2
18753.45	22460.63	0.6968	-0.0632	-0.0605	-0.0715	-0.0390	cDC2
18743.45	22473.13	-0.0720	-0.0578	0.6011	-0.0540	-0.0529	cDC1
18737.45	22355.13	-0.0122	-0.0498	0.5718	-0.0357	-0.0143	cDC1
18729.45	22372.63	0.5210	-0.0370	-0.0445	-0.0326	-0.0021	cDC2
18727.95	22484.13	0.4866	-0.0073	-0.0314	0.8062	-0.0390	Double pos cDC2
18727.45	22552.13	-0.0292	-0.0528	0.0007	0.4788	-0.0593	Myeloid cell
18716.95	22377.63	0.5591	-0.0421	-0.0461	0.0688	-0.0281	cDC2
18693.95	22526.13	0.3484	-0.0250	-0.0517	0.6372	-0.0477	Myeloid cell
18687.95	22449.63	0.5923	-0.0862	-0.0745	-0.0776	0.1499	cDC2
18681.95	22436.13	-0.0473	0.0265	0.0013	0.0798	0.8804	B cell
18681.45	22419.13	0.3057	0.0166	-0.0091	0.6333	0.0117	Myeloid cell
18671.95	22409.13	0.7803	-0.0464	-0.0529	-0.0230	-0.0545	cDC2
18671.95	22404.13	0.7651	-0.0321	-0.0452	0.0677	-0.0432	cDC2
18629.45	22419.63	-0.0410	-0.0338	0.4744	-0.0317	-0.0320	cDC1
18621.45	22467.13	-0.0042	0.0096	-0.0111	0.6392	-0.0098	Myeloid cell
18540.45	22510.63	0.0802	-0.0197	-0.0381	0.6528	-0.0419	Myeloid cell
18489.45	22545.63	-0.0022	-0.0121	-0.0294	0.7427	-0.0356	Myeloid cell
18484.45	22535.63	0.7139	-0.0170	-0.0445	0.6108	-0.0512	Double pos cDC2
18765.45	22818.63	-0.0316	0.0051	-0.0079	0.7554	-0.0141	Myeloid cell
18750.95	23015.63	0.0042	0.0137	-0.0018	0.8228	-0.0137	Myeloid cell
18713.95	22984.63	0.5674	0.0127	-0.0019	0.7402	-0.0162	Double pos cDC2
18712.95	23246.13	-0.0033	0.0024	-0.0148	0.5903	-0.0300	Myeloid cell
18709.45	23240.63	-0.0129	-0.0140	0.0051	0.6919	-0.0578	Myeloid cell
18700.95	23091.63	-0.0358	0.0163	0.0023	0.9370	-0.0131	Myeloid cell
18694.45	23103.13	0.0371	0.0311	0.0138	0.9136	0.0036	Myeloid cell
18690.45	23171.63	-0.0436	0.0073	-0.0027	0.8628	-0.0163	Myeloid cell
18688.45	23226.63	-0.0347	0.0123	-0.0020	0.8340	-0.0107	Myeloid cell
18678.45	23231.63	-0.0518	0.0089	-0.0084	0.8984	-0.0197	Myeloid cell
18662.95	23040.63	-0.0632	0.0043	-0.0117	0.8984	-0.0272	Myeloid cell
18660.95	23218.63	-0.0489	0.0092	-0.0075	0.9038	-0.0178	Myeloid cell
18626.95	23060.13	-0.0482	0.0128	-0.0045	0.9302	-0.0180	Myeloid cell
18620.45	22867.63	-0.0655	-0.0044	-0.0211	0.8477	-0.0333	Myeloid cell
18617.95	22861.13	-0.0748	-0.0090	-0.0222	0.8589	-0.0436	Myeloid cell
18614.95	22730.13	-0.0358	0.0135	-0.0027	0.9214	-0.0136	Myeloid cell
18606.45	22885.63	-0.0511	0.0127	-0.0053	0.9478	-0.0201	Myeloid cell
18604.45	23066.63	0.1168	-0.0063	-0.0171	0.8301	-0.0302	Myeloid cell
18586.95	22824.63	0.5801	0.0025	-0.0205	0.5723	-0.0377	Double pos cDC2
18584.45	22798.63	-0.0720	-0.0148	-0.0051	0.5850	-0.0231	Myeloid cell
18579.95	22819.63	-0.0305	-0.0254	-0.0403	0.7637	-0.0477	Myeloid cell
18577.45	22996.13	-0.0591	-0.0021	-0.0155	0.8594	-0.0264	Myeloid cell
18565.45	22784.13	-0.0551	0.0042	-0.0133	0.8931	-0.0259	Myeloid cell
18552.95	23020.13	-0.0402	0.0121	-0.0022	0.8423	-0.0135	Myeloid cell
18541.45	22800.63	-0.0699	-0.0125	-0.0221	0.8218	-0.0350	Myeloid cell
18516.95	22681.13	-0.0168	0.0190	-0.0083	0.6816	-0.0040	Myeloid cell
18486.95	22661.63	-0.0723	-0.0021	-0.0178	0.8740	-0.0329	Myeloid cell
18470.45	22623.13	-0.0590	-0.0121	-0.0169	0.5923	-0.0306	Myeloid cell
18468.95	22871.63	-0.0240	0.0113	-0.0017	0.8652	-0.0110	Myeloid cell
18466.45	22729.63	-0.0497	0.0076	-0.0078	0.8882	-0.0161	Myeloid cell
18462.95	22643.13	-0.0550	-0.0012	-0.0172	0.8481	-0.0237	Myeloid cell
18458.95	22649.63	-0.0124	0.0157	-0.0003	0.8198	0.0029	Myeloid cell
18457.45	22711.13	-0.0526	0.0081	-0.0077	0.9082	-0.0210	Myeloid cell
18456.45	22626.13	-0.0484	0.0031	-0.0095	0.7871	-0.0191	Myeloid cell
18440.95	22923.63	-0.0311	0.0093	-0.0072	0.7969	-0.0166	Myeloid cell
18439.95	22653.63	-0.0345	-0.0110	-0.0301	0.7910	-0.0331	Myeloid cell
18435.45	22626.63	-0.0195	0.0211	-0.0086	0.6289	-0.0053	Myeloid cell
18425.45	22681.13	-0.0188	0.0044	-0.0120	0.7563	-0.0168	Myeloid cell
18422.45	22670.13	-0.0359	0.0245	-0.0018	1.0049	-0.0187	Myeloid cell
18421.45	22648.13	-0.0481	0.0114	-0.0051	0.9268	-0.0175	Myeloid cell
18414.95	22682.63	-0.0411	0.0132	-0.0073	0.9390	-0.0193	Myeloid cell
18411.45	22656.63	-0.0454	0.0144	0.0002	0.9297	-0.0175	Myeloid cell
18410.45	22735.13	-0.0661	0.0051	-0.0108	0.9263	-0.0304	Myeloid cell
18409.45	22960.63	-0.0420	0.0005	-0.0182	0.6479	-0.0165	Myeloid cell
18408.45	22939.13	0.0367	0.0055	-0.0087	0.7837	-0.0166	Myeloid cell
18406.95	22784.63	-0.0216	0.0055	-0.0141	0.5615	-0.0113	Myeloid cell
18400.45	22627.13	-0.0482	0.0091	-0.0069	0.9092	-0.0188	Myeloid cell
18397.95	23237.63	-0.0556	-0.0009	-0.0183	0.8467	-0.0253	Myeloid cell
18384.45	22761.63	0.0570	0.0127	-0.0140	0.6475	-0.0137	Myeloid cell
18377.45	23154.63	-0.0504	0.0075	-0.0080	0.8853	-0.0194	Myeloid cell
18369.45	22894.63	0.0964	0.0130	-0.0291	0.7646	-0.0550	Myeloid cell
18364.95	23118.13	-0.0271	0.0115	-0.0141	0.7241	-0.0150	Myeloid cell
18363.95	23182.63	-0.0464	0.0186	0.0007	0.9521	-0.0150	Myeloid cell
18354.95	23127.63	0.0868	0.0026	-0.0183	0.7886	-0.0214	Myeloid cell
18337.45	22688.63	-0.0598	0.0071	-0.0103	0.8994	-0.0205	Myeloid cell
18328.95	22788.63	-0.0241	0.0147	-0.0031	0.8701	-0.0155	Myeloid cell
18323.95	22794.13	-0.0417	0.0161	0.0012	0.8979	-0.0131	Myeloid cell
18318.45	22768.63	-0.0488	0.0093	-0.0074	0.8901	-0.0168	Myeloid cell
18317.95	22697.63	-0.0674	-0.0068	-0.0209	0.8359	-0.0329	Myeloid cell
18312.95	22840.63	-0.0098	0.0106	0.0011	0.8579	-0.0101	Myeloid cell
18307.95	22968.63	-0.0441	0.0117	-0.0038	0.9497	-0.0197	Myeloid cell
18294.45	23239.13	0.0305	0.0101	0.0058	0.8916	-0.0144	Myeloid cell
18285.95	23152.13	0.0417	-0.0001	-0.0190	0.8193	-0.0261	Myeloid cell
18282.45	23061.63	-0.0590	0.0045	-0.0112	0.8862	-0.0228	Myeloid cell
18270.45	23156.63	0.0097	-0.0289	-0.0420	0.7349	-0.0483	Myeloid cell
18763.95	23895.13	0.0009	-0.0144	-0.0314	0.5493	-0.0295	Myeloid cell
18761.95	23304.63	-0.0383	0.0126	-0.0017	0.0291	0.9507	B cell
18749.45	23341.13	-0.0267	0.0039	-0.0050	-0.0151	0.6162	B cell
18741.45	23322.63	-0.0390	0.0005	-0.0131	0.0310	0.6328	B cell
18735.45	23321.13	-0.0511	-0.0102	-0.0167	0.0106	0.7559	B cell
18733.95	23785.63	0.6558	-0.0595	-0.0629	0.0087	-0.0712	cDC2
18723.45	23804.13	0.5327	-0.0209	-0.0265	0.1030	-0.0357	cDC2
18715.45	23249.63	0.1075	0.0236	-0.0092	0.8730	-0.0385	Myeloid cell
18704.45	23304.13	-0.0517	0.0032	-0.0093	0.8374	-0.0185	Myeloid cell
18701.45	23274.63	-0.0401	0.0065	-0.0067	0.8618	-0.0194	Myeloid cell
18698.95	23279.63	-0.0617	-0.0045	-0.0188	0.8066	-0.0303	Myeloid cell
18690.45	23284.63	0.0676	0.0153	-0.0016	0.8867	-0.0107	Myeloid cell
18683.45	23256.63	-0.0339	-0.0004	-0.0170	0.8071	-0.0237	Myeloid cell
18677.45	23285.13	-0.0194	-0.0043	-0.0152	0.7905	-0.0141	Myeloid cell
18611.45	23457.13	-0.0037	-0.0044	-0.0104	0.8579	-0.0250	Myeloid cell
18588.45	23653.13	-0.0613	-0.0008	-0.0153	0.8799	-0.0268	Myeloid cell
18545.45	23451.63	0.9136	-0.0064	-0.0298	0.2598	-0.0599	cDC2
18530.45	23566.63	-0.0440	-0.0101	-0.0033	0.6294	-0.0456	Myeloid cell
18520.45	23586.13	0.0426	0.0091	-0.0171	0.8086	-0.0262	Myeloid cell
18511.45	23613.63	0.0420	-0.0092	-0.0254	0.6226	-0.0304	Myeloid cell
18456.95	23654.13	-0.0337	0.0074	-0.0080	0.8364	-0.0150	Myeloid cell
18446.95	23901.13	-0.0525	0.0111	-0.0044	0.9243	-0.0226	Myeloid cell
18428.45	23338.13	-0.0489	0.0048	-0.0055	0.8311	-0.0165	Myeloid cell
18420.95	23335.13	0.0105	0.0053	-0.0121	0.8530	-0.0198	Myeloid cell
18417.95	23768.63	-0.0438	0.0090	-0.0078	0.9175	-0.0190	Myeloid cell
18412.95	23329.63	-0.0659	-0.0143	-0.0217	0.6499	-0.0278	Myeloid cell
18407.95	23369.63	-0.0223	0.0144	0.0010	0.8633	-0.0099	Myeloid cell
18401.45	23301.13	-0.0536	-0.0067	-0.0154	0.7769	-0.0265	Myeloid cell
18398.45	23440.63	-0.0431	-0.0024	-0.0139	0.8286	-0.0167	Myeloid cell
18396.95	23310.63	-0.0389	0.0111	-0.0006	0.8618	-0.0121	Myeloid cell
18366.95	23286.13	-0.0555	0.0062	-0.0045	0.8198	-0.0186	Myeloid cell
18366.45	23362.13	-0.0591	0.0023	-0.0134	0.8862	-0.0274	Myeloid cell
18364.95	23293.13	-0.0616	0.0074	-0.0114	0.9072	-0.0222	Myeloid cell
18364.45	23387.13	-0.0021	0.0111	-0.0120	0.9175	-0.0261	Myeloid cell
18351.95	23421.13	0.0897	0.0251	-0.0060	0.6274	-0.0144	Myeloid cell
18349.45	23425.63	0.1576	-0.0106	-0.0141	0.7051	-0.0340	Myeloid cell
18346.95	23754.13	-0.0033	0.0248	0.0018	0.8047	-0.0010	Myeloid cell
18345.45	23298.13	-0.0401	-0.0188	-0.0340	0.7954	-0.0407	Myeloid cell
18341.95	23294.13	-0.0728	-0.0176	-0.0482	0.7339	-0.0290	Myeloid cell
18327.95	23295.13	-0.0510	0.0089	-0.0083	0.9111	-0.0220	Myeloid cell
18326.45	23348.13	-0.0378	0.0121	-0.0020	0.8745	-0.0111	Myeloid cell
18326.45	23287.63	0.0327	0.0271	0.0099	0.8643	0.0000	Myeloid cell
18321.95	23332.63	-0.0718	-0.0263	-0.0566	0.7104	-0.0576	Myeloid cell
18319.95	23324.63	-0.0760	-0.0107	-0.0261	0.7485	-0.0391	Myeloid cell
18314.95	23327.13	-0.0309	-0.0103	-0.0526	0.6919	-0.0451	Myeloid cell
18312.95	23263.13	0.0340	-0.0140	-0.0248	0.6128	-0.0118	Myeloid cell
18304.45	23273.63	0.0067	-0.0215	-0.0337	0.8232	-0.0454	Myeloid cell
18296.95	23826.63	0.0514	0.0157	0.0023	0.8447	-0.0081	Myeloid cell
18296.45	23730.13	-0.0509	0.0014	-0.0116	0.8701	-0.0229	Myeloid cell
18289.45	23705.63	-0.0043	0.0129	-0.0034	0.8560	-0.0134	Myeloid cell
18282.95	23784.63	0.0440	0.0079	-0.0124	0.7007	-0.0126	Myeloid cell
18279.95	23707.63	-0.0587	0.0007	-0.0145	0.8750	-0.0259	Myeloid cell
18758.45	24245.63	-0.0545	-0.0082	-0.0216	0.8525	-0.0306	Myeloid cell
18756.45	24165.63	-0.0522	0.0010	-0.0157	0.8779	-0.0304	Myeloid cell
18753.95	23918.63	-0.0102	0.0043	-0.0076	0.6680	-0.0140	Myeloid cell
18751.45	24234.63	0.8320	-0.0176	-0.0335	0.3333	-0.0494	cDC2
18750.45	24213.63	-0.0392	0.0106	-0.0049	0.9170	-0.0158	Myeloid cell
18749.45	24196.13	0.6499	-0.0243	-0.0195	0.1652	-0.0408	cDC2
18747.45	24463.63	0.5518	-0.0346	-0.0333	0.1749	-0.0368	cDC2
18742.95	24212.63	-0.0417	0.0058	-0.0090	0.8735	-0.0140	Myeloid cell
18740.45	24079.13	-0.0029	0.0084	0.0020	0.8574	-0.0081	Myeloid cell
18709.45	24218.13	-0.0648	-0.0006	-0.0167	0.8535	-0.0320	Myeloid cell
18640.45	24082.63	0.0199	-0.0334	-0.0479	0.7500	-0.0596	Myeloid cell
18635.95	23918.63	0.0565	0.0060	-0.0028	0.5488	0.0012	Myeloid cell
18634.95	24083.63	-0.0274	0.0173	-0.0089	0.7485	-0.0089	Myeloid cell
18632.45	24053.63	0.1334	-0.0146	-0.0240	0.7500	-0.0347	Myeloid cell
18631.45	24193.63	0.2681	-0.0053	-0.0387	0.6689	-0.0457	Myeloid cell
18629.45	24583.63	0.4827	0.0026	-0.0143	0.0006	-0.0130	cDC2
18627.45	24080.13	-0.0768	-0.0300	-0.0439	0.7407	-0.0514	Myeloid cell
18622.95	24472.63	-0.0455	0.0024	-0.0118	0.8359	-0.0147	Myeloid cell
18614.45	24565.13	0.5186	-0.0140	-0.0209	0.1479	-0.0271	cDC2
18603.95	24419.63	0.2384	-0.0010	0.0002	0.7446	-0.0419	Myeloid cell
18587.95	24502.13	0.0202	0.0098	-0.0164	0.6943	-0.0397	Myeloid cell
18584.45	24445.13	-0.0540	0.0089	-0.0085	0.9248	-0.0232	Myeloid cell
18571.95	23968.63	-0.0053	-0.0290	-0.0470	0.6855	-0.0476	Myeloid cell
18565.95	24431.13	-0.0227	-0.0005	-0.0140	0.7095	-0.0237	Myeloid cell
18561.45	24332.63	0.0341	-0.0076	-0.0247	0.6084	-0.0261	Myeloid cell
18551.95	24484.63	-0.0431	-0.0027	-0.0234	0.6733	-0.0245	Myeloid cell
18539.45	24578.13	0.0266	0.0143	-0.0149	0.7227	-0.0219	Myeloid cell
18518.45	24559.13	-0.0147	-0.0024	-0.0179	0.7046	-0.0229	Myeloid cell
18506.45	24378.13	-0.0197	0.0093	-0.0089	0.8452	-0.0151	Myeloid cell
18496.45	24559.13	0.6748	-0.0068	-0.0207	0.1248	-0.0379	cDC2
18484.45	24569.63	0.8140	-0.0260	-0.0231	0.1499	-0.0528	cDC2
18456.95	24574.63	0.3989	0.0098	-0.0116	0.0781	-0.0158	Other cell
18430.45	24545.13	0.0099	0.0208	-0.0007	0.6206	0.0016	Myeloid cell
18413.45	24509.13	0.1321	-0.0173	-0.0237	0.7139	-0.0442	Myeloid cell
18390.95	24533.13	-0.0424	0.0144	-0.0051	0.9927	-0.0268	Myeloid cell
18364.45	24235.13	-0.0367	0.0189	-0.0000	0.9502	-0.0111	Myeloid cell
18360.45	24026.63	-0.0184	0.0162	-0.0145	0.5293	-0.0021	Myeloid cell
18357.95	24239.13	-0.0270	-0.0313	-0.0544	0.7314	-0.0557	Myeloid cell
18330.95	23995.13	0.5874	-0.0485	-0.0548	-0.0346	-0.0545	cDC2
18330.45	23990.13	0.7988	-0.0381	-0.0453	0.0695	-0.0658	cDC2
18326.95	23984.63	0.9116	-0.0226	-0.0270	-0.0146	-0.0266	cDC2
18306.95	24178.13	0.1870	0.0046	-0.0150	0.6191	-0.0172	Myeloid cell
18292.45	23979.63	0.1406	-0.0123	-0.0229	0.7710	-0.0468	Myeloid cell
18290.95	24052.13	-0.0503	0.0119	-0.0064	0.9468	-0.0218	Myeloid cell
18289.95	24077.63	0.6025	-0.0254	-0.0354	0.0443	-0.0626	cDC2
18280.45	24457.13	-0.0568	0.0058	-0.0108	0.9014	-0.0257	Myeloid cell
18276.95	24204.63	-0.0471	0.0048	-0.0106	0.8862	-0.0197	Myeloid cell
18627.45	24587.63	0.9971	-0.0244	-0.0323	0.0396	-0.0482	cDC2
18613.95	24600.13	0.8555	-0.0132	-0.0243	0.0627	-0.0525	cDC2
18611.95	24593.13	0.7788	-0.0183	-0.0251	-0.0092	-0.0289	cDC2
18459.95	24675.63	-0.0398	0.0179	-0.0012	0.9590	-0.0143	Myeloid cell
18448.95	24803.63	0.5884	-0.0281	-0.0347	0.3894	0.0044	cDC2
18442.45	24608.13	-0.0479	0.0033	-0.0134	0.7993	-0.0253	Myeloid cell
18404.45	24603.63	-0.0440	-0.0130	-0.0480	0.6870	-0.0536	Myeloid cell
19259.95	22537.13	-0.0392	-0.0390	0.6089	-0.0385	-0.0317	cDC1
19246.95	22435.63	-0.0716	-0.0500	0.8091	-0.0376	-0.0415	cDC1
19243.95	22471.13	0.0156	-0.0173	0.5361	-0.0174	0.0046	cDC1
19230.45	22477.63	0.1644	0.0269	0.0095	0.0298	0.5298	B cell
19218.45	22542.13	-0.0522	-0.0291	0.8057	-0.0208	-0.0276	cDC1
19215.45	22511.63	-0.0489	-0.0175	0.8301	-0.0136	-0.0219	cDC1
19213.45	22409.13	-0.0239	-0.0378	0.3982	-0.0318	-0.0261	Other cell
19204.45	22304.63	-0.0143	-0.0339	0.4368	-0.0370	-0.0238	cDC1
19203.95	22527.63	-0.0804	-0.0674	0.6787	-0.0626	-0.0605	cDC1
19190.95	22457.63	-0.0242	-0.0230	0.6152	-0.0202	-0.0186	cDC1
19184.45	22546.63	-0.0388	-0.0383	0.5557	-0.0450	-0.0383	cDC1
19174.45	22497.63	-0.0201	-0.0115	0.5566	-0.0104	-0.0115	cDC1
19162.95	22286.63	-0.0652	-0.0467	0.7729	-0.0393	-0.0385	cDC1
19161.45	22308.13	-0.0500	-0.0428	0.4326	-0.0425	-0.0403	cDC1
19152.95	22260.63	-0.0616	-0.0393	0.7822	-0.0302	-0.0342	cDC1
19151.95	22498.13	-0.0836	-0.0704	0.6226	-0.0672	-0.0639	cDC1
19121.45	22440.13	-0.0234	-0.0304	0.5063	-0.0395	-0.0289	cDC1
19089.45	22291.63	-0.0366	-0.0376	0.6074	-0.0380	-0.0294	cDC1
19086.95	22287.13	-0.0817	-0.0669	0.7271	-0.0609	-0.0594	cDC1
19070.95	22469.63	-0.0210	-0.0235	0.5620	-0.0232	-0.0178	cDC1
18978.95	22446.13	0.5376	0.0161	0.0089	-0.0447	0.2610	cDC2
18958.45	22404.13	-0.0104	-0.0205	0.4241	-0.0240	-0.0168	cDC1
18957.95	22440.63	0.4387	0.0168	0.1898	0.0175	-0.0092	cDC2
18936.45	22372.63	0.5303	0.0376	0.0790	0.0258	0.0200	cDC2
18925.45	22452.13	-0.0535	-0.0019	-0.0205	0.8794	-0.0061	Myeloid cell
18918.95	22517.13	0.5962	-0.0445	-0.0483	0.0434	-0.0424	cDC2
18912.95	22561.13	0.5503	-0.0565	-0.0688	0.3555	-0.0792	cDC2
18901.95	22539.13	0.1798	0.0325	0.0133	0.7344	0.0125	Myeloid cell
18888.95	22559.13	0.8066	-0.0331	-0.0413	-0.0208	-0.0480	cDC2
18883.45	22496.13	0.6445	-0.0609	-0.0630	-0.0552	-0.0439	cDC2
18878.95	22452.63	-0.0106	-0.0234	0.4148	-0.0271	-0.0176	cDC1
18877.95	22438.63	-0.0548	-0.0377	0.7744	-0.0316	-0.0289	cDC1
18871.95	22538.13	0.6519	-0.0249	-0.0073	0.0759	-0.0232	cDC2
18860.95	22331.13	0.0033	-0.0223	0.5337	-0.0285	-0.0187	cDC1
18850.95	22335.63	-0.0783	-0.0656	0.7290	-0.0594	-0.0576	cDC1
18846.45	22493.13	-0.0569	-0.0567	0.6304	-0.0552	-0.0492	cDC1
18841.45	22562.13	0.0693	0.0009	0.6143	0.0839	0.0188	cDC1
18832.95	22552.63	0.6899	0.0716	0.0172	0.8604	0.0005	Double pos cDC2
18781.95	22355.63	0.0184	-0.0339	0.7646	-0.0371	-0.0452	cDC1
18778.45	22500.13	0.8916	-0.0169	-0.0279	-0.0218	-0.0284	cDC2
18771.45	22511.63	-0.0668	-0.0316	0.8345	-0.0248	-0.0353	cDC1
18767.95	22477.63	0.6294	-0.0455	-0.0513	0.0615	-0.0382	cDC2
19223.45	23226.63	0.5605	-0.0170	-0.0148	0.1501	-0.0377	cDC2
19151.95	23242.63	0.0348	-0.0414	-0.0482	0.7803	-0.0625	Myeloid cell
19151.95	23237.63	-0.0589	-0.0001	-0.0179	0.8652	-0.0310	Myeloid cell
19151.45	23230.63	-0.0612	0.0024	-0.0156	0.8750	-0.0310	Myeloid cell
19150.95	23116.13	-0.0358	-0.0389	-0.0537	0.6914	-0.0579	Myeloid cell
19139.95	23146.13	-0.0193	0.0086	-0.0119	0.5801	-0.0090	Myeloid cell
19134.45	23207.13	0.2146	-0.0290	-0.0442	0.7808	-0.0782	Myeloid cell
19133.95	23211.63	0.1288	-0.0123	-0.0311	0.8359	-0.0604	Myeloid cell
19115.45	23081.63	0.1004	-0.0181	-0.0434	0.7461	-0.0587	Myeloid cell
19112.95	22589.63	-0.0424	-0.0302	0.6533	-0.0319	-0.0303	cDC1
19109.45	23177.63	0.2761	-0.0140	-0.0440	0.6157	-0.0224	Myeloid cell
19093.95	23203.13	-0.0219	-0.0312	-0.0377	0.7754	-0.0400	Myeloid cell
19093.95	23198.13	-0.0724	-0.0073	0.0048	0.6909	-0.0352	Myeloid cell
19093.95	23089.63	-0.0164	0.0136	-0.0014	0.8843	-0.0058	Myeloid cell
19089.95	23233.13	0.2131	0.0190	-0.0123	0.8457	-0.0271	Myeloid cell
19088.45	23083.63	-0.0113	0.0202	0.0005	0.9214	-0.0074	Myeloid cell
19084.45	23119.63	0.7407	0.0061	-0.0360	0.7637	-0.0459	Double pos cDC2
19082.45	22975.13	0.3333	-0.0132	-0.0546	0.6704	-0.0830	Myeloid cell
19077.45	23074.63	-0.0207	-0.0126	-0.0196	0.8027	-0.0355	Myeloid cell
19069.45	22978.63	-0.0268	-0.0015	-0.0166	0.6826	-0.0176	Myeloid cell
19068.45	23124.13	-0.0536	-0.0112	-0.0266	0.7466	-0.0145	Myeloid cell
19066.95	22987.13	-0.0089	0.0076	-0.0120	0.8730	-0.0226	Myeloid cell
19065.45	23116.63	-0.0536	0.0105	-0.0085	0.9580	-0.0304	Myeloid cell
19052.45	23019.13	-0.0536	0.0100	-0.0078	0.9092	-0.0220	Myeloid cell
19045.45	23126.13	-0.0576	-0.0069	-0.0229	0.8516	-0.0321	Myeloid cell
19035.45	22940.13	-0.0003	-0.0435	0.0353	0.6680	-0.0620	Myeloid cell
19031.95	22954.63	-0.0605	0.0032	-0.0146	0.8833	-0.0299	Myeloid cell
19029.45	22837.13	-0.0528	-0.0012	-0.0137	0.8677	-0.0249	Myeloid cell
19020.45	22802.13	-0.0274	-0.0226	-0.0371	0.6973	-0.0364	Myeloid cell
19018.95	23017.63	-0.0418	-0.0000	-0.0103	0.8115	-0.0209	Myeloid cell
19013.95	23047.63	0.2213	-0.0341	-0.0403	0.7246	-0.0690	Myeloid cell
19010.45	23024.13	-0.0660	-0.0375	-0.0441	0.6826	-0.0480	Myeloid cell
19007.95	23118.63	-0.0614	0.0038	-0.0122	0.8926	-0.0277	Myeloid cell
19005.95	22989.13	-0.0362	-0.0098	-0.0257	0.8081	-0.0344	Myeloid cell
18996.45	23066.63	-0.0458	0.0163	-0.0014	0.9624	-0.0153	Myeloid cell
18994.45	23128.13	-0.0299	0.0137	-0.0009	0.9116	-0.0133	Myeloid cell
18993.45	23109.63	-0.0856	-0.0139	-0.0233	0.8389	-0.0451	Myeloid cell
18989.45	23112.13	-0.0673	-0.0012	-0.0123	0.8887	-0.0342	Myeloid cell
18973.45	23123.63	-0.0452	-0.0292	-0.0407	0.7686	-0.0512	Myeloid cell
18965.95	23198.63	-0.0193	0.0017	-0.0130	0.7012	-0.0162	Myeloid cell
18963.45	23126.63	0.0115	-0.0116	-0.0456	0.6787	-0.0384	Myeloid cell
18958.45	23236.13	-0.0587	-0.0138	-0.0272	0.0155	0.7012	B cell
18943.45	23145.13	-0.0671	-0.0134	-0.0284	0.8154	-0.0412	Myeloid cell
18935.95	23148.13	-0.0583	0.0013	-0.0142	0.8721	-0.0282	Myeloid cell
18855.45	23187.13	-0.0359	-0.0061	-0.0273	0.7861	-0.0349	Myeloid cell
18832.45	23233.13	0.4265	-0.0172	-0.0296	0.1313	0.1866	cDC2
18800.95	22730.13	-0.0382	-0.0196	-0.0359	0.8433	-0.0464	Myeloid cell
18771.45	22813.13	0.0436	-0.0311	-0.0312	0.7754	-0.0636	Myeloid cell
19256.45	23903.13	-0.0173	0.0142	0.0013	0.9146	-0.0118	Myeloid cell
19222.45	23503.13	-0.0242	0.0168	0.0044	0.9043	-0.0089	Myeloid cell
19196.45	23536.63	0.0104	-0.0267	-0.0529	0.6582	-0.0596	Myeloid cell
19189.95	23410.63	-0.0562	0.0093	-0.0086	0.9087	-0.0208	Myeloid cell
19185.45	23339.13	0.9038	-0.0123	-0.0284	0.1166	-0.0524	cDC2
19179.95	23878.63	-0.0523	0.0027	-0.0126	0.8682	-0.0185	Myeloid cell
19152.95	23617.13	-0.0026	0.0077	-0.0072	0.8032	-0.0159	Myeloid cell
19122.95	23473.13	-0.0568	-0.0068	-0.0212	0.8325	-0.0301	Myeloid cell
19085.95	23508.13	-0.0451	0.0061	-0.0098	0.9219	-0.0291	Myeloid cell
19074.95	23904.63	-0.0450	-0.0051	-0.0091	0.8296	-0.0201	Myeloid cell
19073.95	23271.63	-0.0361	0.0068	-0.0112	0.9028	-0.0283	Myeloid cell
19058.95	23361.13	-0.0431	0.0008	-0.0165	0.5874	-0.0129	Myeloid cell
19045.45	23495.13	-0.0508	-0.0053	-0.0215	0.8398	-0.0314	Myeloid cell
19013.95	23865.13	-0.0488	-0.0132	-0.0330	0.7900	-0.0341	Myeloid cell
19012.95	23516.13	-0.0637	-0.0168	-0.0204	0.8213	-0.0273	Myeloid cell
18985.95	23806.63	-0.0408	-0.0008	-0.0122	0.7944	-0.0255	Myeloid cell
18976.45	23791.13	-0.0257	0.0062	-0.0033	0.8618	-0.0176	Myeloid cell
18971.45	23657.63	0.0551	0.0298	-0.0547	0.6772	-0.0449	Myeloid cell
18968.95	23862.63	-0.0053	-0.0262	-0.0453	0.7822	-0.0479	Myeloid cell
18963.45	23352.63	-0.0407	-0.0005	-0.0162	0.0323	0.8174	B cell
18934.45	23915.13	0.1152	-0.0260	-0.0313	0.6880	-0.0651	Myeloid cell
18920.45	23402.63	-0.0809	-0.0481	-0.0540	-0.0247	0.6689	B cell
18910.45	23301.63	-0.0346	0.0210	0.0072	0.0417	0.9214	B cell
18908.45	23602.13	0.0980	-0.0384	-0.0627	0.5830	-0.0643	Myeloid cell
18905.95	23296.13	-0.0609	-0.0075	-0.0200	0.0079	0.7969	B cell
18901.95	23310.13	0.0406	0.0102	-0.0034	0.6670	-0.0060	Myeloid cell
18898.95	23274.63	-0.0606	-0.0210	-0.0298	0.0004	0.6489	B cell
18886.95	23867.63	0.0723	-0.0216	-0.0298	0.7354	-0.0371	Myeloid cell
18883.45	23673.63	-0.0461	-0.0156	-0.0275	0.8394	-0.0332	Myeloid cell
18870.95	23351.63	0.0095	0.0287	0.0060	0.7202	0.0078	Myeloid cell
18869.45	23496.63	0.5156	-0.0094	-0.0213	0.0679	-0.0158	cDC2
18854.95	23351.63	-0.0393	-0.0187	-0.0264	0.0002	0.5132	B cell
18849.95	23378.13	-0.0607	-0.0042	-0.0220	0.0296	0.8726	B cell
18847.45	23384.63	-0.0496	-0.0014	-0.0141	0.0092	0.9697	B cell
18844.45	23354.63	-0.0381	-0.0100	-0.0156	0.0462	0.5923	B cell
18841.95	23379.13	-0.0194	-0.0065	-0.0256	-0.0126	0.6865	B cell
18840.45	23390.13	-0.0138	0.0152	0.0009	0.0435	0.9575	B cell
18839.45	23359.13	0.0118	0.0048	-0.0139	0.0118	0.7793	B cell
18837.95	23301.63	-0.0436	0.0062	-0.0082	0.0213	0.9468	B cell
18829.95	23619.13	0.2124	0.0236	-0.0133	0.8457	-0.0209	Myeloid cell
18825.45	23367.63	-0.0221	-0.0239	-0.0333	0.0242	0.7271	B cell
18821.95	23371.13	-0.0243	-0.0176	-0.0311	0.0171	0.7847	B cell
18817.95	23330.13	0.2983	-0.0094	-0.0140	0.4167	0.1923	Myeloid cell
18817.45	23852.63	0.0405	-0.0070	-0.0234	0.8237	-0.0384	Myeloid cell
18816.95	23368.13	-0.0075	0.0157	-0.0014	0.0319	0.9858	B cell
18811.95	23267.63	-0.0422	-0.0247	-0.0211	0.1329	0.6006	B cell
18807.95	23276.63	0.2233	-0.0357	-0.0338	-0.0024	0.5840	B cell
18806.45	23271.13	-0.0468	-0.0093	-0.0240	-0.0033	0.7202	B cell
18805.95	23335.63	0.0602	-0.0329	-0.0467	-0.0079	0.5767	B cell
18805.45	23367.63	-0.0467	-0.0051	-0.0209	0.1023	0.4873	B cell
18803.45	23373.63	0.0706	0.0683	0.0435	0.3372	0.1108	Other cell
18796.45	23371.63	0.1066	0.0193	-0.0063	0.0180	0.8535	B cell
18791.45	23363.13	-0.0707	-0.0193	-0.0325	0.0090	0.7388	B cell
18791.45	23353.13	-0.0614	-0.0194	-0.0294	0.0080	0.6094	B cell
18789.95	23276.63	-0.0548	-0.0026	-0.0167	0.0616	0.6387	B cell
18785.95	23358.63	-0.0565	-0.0032	-0.0146	0.0103	0.8691	B cell
18783.45	23314.13	-0.0604	0.0023	-0.0166	0.0535	0.6958	B cell
18783.45	23266.13	-0.0609	0.0083	-0.0096	0.1256	0.7437	B cell
18779.95	23363.13	0.1654	0.0138	-0.0073	0.0764	0.6685	B cell
19216.45	24101.63	-0.0037	0.0002	-0.0208	0.5605	-0.0163	Myeloid cell
19194.95	23953.63	-0.0387	-0.0034	-0.0225	0.5068	-0.0193	Myeloid cell
19187.95	24446.13	0.1194	-0.0119	-0.0209	0.6211	-0.0239	Myeloid cell
19187.45	24280.63	-0.0423	0.0072	-0.0076	0.8989	-0.0167	Myeloid cell
19178.45	23981.63	-0.0576	-0.0015	-0.0107	0.7915	-0.0264	Myeloid cell
19176.45	24401.13	-0.0385	0.0058	-0.0097	0.9067	-0.0228	Myeloid cell
19158.95	24013.63	0.1591	-0.0001	-0.0189	0.7500	-0.0326	Myeloid cell
19146.95	23997.13	0.0462	0.0146	-0.0020	0.7275	-0.0128	Myeloid cell
19139.45	24025.13	-0.0375	0.0150	-0.0115	0.8491	-0.0368	Myeloid cell
19131.45	24196.63	0.2369	-0.0338	-0.0414	0.7378	-0.0490	Myeloid cell
19127.95	24192.63	0.3489	0.0106	-0.0013	0.9595	-0.0329	Myeloid cell
19113.95	23982.13	-0.0339	0.0099	-0.0029	0.9058	-0.0104	Myeloid cell
19090.95	24191.13	0.0005	-0.0006	-0.0146	0.7305	-0.0197	Myeloid cell
19079.45	23937.63	-0.0598	-0.0036	-0.0193	0.8325	-0.0286	Myeloid cell
19078.45	23945.13	-0.0619	0.0025	-0.0154	0.8877	-0.0269	Myeloid cell
19070.95	24492.13	-0.0257	-0.0135	-0.0294	0.7217	-0.0376	Myeloid cell
19046.45	24218.63	-0.0140	-0.0121	-0.0288	0.5723	-0.0275	Myeloid cell
19038.45	24550.63	0.0326	0.0069	-0.0147	0.5942	-0.0142	Myeloid cell
19021.45	23973.63	-0.0461	0.0063	-0.0196	0.6377	-0.0121	Myeloid cell
19015.95	24110.13	-0.0293	-0.0080	-0.0256	0.6689	-0.0328	Myeloid cell
19008.45	24187.13	0.0158	-0.0059	-0.0255	0.6094	-0.0160	Myeloid cell
18998.95	24245.63	0.0119	0.0166	-0.0053	0.6182	-0.0035	Myeloid cell
18990.95	24472.13	-0.0488	-0.0228	-0.0370	0.7778	-0.0414	Myeloid cell
18990.95	24041.63	0.0100	0.0124	0.0001	0.5068	-0.0036	Myeloid cell
18978.45	24003.63	0.0033	0.0029	-0.0108	0.7656	-0.0226	Myeloid cell
18955.45	24429.63	-0.0543	0.0119	-0.0067	0.9482	-0.0228	Myeloid cell
18935.95	24221.63	-0.0481	-0.0012	-0.0164	0.8130	-0.0226	Myeloid cell
18922.45	24224.63	-0.0479	0.0040	-0.0076	0.8477	-0.0200	Myeloid cell
18918.95	23945.63	-0.0554	0.0077	-0.0084	0.9160	-0.0228	Myeloid cell
18915.45	24223.63	0.0870	0.0063	-0.0189	0.8271	-0.0320	Myeloid cell
18901.95	24169.13	-0.0348	0.0117	-0.0093	0.8037	-0.0128	Myeloid cell
18900.45	24342.13	0.0393	-0.0081	-0.0212	0.5234	-0.0215	Myeloid cell
18899.95	24125.63	-0.0182	-0.0113	-0.0356	0.6216	-0.0380	Myeloid cell
18896.45	24512.63	-0.0582	-0.0054	-0.0188	0.8169	-0.0221	Myeloid cell
18893.95	24162.13	-0.0413	0.0137	-0.0013	0.8911	-0.0126	Myeloid cell
18892.45	24431.63	0.0310	0.0054	-0.0264	0.8062	-0.0321	Myeloid cell
18879.95	24340.13	-0.0473	0.0146	-0.0032	0.9487	-0.0193	Myeloid cell
18874.45	24360.63	-0.0168	0.0106	-0.0171	0.8643	-0.0182	Myeloid cell
18863.95	24051.63	-0.0302	-0.0038	-0.0235	0.7368	-0.0235	Myeloid cell
18860.45	24059.13	0.1129	-0.0175	-0.0262	0.8052	-0.0405	Myeloid cell
18859.45	24503.63	0.5054	-0.0082	0.0041	0.2188	-0.0422	cDC2
18850.45	24389.13	0.1121	0.0623	-0.0255	0.6475	-0.0278	Myeloid cell
18838.95	24076.63	0.1409	-0.0083	-0.0214	0.7515	-0.0244	Myeloid cell
18828.95	23918.63	0.0985	-0.0341	-0.0386	0.7607	-0.0642	Myeloid cell
18822.95	23966.13	-0.0521	0.0033	-0.0118	0.9082	-0.0284	Myeloid cell
18813.45	24292.63	-0.0540	0.0061	-0.0100	0.9292	-0.0279	Myeloid cell
18811.95	24298.63	-0.0367	-0.0230	-0.0402	0.7529	-0.0467	Myeloid cell
18809.95	24204.13	-0.0547	0.0106	-0.0063	0.9468	-0.0258	Myeloid cell
18809.45	24155.13	-0.0085	-0.0063	-0.0184	0.7749	-0.0223	Myeloid cell
18806.45	24228.13	-0.0372	0.0073	-0.0128	0.7612	-0.0015	Myeloid cell
18806.45	23944.13	0.0018	-0.0138	-0.0316	0.5645	-0.0344	Myeloid cell
18801.95	24168.63	0.1616	0.0047	-0.0007	0.8779	-0.0313	Myeloid cell
18779.45	24333.13	0.1486	0.0008	-0.0051	0.9141	-0.0370	Myeloid cell
18767.95	24179.13	0.8999	-0.0241	-0.0272	0.1431	-0.0493	cDC2
19261.95	24754.63	-0.1005	0.0268	-0.0224	0.7412	-0.0023	Myeloid cell
19254.95	24757.13	0.1237	0.0027	-0.0060	0.8486	-0.0233	Myeloid cell
19254.45	24750.13	-0.0489	0.0059	-0.0153	0.8916	-0.0276	Myeloid cell
19246.95	24787.63	0.0743	0.0031	-0.0134	0.9165	-0.0388	Myeloid cell
19214.95	24676.13	-0.0301	0.0049	-0.0068	0.8301	-0.0174	Myeloid cell
19209.45	24814.63	0.0941	0.0007	-0.0212	0.7656	-0.0318	Myeloid cell
19207.95	24673.63	-0.0443	-0.0191	-0.0366	0.7104	-0.0392	Myeloid cell
19189.95	24871.13	0.8770	-0.0200	-0.0415	0.3269	-0.0607	cDC2
19155.95	24897.63	0.5913	-0.0283	-0.0410	0.4133	-0.0422	Double pos cDC2
19143.45	24664.63	-0.0378	0.0055	-0.0236	0.6338	-0.0248	Myeloid cell
19055.95	25083.13	0.5864	-0.0648	-0.0665	0.1154	-0.0688	cDC2
18992.45	25078.13	0.6714	-0.0274	-0.0249	0.2808	-0.0399	cDC2
18991.45	25104.13	0.1008	-0.0005	-0.0216	0.7207	-0.0359	Myeloid cell
18982.45	24623.63	0.8540	-0.0343	-0.0408	-0.0038	-0.0450	cDC2
18949.95	24607.63	0.4385	-0.0024	-0.0162	0.0453	-0.0125	cDC2
18948.95	24587.63	0.5825	-0.0677	-0.0814	0.0566	-0.0839	cDC2
18945.45	24952.63	-0.0436	-0.0389	-0.0639	0.6484	-0.0673	Myeloid cell
18944.95	24935.63	-0.0324	0.0056	-0.0141	0.7271	-0.0129	Myeloid cell
18933.45	24825.13	-0.0516	-0.0238	-0.0432	0.5894	-0.0467	Myeloid cell
18819.95	25046.13	0.7637	0.0342	-0.0086	0.7607	-0.0136	Double pos cDC2
18819.45	24724.63	0.0594	-0.0222	-0.0400	0.6387	-0.0434	Myeloid cell
18797.95	24875.13	0.0027	-0.0067	-0.0197	0.7432	-0.0228	Myeloid cell
18767.95	24873.13	-0.0805	-0.0134	-0.0319	0.0284	0.7832	B cell
19507.45	23172.63	0.3599	0.0986	0.1470	0.1633	0.0620	Other cell
19399.95	23152.13	-0.0450	-0.0083	-0.0231	0.8081	-0.0319	Myeloid cell
19360.45	22625.63	0.0339	0.0130	0.4297	0.0056	-0.0007	cDC1
19273.45	23139.63	0.0879	-0.0173	-0.0402	0.7871	-0.0526	Myeloid cell
19745.95	23616.13	0.0673	0.0110	-0.0250	0.6719	-0.0256	Myeloid cell
19740.95	23477.13	-0.0252	0.0097	0.0348	0.5254	0.0027	Myeloid cell
19716.95	23462.13	-0.0762	-0.0417	-0.0552	0.6533	-0.0567	Myeloid cell
19703.95	23570.63	0.8491	-0.0286	-0.0387	0.1143	-0.0545	cDC2
19682.95	23666.63	-0.0435	-0.0126	-0.0318	0.7432	-0.0438	Myeloid cell
19670.95	23673.13	0.4126	-0.0119	-0.0218	0.6738	-0.0260	Double pos cDC2
19667.45	23676.63	0.5186	-0.0027	-0.0204	0.6826	-0.0331	Double pos cDC2
19636.45	23883.63	0.0137	0.0182	-0.0007	0.5376	0.0005	Myeloid cell
19590.95	23333.63	0.8774	-0.0186	-0.0296	-0.0076	-0.0328	cDC2
19582.45	23735.13	-0.0245	0.0170	0.0039	0.9121	-0.0082	Myeloid cell
19574.45	23831.63	0.2371	0.0114	-0.0176	0.8354	-0.0228	Myeloid cell
19573.95	23838.13	-0.0202	0.0162	-0.0135	0.8154	-0.0157	Myeloid cell
19570.45	23858.13	0.1115	-0.0450	-0.0594	0.6660	-0.0595	Myeloid cell
19561.95	23877.63	-0.0046	-0.0118	-0.0253	0.6934	-0.0176	Myeloid cell
19559.95	23871.63	0.0603	0.0024	-0.0140	0.7012	-0.0146	Myeloid cell
19549.45	23858.63	-0.0222	0.0097	-0.0101	0.6885	-0.0096	Myeloid cell
19546.95	23903.13	0.0980	-0.0069	-0.0219	0.8647	-0.0529	Myeloid cell
19518.45	23695.13	-0.0713	-0.0093	-0.0241	0.8188	-0.0352	Myeloid cell
19516.95	23701.13	-0.0712	-0.0071	-0.0226	0.8545	-0.0362	Myeloid cell
19479.45	23260.13	0.9067	-0.0370	-0.0385	-0.0313	-0.0492	cDC2
19475.95	23389.63	0.3591	0.0142	-0.0058	0.1007	-0.0145	Other cell
19463.95	23450.63	0.5508	-0.0196	-0.0100	0.0766	-0.0266	cDC2
19389.95	23350.13	0.1343	-0.0132	-0.0266	0.5171	-0.0293	Myeloid cell
19370.95	23452.63	-0.0378	-0.0066	-0.0354	0.5879	-0.0295	Myeloid cell
19353.95	23390.63	0.3154	0.0244	0.0033	0.0441	0.0124	Other cell
19347.45	23812.63	0.0742	0.0122	-0.0305	0.7695	-0.0423	Myeloid cell
19342.95	23816.63	-0.0493	0.0066	-0.0097	0.9175	-0.0262	Myeloid cell
19317.95	23793.63	-0.0581	0.0015	-0.0138	0.8594	-0.0241	Myeloid cell
19312.45	23797.63	-0.0662	-0.0102	-0.0227	0.8052	-0.0339	Myeloid cell
19306.95	23698.63	-0.0530	0.0099	-0.0066	0.9292	-0.0219	Myeloid cell
19301.95	23818.63	-0.0533	0.0068	-0.0099	0.9048	-0.0243	Myeloid cell
19301.45	23789.63	0.1005	0.0291	0.0050	0.7720	-0.0123	Myeloid cell
19287.45	23617.63	-0.0665	-0.0031	-0.0178	0.8506	-0.0320	Myeloid cell
19284.45	23625.63	-0.0406	-0.0065	-0.0205	0.7954	-0.0300	Myeloid cell
19282.95	23606.13	-0.0192	-0.0050	-0.0132	0.7393	-0.0229	Myeloid cell
19276.45	23630.13	-0.0632	-0.0027	-0.0262	0.8018	-0.0278	Myeloid cell
19275.95	23593.63	0.1068	0.0448	-0.0116	0.7295	-0.0227	Myeloid cell
19765.45	24124.13	-0.0438	0.0168	-0.0010	0.9336	-0.0130	Myeloid cell
19654.95	23957.63	0.2979	0.0255	-0.0042	0.7534	-0.0149	Myeloid cell
19649.95	23935.63	0.1764	-0.0014	-0.0239	0.7642	-0.0308	Myeloid cell
19591.45	24416.13	0.6411	-0.0105	-0.0235	0.0204	-0.0282	cDC2
19563.45	23949.13	0.0463	-0.0003	-0.0197	0.7559	-0.0258	Myeloid cell
19562.95	24541.13	0.8403	-0.0309	-0.0392	0.0021	-0.0470	cDC2
19504.45	24334.63	-0.0303	0.0143	0.0010	0.8950	-0.0097	Myeloid cell
19485.95	24331.13	-0.0146	-0.0372	-0.0583	0.5771	-0.0865	Myeloid cell
19444.95	24214.63	0.1450	-0.0010	-0.0170	0.7456	-0.0263	Myeloid cell
19440.45	24218.63	0.0207	-0.0023	-0.0106	0.7974	-0.0207	Myeloid cell
19409.45	24140.13	-0.0430	-0.0018	-0.0400	0.6924	-0.0461	Myeloid cell
19399.45	24234.63	-0.0685	0.0001	-0.0157	0.8711	-0.0313	Myeloid cell
19391.95	24132.63	-0.0556	-0.0013	-0.0182	0.8682	-0.0313	Myeloid cell
19360.45	24399.13	-0.0333	0.0187	0.0032	0.9219	-0.0091	Myeloid cell
19337.45	24083.63	0.1002	-0.0036	-0.0233	0.6724	-0.0253	Myeloid cell
19335.45	24195.13	-0.0151	0.0007	-0.0202	0.6470	-0.0193	Myeloid cell
19328.95	24050.13	0.0016	-0.0037	-0.0195	0.6401	-0.0200	Myeloid cell
19316.45	24126.13	0.0412	-0.0026	-0.0185	0.5815	-0.0170	Myeloid cell
19289.45	24347.13	0.0718	0.0204	0.0113	0.9058	-0.0106	Myeloid cell
19279.95	24000.13	-0.0056	-0.0032	-0.0119	0.6758	-0.0202	Myeloid cell
20166.45	22734.13	-0.0133	-0.0148	0.3901	-0.0131	-0.0125	Other cell
20164.95	22727.13	-0.0606	-0.0564	0.6323	-0.0494	-0.0504	cDC1
20050.95	23070.63	0.0089	-0.0003	-0.0096	0.0296	0.6880	B cell
19999.45	23188.63	-0.0335	-0.0330	0.4702	-0.0274	-0.0249	cDC1
19849.45	22852.13	-0.0365	0.0155	-0.0009	0.0132	0.8340	B cell
19826.45	22793.63	0.0057	0.0081	-0.0046	0.0120	0.3838	Other cell
19825.45	23230.13	-0.0687	-0.0208	-0.0311	0.0102	0.8184	B cell
20136.95	23704.63	0.2051	0.0358	0.1282	0.1361	0.0187	Other cell
20105.95	23888.63	-0.0441	-0.0278	0.7988	-0.0189	-0.0280	cDC1
20063.45	23370.13	-0.0315	-0.0376	0.7046	-0.0185	-0.0404	cDC1
20015.95	23700.13	-0.0302	-0.0325	0.5781	-0.0435	-0.0287	cDC1
20013.45	23777.13	-0.0099	0.0382	0.0292	0.4697	0.0110	Myeloid cell
19924.95	23668.13	-0.0311	-0.0047	-0.0244	0.7451	-0.0368	Myeloid cell
19882.95	23359.63	-0.0378	-0.0136	-0.0223	-0.0015	0.5898	B cell
19875.95	23355.63	-0.0265	-0.0001	-0.0105	0.0147	0.6167	B cell
19808.95	23536.13	0.1300	-0.0180	-0.0350	0.6206	-0.0280	Myeloid cell
20265.45	24555.13	-0.0631	-0.0406	0.7505	-0.0398	-0.0481	cDC1
20110.95	24569.13	-0.0323	-0.0327	0.8091	-0.0265	-0.0302	cDC1
20110.45	23940.13	0.0273	-0.0304	0.6436	-0.0008	-0.0289	cDC1
20109.95	24341.63	-0.0575	-0.0594	0.5781	-0.0600	-0.0511	cDC1
20105.45	24337.13	-0.0735	-0.0525	0.8018	-0.0413	-0.0398	cDC1
20089.45	24491.13	-0.0223	-0.0196	0.4094	-0.0294	-0.0234	cDC1
20089.45	24364.63	0.5962	0.0008	-0.0217	0.5625	-0.0357	Double pos cDC2
20077.95	24410.13	0.1089	0.0014	0.4553	-0.0003	-0.0166	cDC1
20077.95	24331.13	-0.0435	-0.0267	0.7246	-0.0189	-0.0257	cDC1
20073.45	24532.13	-0.0307	-0.0212	0.4924	-0.0241	-0.0237	cDC1
20067.95	24375.63	0.0087	-0.0227	0.8169	-0.0004	-0.0272	cDC1
20055.45	24398.63	-0.0548	-0.0360	0.7705	-0.0334	-0.0394	cDC1
20055.45	24011.63	-0.0218	-0.0153	0.5767	-0.0143	-0.0153	cDC1
20049.45	24080.63	0.0006	-0.0127	0.5898	-0.0221	-0.0183	cDC1
20046.45	24420.13	0.2119	-0.0263	0.2847	0.0263	-0.0034	Other cell
20034.95	24545.13	-0.0378	-0.0317	0.6338	-0.0331	-0.0216	cDC1
20028.45	24561.13	-0.0484	-0.0430	0.6226	-0.0453	-0.0443	cDC1
20027.95	24541.63	-0.0369	-0.0260	0.5259	-0.0252	-0.0265	cDC1
19983.45	24580.63	-0.0051	-0.0088	0.5010	-0.0166	-0.0117	cDC1
20142.45	24760.63	-0.0762	-0.0506	0.8169	-0.0372	-0.0395	cDC1
20141.45	24679.13	-0.0409	-0.0338	0.8379	-0.0266	-0.0282	cDC1
20140.45	24894.13	-0.0343	-0.0323	0.4792	-0.0276	-0.0231	cDC1
20138.95	24756.13	-0.0749	-0.0489	0.7817	-0.0422	-0.0413	cDC1
20136.45	24904.63	-0.0115	0.0099	0.5444	0.0282	-0.0032	cDC1
20121.45	24921.63	-0.0730	-0.0500	0.8687	-0.0300	-0.0345	cDC1
20120.95	24964.13	0.0100	-0.0016	0.4421	-0.0008	-0.0057	cDC1
20099.45	24730.13	-0.0301	-0.0281	0.6382	-0.0310	-0.0231	cDC1
20098.95	24950.13	-0.0247	-0.0135	0.7090	-0.0079	-0.0141	cDC1
20088.95	24611.13	-0.0146	-0.0217	0.7090	-0.0219	-0.0132	cDC1
20066.45	25010.13	-0.0563	-0.0270	0.8442	-0.0180	-0.0295	cDC1
20050.45	25023.63	-0.0532	-0.0612	0.5195	-0.0467	-0.0427	cDC1
20048.45	24997.63	-0.0684	-0.0493	0.7690	-0.0421	-0.0457	cDC1
20047.45	25037.63	-0.0701	-0.0446	0.7705	-0.0352	-0.0346	cDC1
20047.45	25020.63	-0.0485	-0.0461	0.7979	-0.0376	-0.0326	cDC1
20022.45	24992.13	-0.0513	-0.0265	0.6704	-0.0393	-0.0288	cDC1
20002.95	24906.63	0.9409	-0.0279	-0.0302	-0.0098	-0.0459	cDC2
19995.45	24603.13	-0.0209	-0.0450	0.7251	-0.0470	-0.0192	cDC1
19995.45	24597.63	-0.0565	-0.0564	0.5391	-0.0524	-0.0494	cDC1
19993.45	25076.13	-0.0409	-0.0417	0.6465	-0.0430	-0.0353	cDC1
19992.45	25071.63	-0.0415	-0.0237	0.8208	-0.0063	-0.0185	cDC1
19972.45	25083.13	-0.0285	-0.0013	0.8481	0.0286	-0.0037	cDC1
19945.45	25044.13	-0.0462	-0.0467	0.7886	-0.0408	-0.0394	cDC1
19939.45	24596.63	-0.0316	-0.0191	0.5146	-0.0199	-0.0203	cDC1
19937.45	24609.13	-0.0707	-0.0526	0.7852	-0.0415	-0.0431	cDC1
19923.95	24629.63	-0.0698	-0.0474	0.8872	-0.0324	-0.0398	cDC1
19910.45	24637.63	-0.0581	-0.0368	0.8203	-0.0257	-0.0327	cDC1
19908.95	25030.13	0.0920	0.0276	0.2223	0.1976	0.0114	Other cell
19878.45	25082.13	-0.0494	-0.0462	0.6772	-0.0304	-0.0398	cDC1
19874.45	25074.13	0.0038	-0.0174	0.6182	0.0573	-0.0061	cDC1
19813.45	24905.13	0.0378	0.0014	-0.0160	0.8726	-0.0281	Myeloid cell
19798.45	25018.63	-0.0750	-0.0007	-0.0054	0.6909	-0.0157	Myeloid cell
