13432.79	1334.5	0.2389	0.0030	0.3833	0.0406	0.1024	Other cell
13521.79	1609.0	-0.0845	-0.0236	-0.0161	0.0333	0.7900	B cell
13521.79	1598.5	-0.0522	-0.0021	-0.0239	0.0048	0.8086	B cell
13521.79	1588.0	-0.0984	-0.0454	-0.0586	-0.0398	0.6475	B cell
13521.79	1569.5	0.7817	-0.0276	-0.0069	-0.0083	0.1021	cDC2
13521.79	1537.5	-0.0141	0.0257	0.0054	0.0427	1.0127	B cell
13521.79	1523.5	-0.0564	-0.0096	-0.0208	0.0039	0.8555	B cell
13521.79	1473.0	-0.0249	0.0026	-0.0075	0.8623	-0.0179	Myeloid cell
13521.79	1462.0	0.0510	0.0676	0.0734	0.3496	0.0383	Other cell
13521.79	1397.5	-0.0408	0.0159	-0.0053	0.9692	-0.0172	Myeloid cell
13518.79	1544.0	-0.0618	-0.0134	-0.0261	-0.0081	0.8706	B cell
13518.29	1604.0	-0.0617	-0.0135	-0.0255	-0.0063	0.8521	B cell
13518.29	1592.5	-0.0804	-0.0220	-0.0323	-0.0178	0.8481	B cell
13518.29	1527.5	-0.0873	-0.0317	-0.0446	-0.0173	0.7559	B cell
13516.79	1426.5	-0.0812	-0.0396	-0.0433	-0.0320	0.6768	B cell
13516.29	1566.5	-0.0785	-0.0369	-0.0445	-0.0247	0.7734	B cell
13516.29	1371.5	0.4807	0.0488	0.0176	0.8340	0.0002	Double pos cDC2
13513.79	1532.5	-0.0657	-0.0153	-0.0278	-0.0122	0.9307	B cell
13512.79	1427.0	-0.0753	-0.0349	-0.0400	-0.0289	0.7148	B cell
13512.79	1415.0	-0.0648	-0.0056	-0.0209	0.8594	-0.0313	Myeloid cell
13512.29	1601.5	-0.0513	-0.0333	0.7109	-0.0268	-0.0279	cDC1
13512.29	1424.0	-0.1189	-0.0581	-0.0645	-0.0528	0.7163	B cell
13511.79	1523.0	0.1125	0.0384	0.0139	0.0169	0.7456	B cell
13511.79	1452.0	0.6919	0.0216	-0.0069	0.9258	-0.0241	Double pos cDC2
13511.29	1546.0	-0.0646	-0.0237	-0.0351	-0.0173	0.7534	B cell
13510.79	1589.0	-0.0476	-0.0233	-0.0348	-0.0240	0.8613	B cell
13509.29	1508.5	0.6514	-0.0198	-0.0354	-0.0318	-0.0031	cDC2
13508.29	1570.5	0.2300	0.0179	-0.0075	0.0309	0.6899	B cell
13508.29	1554.0	-0.0515	0.0009	-0.0141	0.0100	0.9346	B cell
13506.29	1597.5	-0.0626	-0.0378	0.6958	-0.0345	-0.0380	cDC1
13505.29	1504.0	-0.0781	-0.0399	-0.0474	-0.0248	0.6958	B cell
13504.29	1510.0	0.6440	0.0005	-0.0189	-0.0083	0.0550	cDC2
13504.29	1423.5	-0.0626	-0.0241	-0.0326	0.6665	-0.0384	Myeloid cell
13503.29	1496.5	-0.0572	0.0004	-0.0128	0.0013	0.8862	B cell
13502.79	1585.0	-0.0700	-0.0137	-0.0264	-0.0097	0.8730	B cell
13502.29	1551.0	-0.0566	-0.0050	-0.0207	-0.0035	0.9434	B cell
13501.29	1534.0	-0.0489	-0.0052	-0.0229	-0.0047	0.8091	B cell
13500.29	1443.5	-0.0520	-0.0567	0.7344	-0.0367	-0.0473	cDC1
13499.79	1528.0	-0.0756	-0.0024	-0.0381	0.0222	0.6201	B cell
13499.29	1593.0	-0.0323	-0.0132	-0.0279	-0.0125	0.8452	B cell
13498.79	1482.0	-0.0595	-0.0053	-0.0209	-0.0011	0.8784	B cell
13498.29	1504.0	-0.0199	0.0156	-0.0083	0.0105	0.6880	B cell
13497.79	1565.5	-0.0799	-0.0266	-0.0359	-0.0229	0.8120	B cell
13497.79	1474.5	-0.0267	-0.0024	-0.0145	0.8247	-0.0194	Myeloid cell
13497.29	1582.5	-0.0639	-0.0068	-0.0239	-0.0032	0.8535	B cell
13497.29	1548.0	-0.0497	0.0021	-0.0110	0.0134	0.8467	B cell
13497.29	1438.0	-0.0496	-0.0013	-0.0107	0.9238	-0.0231	Myeloid cell
13495.79	1533.0	0.2389	0.0263	0.0018	0.0094	0.3481	Other cell
13495.29	1493.0	0.1624	-0.0054	-0.0104	0.0090	0.7773	B cell
13494.79	1537.5	0.6035	-0.0043	-0.0198	-0.0194	0.1220	cDC2
13494.29	1524.5	0.0883	0.0420	0.0130	0.0396	0.6411	B cell
13494.29	1498.0	-0.0795	-0.0316	-0.0435	-0.0275	0.6655	B cell
13493.79	1446.0	-0.0656	-0.0462	0.7686	-0.0422	-0.0453	cDC1
13493.29	1594.5	0.3535	-0.0129	-0.0160	0.0023	0.4802	B cell
13492.29	1516.5	-0.0115	0.0077	-0.0153	0.0039	0.9785	B cell
13491.79	1509.5	-0.0632	-0.0077	-0.0200	-0.0122	0.9771	B cell
13490.79	1482.5	-0.0543	0.0043	-0.0038	0.0083	0.9287	B cell
13490.29	1579.0	-0.0095	-0.0202	-0.0266	0.0498	0.6870	B cell
13489.79	1547.5	-0.0679	-0.0070	-0.0214	-0.0003	0.8901	B cell
13489.79	1504.5	-0.0547	-0.0013	-0.0134	-0.0103	0.9722	B cell
13489.29	1561.5	-0.0313	0.0023	-0.0155	-0.0000	0.8745	B cell
13489.29	1490.5	0.3113	0.0390	0.0158	0.0208	0.3308	Other cell
13486.29	1497.5	-0.0878	-0.0177	-0.0202	-0.0224	0.8896	B cell
13485.79	1570.5	-0.0679	-0.0146	-0.0261	0.7915	-0.0341	Myeloid cell
13484.79	1557.0	0.4043	0.0435	0.0145	0.0278	0.1630	cDC2
13482.79	1585.5	-0.0778	-0.0286	-0.0417	-0.0267	0.7983	B cell
13481.79	1487.5	0.1849	0.0640	0.0363	0.0568	0.3889	Other cell
13481.29	1551.0	-0.0545	-0.0231	-0.0316	-0.0152	0.8462	B cell
13478.79	1567.5	-0.0580	-0.0003	-0.0153	0.8809	-0.0244	Myeloid cell
13478.79	1473.5	-0.0731	-0.0300	-0.0385	-0.0226	0.8145	B cell
13477.79	1554.0	0.4771	-0.0223	-0.0316	-0.0312	0.3582	cDC2
13477.29	1512.5	0.8760	-0.0038	-0.0184	-0.0086	-0.0093	cDC2
13476.79	1546.0	-0.0610	-0.0211	-0.0289	0.0007	0.7969	B cell
13476.79	1480.0	-0.0558	-0.0085	-0.0206	-0.0014	0.8794	B cell
13475.29	1582.5	-0.0436	-0.0088	-0.0148	0.0144	0.9146	B cell
13474.79	1525.0	0.6289	-0.0517	-0.0771	-0.0706	0.0099	cDC2
13474.79	1469.5	0.0323	0.0119	-0.0126	0.0067	0.7251	B cell
13473.79	1477.0	-0.0653	-0.0202	-0.0283	-0.0141	0.8569	B cell
13473.29	1562.0	-0.0153	0.0215	-0.0006	0.0483	0.8457	B cell
13471.79	1551.0	-0.0601	-0.0020	-0.0147	0.0123	0.9375	B cell
13471.79	1502.5	0.2620	0.0637	0.0360	0.0515	0.3999	Other cell
13471.29	1462.0	-0.0195	-0.0058	-0.0228	-0.0080	0.7700	B cell
13471.29	1457.0	-0.0057	-0.0139	-0.0280	-0.0185	0.8135	B cell
13468.79	1472.0	-0.0416	-0.0056	-0.0156	-0.0062	0.9800	B cell
13468.29	1497.0	-0.0778	-0.0500	-0.0567	-0.0366	0.6948	B cell
13467.79	1577.5	-0.0552	0.0031	-0.0104	0.0073	0.9795	B cell
13467.79	1570.5	-0.0588	-0.0039	-0.0211	-0.0015	0.8906	B cell
13467.29	1562.5	0.0413	0.0347	0.0113	0.3420	0.1566	Other cell
13467.29	1546.5	-0.0370	-0.0041	-0.0154	-0.0013	0.8784	B cell
13467.29	1540.5	-0.0671	-0.0117	-0.0256	-0.0114	0.8164	B cell
13467.29	1492.0	-0.0671	-0.0038	-0.0168	-0.0076	0.8970	B cell
13465.79	1531.0	-0.0489	-0.0100	-0.0228	-0.0089	0.9180	B cell
13465.29	1465.0	-0.0744	-0.0206	-0.0281	-0.0216	0.9331	B cell
13464.79	1448.0	-0.0271	0.0142	-0.0023	0.9624	-0.0099	Myeloid cell
13464.29	1455.0	-0.0372	0.0006	-0.0163	0.0012	0.9009	B cell
13460.29	1578.0	-0.0638	-0.0080	-0.0193	-0.0018	0.9097	B cell
13459.29	1483.5	-0.0539	-0.0078	-0.0206	0.0014	0.8862	B cell
13458.79	1464.5	-0.0463	-0.0099	-0.0241	-0.0107	0.6602	B cell
13457.79	1472.0	-0.0671	0.0464	0.0066	-0.0035	1.0850	B cell
13457.79	1461.0	-0.0728	-0.0293	-0.0398	-0.0250	0.8047	B cell
13455.79	1574.0	-0.0723	-0.0167	-0.0289	-0.0108	0.8721	B cell
13455.79	1562.5	-0.0936	-0.0403	-0.0492	-0.0383	0.7690	B cell
13455.79	1550.5	-0.0475	-0.0178	0.8379	-0.0123	-0.0243	cDC1
13455.29	1525.0	-0.0559	-0.0147	-0.0273	-0.0089	0.7676	B cell
13454.79	1492.0	0.8008	-0.0311	-0.0401	-0.0286	-0.0454	cDC2
13453.79	1582.0	-0.0508	0.0044	-0.0139	0.0383	0.8682	B cell
13452.79	1568.0	-0.0372	-0.0003	-0.0155	-0.0005	0.9629	B cell
13452.29	1558.0	-0.0561	-0.0008	-0.0170	0.0028	0.8794	B cell
13452.29	1451.0	-0.0701	-0.0149	-0.0320	0.0316	0.7798	B cell
13451.79	1458.0	-0.0789	-0.0184	-0.0296	-0.0150	0.8696	B cell
13450.79	1546.5	-0.0648	-0.0329	0.8096	-0.0299	-0.0384	cDC1
13450.29	1586.0	-0.0454	-0.0035	-0.0191	0.0144	0.6602	B cell
13450.29	1469.5	-0.0176	0.0004	-0.0213	-0.0033	0.8677	B cell
13449.79	1538.5	0.7959	-0.0087	-0.0286	-0.0088	0.0395	cDC2
13449.79	1487.0	-0.0383	-0.0113	-0.0270	-0.0117	0.8887	B cell
13448.79	1573.5	-0.0855	-0.0317	-0.0422	-0.0298	0.8008	B cell
13448.29	1448.5	0.0176	-0.0087	-0.0244	-0.0152	0.6895	B cell
13447.79	1508.5	-0.0514	0.0117	-0.0004	0.0224	0.9863	B cell
13447.29	1478.0	-0.0446	0.0389	-0.0210	0.0429	0.5586	B cell
13446.29	1454.0	0.0293	0.0352	0.0128	0.0091	0.6826	B cell
13445.29	1568.5	-0.0598	-0.0213	-0.0314	-0.0169	0.8140	B cell
13444.79	1440.5	-0.0529	-0.0048	-0.0189	0.0025	0.9287	B cell
13444.29	1526.5	-0.0717	-0.0762	-0.0816	-0.0721	0.6157	B cell
13443.29	1542.0	0.4224	0.0585	0.0282	0.0427	0.1141	cDC2
13442.79	1521.5	-0.0634	-0.0167	-0.0275	-0.0053	0.8521	B cell
13441.29	1585.5	-0.0532	-0.0047	-0.0185	0.0043	0.8442	B cell
13441.29	1446.5	-0.0712	-0.0138	-0.0221	-0.0091	0.9194	B cell
13440.29	1464.5	-0.0477	-0.0040	-0.0190	0.0081	0.8643	B cell
13438.29	1537.5	0.3804	-0.0310	-0.0205	0.0309	0.4509	B cell
13437.79	1564.0	0.4607	0.0394	0.0124	0.0193	0.1320	cDC2
13437.79	1420.5	-0.0256	0.0232	0.0049	0.9541	-0.0041	Myeloid cell
13436.79	1427.0	-0.0203	0.0105	0.0075	0.0252	0.5645	B cell
13435.29	1523.0	-0.0848	-0.0241	-0.0319	-0.0276	0.8882	B cell
13435.29	1515.5	-0.0564	-0.0233	-0.0334	0.0047	0.8037	B cell
13433.79	1443.0	-0.0512	-0.0104	-0.0195	-0.0039	0.9180	B cell
13433.29	1545.5	0.0357	0.0406	0.0126	0.2086	0.4380	B cell
13432.79	1475.0	-0.0688	-0.0215	-0.0271	-0.0032	0.8247	B cell
13431.79	1555.5	-0.0685	-0.0176	-0.0277	-0.0120	0.8560	B cell
13431.29	1561.5	-0.0394	-0.0016	-0.0123	-0.0054	1.0107	B cell
13430.79	1531.5	-0.0745	-0.0238	-0.0249	-0.0143	0.7803	B cell
13430.79	1418.0	-0.0381	-0.0053	-0.0165	0.8008	-0.0239	Myeloid cell
13430.29	1501.5	0.6191	0.0102	0.0003	0.0241	0.2900	cDC2
13429.29	1537.0	-0.0653	-0.0126	-0.0253	-0.0093	0.9043	B cell
13428.29	1551.0	-0.0666	-0.0041	-0.0218	-0.0009	0.8916	B cell
13427.29	1543.0	-0.0981	0.0051	-0.0249	0.1157	0.6040	B cell
13427.29	1473.5	-0.0268	0.0092	-0.0143	0.0304	0.8716	B cell
13427.29	1465.5	0.8789	-0.0244	-0.0315	-0.0278	-0.0335	cDC2
13426.29	1484.5	0.8701	-0.0258	-0.0359	-0.0170	-0.0356	cDC2
13424.79	1584.0	-0.0616	0.0070	-0.0103	0.9214	-0.0244	Myeloid cell
13424.29	1457.5	0.1089	0.0194	-0.0046	0.0138	0.6016	B cell
13423.29	1379.5	-0.0527	-0.0077	-0.0241	0.8364	-0.0245	Myeloid cell
13422.79	1556.0	-0.0514	-0.0154	-0.0246	-0.0145	0.9121	B cell
13422.79	1547.0	-0.0649	-0.0139	-0.0306	-0.0102	0.8535	B cell
13422.79	1468.0	0.1595	0.0042	-0.0075	-0.0253	0.5938	B cell
13422.29	1418.5	-0.0521	0.0047	-0.0123	0.8887	-0.0146	Myeloid cell
13421.29	1578.0	-0.0550	0.0065	-0.0013	0.7632	-0.0134	Myeloid cell
13420.79	1461.5	-0.0208	0.0049	-0.0182	0.0054	0.7949	B cell
13420.29	1440.0	-0.0443	0.0056	-0.0101	0.0148	0.9458	B cell
13419.79	1338.0	-0.0619	-0.0148	-0.0264	-0.0125	0.8604	B cell
13419.29	1550.5	-0.0765	-0.0391	-0.0492	-0.0239	0.7671	B cell
13418.29	1537.5	-0.0586	-0.0128	-0.0269	-0.0192	0.7598	B cell
13417.79	1455.5	-0.0517	-0.0061	-0.0189	0.0046	0.9136	B cell
13417.79	1448.5	-0.0708	-0.0098	-0.0209	0.0337	0.8101	B cell
13417.79	1433.0	-0.0710	-0.0187	-0.0352	-0.0008	0.7246	B cell
13417.79	1427.0	-0.0541	-0.0003	-0.0142	0.0157	0.9023	B cell
13417.29	1562.0	-0.0560	-0.0018	-0.0160	0.0032	0.8896	B cell
13417.29	1397.5	0.6338	0.0036	-0.0191	0.4937	-0.0253	Double pos cDC2
13415.29	1554.0	0.2015	-0.0158	-0.0326	0.0068	0.6592	B cell
13415.29	1466.5	-0.0667	-0.0115	-0.0239	-0.0077	0.9038	B cell
13415.29	1421.5	-0.0553	-0.0017	-0.0169	0.0041	0.8667	B cell
13412.29	1542.5	-0.0519	-0.0050	-0.0219	0.0068	0.8647	B cell
13412.29	1430.0	0.0323	0.0129	-0.0024	0.0006	0.8638	B cell
13410.29	1536.0	-0.0467	-0.0091	-0.0194	-0.0003	0.8999	B cell
13408.79	1548.5	0.0318	0.0177	0.2404	0.0285	0.0867	Other cell
13408.79	1530.0	-0.0605	-0.0087	-0.0181	0.0000	0.9165	B cell
13408.29	1467.0	0.6729	0.0233	-0.0005	0.0321	0.0836	cDC2
13407.29	1418.0	-0.0546	-0.0083	-0.0205	0.0007	0.8745	B cell
13405.79	1427.5	0.1583	0.0180	-0.0082	0.0398	0.8799	B cell
13405.29	1435.0	-0.0755	-0.0008	-0.0141	0.0168	0.8950	B cell
13403.29	1516.0	-0.0625	-0.0023	-0.0433	0.6333	-0.0231	Myeloid cell
13402.79	1525.0	-0.0482	0.0029	-0.0131	0.0166	0.9150	B cell
13398.29	1531.0	-0.0566	-0.0069	-0.0232	0.0490	0.8496	B cell
13397.29	1519.5	0.5400	0.0485	0.0237	0.0482	0.1605	cDC2
13394.79	1513.0	0.1000	-0.0292	-0.0363	-0.0075	0.6445	B cell
13394.79	1432.0	0.2423	0.0389	0.0112	0.0286	0.5034	B cell
13393.29	1439.0	0.8901	0.0003	-0.0202	0.0370	-0.0057	cDC2
13390.29	1507.5	-0.0126	0.0056	-0.0151	0.0022	0.8193	B cell
13387.79	1410.0	-0.0152	-0.0011	-0.0069	0.0130	0.8291	B cell
13385.79	1433.5	-0.0415	-0.0258	-0.0366	-0.0180	0.8306	B cell
13382.29	1475.5	0.9585	0.0053	-0.0149	0.0209	-0.0291	cDC2
13376.29	1460.0	0.7148	0.0141	0.0014	0.0964	-0.0083	cDC2
13375.29	1497.5	-0.0477	-0.0017	-0.0147	0.0109	0.8389	B cell
13369.29	1484.5	0.0665	0.0737	0.1132	0.2622	0.0471	Other cell
13353.79	1575.5	0.1148	0.0214	0.0077	0.4685	0.0347	Myeloid cell
14021.79	1168.5	-0.0659	-0.0069	-0.0196	0.8589	-0.0312	Myeloid cell
14021.79	914.0	-0.0775	-0.0210	-0.0319	0.7935	-0.0443	Myeloid cell
14018.29	778.5	-0.0432	-0.0036	-0.0159	0.7334	-0.0209	Myeloid cell
14016.29	1080.0	-0.0408	0.0043	-0.0122	0.9277	-0.0313	Myeloid cell
14014.29	897.5	0.3687	0.0330	-0.0005	0.8208	-0.0382	Myeloid cell
14012.79	937.0	-0.0416	-0.0180	-0.0417	0.5435	-0.0617	Myeloid cell
14007.29	840.0	-0.0549	0.0137	-0.0101	0.9668	-0.0297	Myeloid cell
13998.29	1037.5	0.4197	-0.0335	-0.0223	0.5771	-0.0621	Double pos cDC2
13987.79	1225.0	-0.0856	0.7124	-0.0752	-0.0610	-0.0716	pDC
13963.79	1171.5	-0.0583	-0.0040	-0.0208	0.8594	-0.0293	Myeloid cell
13961.29	1239.0	-0.0472	-0.0102	-0.0256	0.8159	-0.0377	Myeloid cell
13959.79	1235.5	0.0972	-0.0529	-0.0443	0.7202	-0.0876	Myeloid cell
13957.29	1134.5	-0.0437	0.0127	-0.0092	0.9292	-0.0223	Myeloid cell
13924.29	924.0	-0.0908	-0.0293	-0.0224	0.7285	-0.0514	Myeloid cell
13920.29	941.0	0.3430	0.0168	-0.0105	1.0215	-0.0324	Myeloid cell
13908.29	789.5	-0.0260	-0.0316	0.6406	-0.0508	-0.0346	cDC1
13907.79	1086.5	-0.0401	0.0044	-0.0049	0.9194	-0.0254	Myeloid cell
13896.29	1111.5	0.0742	0.0054	-0.0179	0.6572	-0.0601	Myeloid cell
13880.79	1334.5	-0.0447	0.0041	-0.0088	0.8818	-0.0243	Myeloid cell
13877.79	1309.5	-0.0307	-0.0073	-0.0235	0.8242	-0.0341	Myeloid cell
13803.29	1183.5	0.0315	0.0138	-0.0230	0.7212	-0.0145	Myeloid cell
13798.79	1174.5	0.0080	0.0358	-0.0031	0.9941	-0.0139	Myeloid cell
13796.29	1092.5	-0.0276	0.0091	-0.0192	0.9116	-0.0344	Myeloid cell
13794.29	1084.5	0.3752	-0.0177	-0.0371	0.7764	-0.0533	Myeloid cell
13765.79	1070.0	-0.0194	-0.0077	-0.0484	0.7896	-0.0405	Myeloid cell
13758.29	1075.5	0.8462	-0.0191	-0.0324	-0.0174	-0.0240	cDC2
13757.79	1245.5	0.6479	-0.0457	-0.0228	0.6089	-0.0374	Double pos cDC2
13731.79	1229.5	0.8530	-0.0271	-0.0369	-0.0059	-0.0403	cDC2
13613.79	1195.0	0.1560	-0.0078	-0.0244	0.8525	-0.0424	Myeloid cell
13611.29	1064.5	0.0669	-0.0317	0.3547	0.4170	-0.0285	Myeloid cell
13568.29	1236.5	0.8643	-0.0226	-0.0355	0.0527	-0.0360	cDC2
13557.79	1308.5	0.6118	0.0003	0.0023	0.9141	-0.0433	Double pos cDC2
13527.79	1228.5	0.5972	0.0103	-0.0219	0.9033	-0.0405	Double pos cDC2
14021.79	1863.0	0.3618	0.0057	-0.0182	0.6182	-0.0272	Myeloid cell
14007.79	1845.5	-0.0479	-0.0124	-0.0313	0.7681	-0.0298	Myeloid cell
14004.79	1390.0	0.7183	-0.0151	-0.0291	0.4958	-0.0546	Double pos cDC2
14001.29	1387.0	-0.0585	-0.0468	0.6035	-0.0410	-0.0427	cDC1
13997.29	1838.0	0.1245	0.0016	-0.0172	0.9419	-0.0349	Myeloid cell
13989.29	1835.5	0.5586	-0.0137	-0.0414	0.8525	-0.0496	Double pos cDC2
13965.79	1816.5	-0.0625	-0.0471	0.8169	-0.0324	-0.0407	cDC1
13955.29	1591.0	0.1259	0.0067	-0.0190	0.7183	-0.0360	Myeloid cell
13912.79	1509.0	0.2355	0.0161	-0.0121	0.8960	-0.0245	Myeloid cell
13906.29	1505.5	-0.0250	0.0151	0.0006	0.7612	0.0092	Myeloid cell
13883.29	1494.5	-0.0667	0.0055	-0.0115	0.9297	-0.0282	Myeloid cell
13877.79	1338.0	0.4980	0.0053	-0.0224	0.8359	-0.0335	Double pos cDC2
13864.29	1713.5	0.6792	-0.0184	-0.0445	0.5801	-0.0629	Double pos cDC2
13851.79	1482.5	0.0760	-0.0079	-0.0311	0.8818	-0.0482	Myeloid cell
13845.29	1719.5	-0.0418	0.0091	-0.0071	0.9102	-0.0176	Myeloid cell
13803.79	1505.5	-0.0220	-0.0007	-0.0087	0.8618	-0.0276	Myeloid cell
13790.79	1466.0	0.3118	0.0081	0.0331	0.6777	-0.0186	Myeloid cell
13777.79	1681.5	0.0071	0.0021	-0.0164	0.8433	-0.0205	Myeloid cell
13762.29	1519.0	-0.0695	0.7637	-0.0556	-0.0430	-0.0547	pDC
13759.79	1565.5	0.0493	-0.0124	-0.0426	0.7134	-0.0360	Myeloid cell
13755.29	1529.5	-0.0519	0.0146	-0.0057	0.9565	-0.0184	Myeloid cell
13750.29	1517.0	-0.0922	-0.0618	0.6860	-0.0649	-0.0488	cDC1
13750.29	1511.0	-0.0714	-0.0516	0.5649	-0.0418	-0.0461	cDC1
13747.79	1379.0	-0.0805	-0.0029	-0.0489	0.6763	-0.0597	Myeloid cell
13743.79	1533.5	-0.0429	0.0166	-0.0021	0.9634	-0.0137	Myeloid cell
13743.79	1516.5	-0.0479	-0.0208	0.8550	-0.0114	-0.0255	cDC1
13736.79	1652.5	-0.0194	0.0164	-0.0017	0.6978	-0.0040	Myeloid cell
13735.29	1514.5	0.2532	-0.0063	0.4924	-0.0120	0.0915	cDC1
13731.29	1640.0	-0.0181	0.0377	0.0148	0.9746	0.0021	Myeloid cell
13717.29	1653.0	-0.0613	-0.0021	-0.0151	0.8159	-0.0261	Myeloid cell
13711.29	1553.5	-0.0272	0.0114	-0.0069	0.9395	-0.0251	Myeloid cell
13705.29	1666.0	0.0130	0.0352	0.0127	0.0708	0.5029	B cell
13700.29	1526.5	-0.0625	-0.0027	-0.0112	0.8530	-0.0228	Myeloid cell
13700.29	1519.0	-0.0748	-0.0425	0.8315	-0.0305	-0.0331	cDC1
13699.79	1635.0	-0.0624	-0.0069	-0.0338	0.8433	0.0475	Myeloid cell
13699.79	1538.0	0.5127	-0.0335	-0.0429	0.0265	-0.0219	cDC2
13699.29	1661.5	-0.0166	0.0145	-0.0037	0.2440	0.5410	B cell
13698.29	1644.0	-0.0916	-0.0000	-0.0351	-0.0102	0.6431	B cell
13692.29	1525.0	-0.0546	-0.0075	-0.0190	0.8555	-0.0286	Myeloid cell
13690.79	1640.5	-0.0110	0.0247	0.0031	0.0869	0.7969	B cell
13689.79	1538.0	-0.0513	0.0128	-0.0100	0.9199	-0.0211	Myeloid cell
13689.29	1660.0	-0.0953	-0.0084	-0.0323	0.7158	-0.0355	Myeloid cell
13688.79	1553.5	-0.0510	0.0061	-0.0111	0.8960	-0.0192	Myeloid cell
13685.79	1530.5	-0.1212	-0.0050	-0.0362	0.7246	-0.0412	Myeloid cell
13684.79	1383.0	0.1471	0.0182	0.0035	0.8887	-0.0073	Myeloid cell
13683.79	1641.5	0.0337	0.0092	-0.0074	0.3867	0.4673	B cell
13681.79	1668.0	-0.0727	-0.0077	-0.0220	0.8491	-0.0352	Myeloid cell
13678.29	1543.5	-0.0142	-0.0031	-0.0111	0.8447	-0.0162	Myeloid cell
13668.79	1661.5	-0.0048	0.0329	0.3320	0.3708	0.0191	Other cell
13668.79	1566.0	-0.0363	-0.0126	0.9438	-0.0015	-0.0249	cDC1
13666.79	1603.5	0.0007	0.0087	-0.0016	0.0212	0.5649	B cell
13665.29	1585.0	-0.0232	0.0139	-0.0032	0.9092	-0.0120	Myeloid cell
13661.29	1659.0	-0.0493	-0.0000	-0.0088	0.7734	-0.0131	Myeloid cell
13659.79	1582.0	-0.0369	0.0150	-0.0041	0.9673	-0.0178	Myeloid cell
13658.79	1389.5	0.7642	-0.0041	-0.0304	0.6987	-0.0457	Double pos cDC2
13658.29	1625.0	-0.0812	-0.0605	0.7124	-0.0438	-0.0469	cDC1
13658.29	1538.5	0.7539	0.0041	-0.0230	0.7227	-0.0383	Double pos cDC2
13656.79	1562.5	-0.0552	0.0035	-0.0126	0.8994	-0.0227	Myeloid cell
13654.29	1570.5	-0.0558	-0.0120	-0.0199	-0.0085	0.8286	B cell
13651.79	1611.0	-0.0308	-0.0371	-0.0509	-0.0582	0.7051	B cell
13646.29	1604.5	-0.0486	-0.0051	-0.0158	0.0018	0.9277	B cell
13646.29	1583.5	-0.0638	-0.0234	-0.0326	-0.0116	0.8130	B cell
13643.29	1551.0	0.0063	-0.0094	-0.0238	0.7373	-0.0335	Myeloid cell
13639.79	1600.5	0.0916	0.0520	0.0251	0.1709	0.5166	B cell
13636.29	1641.0	-0.0459	0.0022	-0.0202	0.6406	-0.0074	Myeloid cell
13635.29	1656.5	-0.0204	0.0117	-0.0121	0.8169	0.0201	Myeloid cell
13635.29	1619.5	-0.0640	-0.0290	-0.0373	-0.0245	0.5820	B cell
13634.79	1575.0	-0.0645	-0.0015	-0.0191	0.0003	0.9175	B cell
13634.29	1583.0	-0.0521	-0.0070	-0.0194	-0.0018	0.9194	B cell
13631.29	1651.0	0.0039	0.0168	-0.0016	0.7842	0.0256	Myeloid cell
13629.79	1570.5	-0.0552	0.0013	-0.0205	0.2026	0.8608	B cell
13627.79	1576.5	-0.0656	-0.0227	-0.0327	-0.0185	0.8540	B cell
13624.29	1652.5	0.1677	0.0128	-0.0175	0.5049	0.1431	Myeloid cell
13623.79	1557.0	-0.0554	-0.0235	0.9185	-0.0137	-0.0216	cDC1
13620.79	1641.0	0.1663	0.0219	-0.0015	0.8652	0.0118	Myeloid cell
13620.29	1656.0	0.2815	-0.0170	-0.0363	0.6416	-0.0339	Myeloid cell
13618.79	1680.5	0.0239	-0.0187	-0.0129	0.8623	-0.0427	Myeloid cell
13618.79	1586.0	-0.0533	0.0060	-0.0106	0.9150	-0.0200	Myeloid cell
13616.79	1635.5	-0.0383	0.0119	-0.0119	0.0319	0.8657	B cell
13614.79	1644.5	-0.1079	-0.0439	-0.0545	-0.0422	0.7095	B cell
13611.79	1620.5	-0.0679	-0.0275	-0.0375	-0.0201	0.8149	B cell
13610.29	1631.0	-0.0535	-0.0048	-0.0249	-0.0051	0.8486	B cell
13610.29	1582.5	-0.0399	0.0015	-0.0135	0.8721	-0.0208	Myeloid cell
13609.29	1638.5	-0.0587	-0.0233	-0.0340	-0.0182	0.8193	B cell
13606.79	1663.5	-0.0820	-0.0274	-0.0384	-0.0258	0.8032	B cell
13605.79	1669.0	-0.0592	0.0016	-0.0143	0.0014	0.9507	B cell
13605.79	1590.0	-0.0468	0.0048	-0.0130	0.0602	0.9038	B cell
13604.79	1625.5	0.2124	-0.0151	-0.0098	0.0652	0.7007	B cell
13604.29	1569.0	-0.0728	-0.0167	-0.0434	0.7119	-0.0411	Myeloid cell
13603.29	1617.0	-0.0540	-0.0097	-0.0217	-0.0027	0.8984	B cell
13602.79	1602.5	-0.0676	-0.0119	-0.0257	0.8232	-0.0343	Myeloid cell
13602.29	1635.0	-0.0574	-0.0162	-0.0281	-0.0114	0.8652	B cell
13599.29	1592.0	-0.0113	0.0164	-0.0001	0.0452	0.6802	B cell
13598.79	1669.5	-0.0683	0.0010	-0.0085	0.0512	0.6841	B cell
13598.79	1539.0	-0.0465	-0.0226	0.8984	-0.0071	-0.0223	cDC1
13596.79	1630.5	-0.0717	-0.0211	-0.0360	-0.0200	0.7856	B cell
13595.29	1622.5	-0.0402	0.0042	-0.0135	0.0099	0.6885	B cell
13595.29	1564.5	-0.0480	0.0003	-0.0157	0.8262	-0.0238	Myeloid cell
13594.79	1660.0	-0.0530	0.0120	-0.0064	0.9365	-0.0163	Myeloid cell
13589.79	1613.0	-0.0102	0.0325	0.0175	0.1589	0.4543	B cell
13589.79	1577.0	-0.0488	0.0082	-0.0110	0.0483	0.9404	B cell
13588.29	1622.0	-0.0490	0.0070	-0.0108	0.0191	0.7202	B cell
13587.29	1583.5	-0.0637	-0.0099	-0.0212	0.0431	0.7319	B cell
13587.29	1516.5	0.7500	0.0184	0.0003	0.0157	0.0308	cDC2
13585.79	1573.0	-0.0804	-0.0420	-0.0494	-0.0392	0.8003	B cell
13584.79	1592.5	-0.0717	-0.0156	-0.0257	-0.0096	0.8843	B cell
13583.29	1618.5	0.0495	0.0026	-0.0152	0.1225	0.4272	B cell
13583.29	1578.5	-0.0546	-0.0100	-0.0257	-0.0151	0.8472	B cell
13582.29	1654.5	-0.0455	-0.0007	-0.0152	0.0067	0.8701	B cell
13581.79	1417.0	0.8281	-0.0291	-0.0383	-0.0255	-0.0414	cDC2
13581.29	1649.0	-0.0770	-0.0272	-0.0417	-0.0332	0.7490	B cell
13581.29	1411.5	0.8745	-0.0261	-0.0348	-0.0259	-0.0403	cDC2
13577.79	1591.5	-0.0679	-0.0078	-0.0229	-0.0057	0.9170	B cell
13577.29	1643.0	-0.0523	-0.0099	-0.0230	-0.0060	0.9170	B cell
13577.29	1566.0	-0.0103	-0.0055	-0.0242	-0.0062	0.8940	B cell
13573.29	1529.5	0.0413	0.0290	0.0011	0.5347	0.0098	Myeloid cell
13572.29	1587.5	-0.0591	0.0068	-0.0092	0.0166	0.9458	B cell
13571.29	1636.5	-0.0327	-0.0065	-0.0206	-0.0050	0.9238	B cell
13571.29	1594.5	-0.0285	0.0059	-0.0114	0.0064	0.9561	B cell
13569.29	1565.5	-0.0412	-0.0244	-0.0307	0.7085	-0.0475	Myeloid cell
13568.29	1518.0	-0.0329	0.0111	-0.0063	0.7651	-0.0185	Myeloid cell
13567.79	1581.5	-0.0614	0.0003	-0.0151	0.0092	1.0449	B cell
13567.29	1600.5	-0.0775	-0.0149	-0.0235	-0.0102	0.8711	B cell
13567.29	1559.5	-0.0236	-0.0012	-0.0242	0.0097	0.9302	B cell
13567.29	1437.5	0.3916	0.0016	0.3958	0.0551	-0.0361	Other cell
13565.79	1641.0	-0.0450	-0.0326	-0.0397	-0.0208	0.8154	B cell
13565.29	1590.5	-0.0334	0.0077	-0.0090	0.0101	0.8555	B cell
13564.79	1614.0	0.1954	0.0405	0.0057	0.1008	0.6187	B cell
13562.79	1596.5	-0.0655	-0.0081	-0.0217	0.0004	0.8867	B cell
13562.79	1513.5	-0.0433	0.0166	-0.0021	0.9614	-0.0130	Myeloid cell
13562.29	1632.0	-0.0707	-0.0126	-0.0313	0.0047	0.7832	B cell
13561.29	1619.0	-0.0444	-0.0090	-0.0216	-0.0070	0.6426	B cell
13560.79	1576.5	-0.0711	-0.0276	-0.0377	-0.0264	0.7505	B cell
13560.79	1556.0	0.3684	0.0316	0.0118	0.0163	0.4392	B cell
13559.79	1638.0	-0.0572	-0.0070	-0.0203	0.0101	0.8960	B cell
13559.79	1584.5	-0.0325	0.0014	-0.0135	0.0089	0.8535	B cell
13558.79	1506.5	0.7637	0.0135	-0.0100	0.8657	-0.0309	Double pos cDC2
13557.79	1483.5	-0.0637	-0.0256	-0.0363	0.7075	-0.0374	Myeloid cell
13557.29	1575.5	-0.0328	-0.0258	-0.0394	-0.0192	0.5815	B cell
13556.79	1479.0	-0.0829	-0.0225	-0.0386	0.7075	-0.0442	Myeloid cell
13556.29	1456.0	0.5542	-0.0083	-0.0343	0.7622	-0.0504	Double pos cDC2
13555.79	1569.0	-0.0476	0.0083	-0.0091	0.0118	1.0264	B cell
13554.29	1493.0	-0.0624	-0.0111	-0.0244	-0.0009	0.8623	B cell
13554.29	1377.0	-0.0276	-0.0170	-0.0405	0.7998	-0.0344	Myeloid cell
13553.29	1504.0	0.7031	-0.0109	-0.0435	0.7168	-0.0482	Double pos cDC2
13552.29	1615.0	-0.0485	0.0052	-0.0080	0.0187	0.9458	B cell
13550.29	1565.0	-0.0634	-0.0011	-0.0166	0.0033	0.9365	B cell
13549.79	1550.5	-0.0811	-0.0301	-0.0389	0.0643	0.7676	B cell
13549.29	1571.5	-0.0933	-0.0328	-0.0363	-0.0037	0.7168	B cell
13549.29	1556.5	0.0025	-0.0087	-0.0235	0.1497	0.6152	B cell
13549.29	1442.5	-0.0826	-0.0274	-0.0345	-0.0253	0.7559	B cell
13548.79	1489.0	-0.0667	-0.0099	-0.0186	-0.0054	0.8940	B cell
13547.79	1591.0	0.2500	0.0333	0.0099	0.0152	0.4062	B cell
13547.79	1483.5	-0.0614	-0.0124	-0.0304	-0.0089	0.6899	B cell
13547.29	1473.5	-0.0783	0.6724	-0.0405	-0.0170	-0.0337	pDC
13547.29	1405.5	-0.0099	-0.0195	-0.0300	0.6313	-0.0424	Myeloid cell
13546.79	1562.5	-0.0526	-0.0028	-0.0196	0.0058	0.9111	B cell
13543.79	1431.0	0.8799	0.0150	-0.0195	0.6182	-0.0192	Double pos cDC2
13543.29	1607.0	-0.0447	0.0033	-0.0143	0.0346	0.7275	B cell
13543.29	1479.5	-0.0529	-0.0072	-0.0269	-0.0051	0.7017	B cell
13542.29	1549.5	-0.0609	-0.0011	-0.0132	0.0061	0.9468	B cell
13538.79	1586.5	0.4509	-0.0071	-0.0392	0.6577	0.0054	Double pos cDC2
13538.29	1450.0	-0.0786	-0.0166	-0.0341	0.7832	-0.0408	Myeloid cell
13537.29	1427.5	-0.0247	-0.0025	-0.0197	0.7080	-0.0284	Myeloid cell
13536.79	1415.0	-0.0052	0.0161	0.0006	0.1707	0.4592	B cell
13536.79	1408.5	-0.0980	-0.0539	-0.0599	-0.0526	0.7144	B cell
13536.29	1603.0	-0.0257	0.0097	-0.0115	0.0161	0.9404	B cell
13536.29	1477.0	0.6914	0.0077	-0.0322	0.7681	-0.0065	Double pos cDC2
13536.29	1438.0	0.8999	0.0153	-0.0154	0.6846	-0.0178	Double pos cDC2
13535.79	1554.5	-0.0655	-0.0220	-0.0342	0.0031	0.8022	B cell
13534.79	1583.0	0.2106	0.0120	-0.0114	0.7578	-0.0020	Myeloid cell
13534.29	1616.5	0.8364	0.0088	-0.0086	0.0039	0.1724	cDC2
13534.29	1544.0	-0.0458	-0.0051	-0.0173	0.0060	0.9180	B cell
13534.29	1421.0	-0.0309	0.0081	-0.0074	0.8262	-0.0196	Myeloid cell
13533.29	1446.5	-0.0627	-0.0616	0.6465	-0.0274	-0.0349	cDC1
13531.29	1608.5	-0.0598	-0.0049	-0.0204	-0.0048	0.8901	B cell
13530.79	1603.0	-0.0820	-0.0410	-0.0496	-0.0414	0.6685	B cell
13530.79	1534.0	-0.0331	0.0019	-0.0135	-0.0000	0.8657	B cell
13528.29	1614.0	-0.0521	-0.0021	-0.0166	0.0001	0.8828	B cell
13528.29	1523.0	-0.0609	-0.0080	-0.0217	0.0032	0.8809	B cell
13527.79	1562.5	-0.0409	0.0051	-0.0164	0.7153	-0.0202	Myeloid cell
13526.79	1540.0	-0.0981	-0.0561	-0.0619	-0.0488	0.6836	B cell
13525.79	1464.0	-0.0701	-0.0545	0.7788	-0.0384	-0.0502	cDC1
13524.29	1608.0	-0.0540	0.0018	-0.0125	0.0077	0.9351	B cell
13524.29	1594.0	-0.0414	0.0174	0.0017	0.0245	0.9473	B cell
13524.29	1570.5	-0.0417	0.0020	-0.0125	0.0137	0.7422	B cell
13524.29	1400.0	-0.0582	-0.0171	-0.0408	0.5420	-0.0315	Myeloid cell
14491.29	594.5	-0.0083	-0.0648	0.0413	0.7446	-0.0680	Myeloid cell
14487.29	505.5	-0.0778	-0.0646	0.7949	-0.0530	-0.0538	cDC1
14427.79	590.0	-0.0984	-0.0823	0.6494	-0.0798	-0.0778	cDC1
14389.79	531.0	-0.0576	0.0126	-0.0114	0.9575	-0.0281	Myeloid cell
14388.79	539.5	-0.0352	0.0096	-0.0032	0.9316	-0.0191	Myeloid cell
14371.29	602.0	-0.0038	-0.0190	0.0143	0.8208	-0.0360	Myeloid cell
14368.79	535.0	0.0179	-0.0280	0.4062	0.6016	-0.0391	Invalid
14366.29	635.5	-0.0453	0.0068	-0.0148	0.9902	-0.0396	Myeloid cell
14252.29	633.5	0.5332	-0.0089	-0.0255	0.8350	-0.0527	Double pos cDC2
14505.29	1238.0	-0.0598	-0.0044	-0.0181	0.8789	-0.0335	Myeloid cell
14495.79	839.5	0.0948	-0.0006	-0.0142	0.7773	-0.0325	Myeloid cell
14475.79	1226.5	-0.0523	-0.0051	-0.0176	0.7007	-0.0254	Myeloid cell
14452.79	1229.0	-0.0467	0.0057	-0.0079	0.9321	-0.0248	Myeloid cell
14445.79	821.5	0.1163	-0.0321	-0.0032	0.7861	-0.0552	Myeloid cell
14427.79	981.5	0.5396	0.0138	0.0094	0.8877	-0.0364	Double pos cDC2
14425.29	934.0	-0.0589	0.0096	-0.0091	0.9375	-0.0239	Myeloid cell
14416.79	922.5	-0.0045	-0.0028	-0.0129	0.7324	-0.0069	Myeloid cell
14409.29	936.0	-0.0826	0.0083	-0.0133	0.8438	-0.0328	Myeloid cell
14406.79	940.5	0.1179	-0.0253	-0.0544	0.7236	-0.0618	Myeloid cell
14400.29	936.0	-0.0605	-0.0013	-0.0166	0.8604	-0.0226	Myeloid cell
14396.79	843.5	-0.0037	0.0063	-0.0434	0.6758	-0.0477	Myeloid cell
14297.79	837.5	0.1013	0.0061	-0.0367	0.7148	-0.0107	Myeloid cell
14296.79	830.0	-0.0489	0.0002	-0.0170	0.8135	-0.0211	Myeloid cell
14284.29	729.0	0.0872	-0.0379	-0.0537	0.8179	-0.0787	Myeloid cell
14256.29	1307.5	-0.0545	-0.0019	-0.0115	0.8940	-0.0325	Myeloid cell
14254.79	1219.0	-0.0728	-0.0046	-0.0198	0.8794	-0.0359	Myeloid cell
14240.79	921.0	-0.0743	-0.0039	-0.0200	0.8979	-0.0367	Myeloid cell
14213.79	1159.5	0.0419	-0.0188	-0.0282	0.8311	-0.0559	Myeloid cell
14194.79	967.0	0.1081	-0.0191	-0.0221	0.6357	-0.0678	Myeloid cell
14184.79	1315.5	0.2311	-0.0057	0.0015	0.9443	-0.0482	Myeloid cell
14183.79	951.0	-0.0671	0.0070	-0.0496	0.6318	-0.0577	Myeloid cell
14175.79	1002.5	0.0983	-0.0217	-0.0151	0.6143	-0.0719	Myeloid cell
14174.79	955.5	-0.0454	-0.0089	-0.0179	0.8701	-0.0339	Myeloid cell
14172.79	1068.0	-0.0573	-0.0376	-0.0529	0.7002	-0.0604	Myeloid cell
14168.79	959.5	0.2487	-0.0189	-0.0216	0.6646	-0.0526	Myeloid cell
14158.29	1218.0	-0.0087	0.0092	-0.0088	0.9541	-0.0267	Myeloid cell
14157.29	1257.5	0.2462	-0.0095	-0.0073	0.8867	-0.0475	Myeloid cell
14145.79	731.5	-0.1052	-0.0549	-0.0740	0.5903	-0.0092	Myeloid cell
14144.79	1274.5	-0.0572	0.0075	-0.0099	0.9082	-0.0227	Myeloid cell
14143.29	1261.0	-0.0451	0.0060	-0.0091	0.8906	-0.0195	Myeloid cell
14140.29	1252.5	0.0447	0.0031	-0.0240	0.7002	-0.0118	Myeloid cell
14134.79	1250.5	0.9160	-0.0192	-0.0240	-0.0093	-0.0346	cDC2
14132.29	1236.5	-0.0660	0.0001	-0.0164	0.9058	-0.0322	Myeloid cell
14130.29	1123.0	0.0543	-0.0794	0.1360	0.5815	-0.0941	Myeloid cell
14121.29	719.0	-0.0604	0.0026	-0.0124	0.9141	-0.0261	Myeloid cell
14085.79	809.0	0.2001	0.0045	-0.0147	0.8228	-0.0409	Myeloid cell
14078.79	931.5	-0.0670	-0.0046	-0.0202	0.8589	-0.0303	Myeloid cell
14073.79	882.0	0.6450	0.0008	-0.0354	0.7007	-0.0556	Double pos cDC2
14067.79	884.5	0.5952	-0.0097	-0.0154	0.7876	-0.0349	Double pos cDC2
14057.79	748.5	-0.0060	0.0157	-0.0488	0.7578	-0.0627	Myeloid cell
14050.29	851.0	0.0994	0.0070	-0.0224	0.7969	-0.0223	Myeloid cell
14049.29	806.5	-0.0715	-0.0076	-0.0226	0.8462	-0.0354	Myeloid cell
14048.79	840.0	-0.0062	-0.0005	-0.0013	0.8848	-0.0263	Myeloid cell
14048.79	772.0	0.0491	0.0116	0.1576	0.4109	-0.0190	Myeloid cell
14041.79	754.5	-0.0241	-0.0090	-0.0440	0.6616	-0.0445	Myeloid cell
14040.29	935.0	0.1077	0.0030	-0.0162	0.9482	-0.0421	Myeloid cell
14040.29	762.5	0.0579	0.0055	-0.0228	0.6230	-0.0231	Myeloid cell
14035.79	939.0	0.0308	-0.0073	-0.0185	0.8975	-0.0470	Myeloid cell
14034.79	1159.5	-0.0707	-0.0054	-0.0209	0.8833	-0.0374	Myeloid cell
14032.29	999.5	0.1400	-0.0066	-0.0214	0.9023	-0.0454	Myeloid cell
14030.29	946.5	-0.0305	-0.0024	-0.0078	0.7593	-0.0285	Myeloid cell
14024.29	1093.0	0.0294	-0.0234	-0.0605	0.7290	-0.0634	Myeloid cell
14024.29	950.5	0.0795	0.0042	-0.0290	0.6172	-0.0296	Myeloid cell
14456.29	1564.0	0.6118	-0.0232	-0.0285	0.1465	-0.0408	cDC2
14453.79	1492.5	-0.0544	0.0024	-0.0174	0.8770	-0.0296	Myeloid cell
14450.79	1489.0	0.0027	-0.0168	-0.0267	0.8389	-0.0500	Myeloid cell
14400.79	1908.5	-0.0407	-0.0170	-0.0189	0.8511	-0.0333	Myeloid cell
14387.29	1660.0	0.4924	-0.0134	-0.0272	0.7080	-0.0558	Double pos cDC2
14380.29	1935.0	0.0326	-0.0354	-0.0380	0.7905	-0.0568	Myeloid cell
14378.29	1914.0	-0.0511	0.0062	-0.0138	0.8926	-0.0114	Myeloid cell
14370.79	1911.5	-0.0739	-0.0181	-0.0324	0.0137	0.6055	B cell
14367.79	1934.5	-0.0740	-0.0523	0.8242	-0.0377	-0.0471	cDC1
14363.29	1945.5	0.7295	-0.0465	-0.0539	0.2333	-0.0709	cDC2
14361.29	1442.0	0.4019	0.0104	0.0045	0.9580	-0.0376	Double pos cDC2
14358.79	1570.5	0.0742	-0.0214	-0.0198	0.8662	-0.0568	Myeloid cell
14356.79	1885.0	-0.0250	-0.0128	-0.0275	0.8550	-0.0406	Myeloid cell
14353.79	1573.5	0.2542	-0.0077	-0.0235	0.8833	-0.0522	Myeloid cell
14349.29	1887.5	-0.0467	-0.0037	-0.0100	0.8428	-0.0288	Myeloid cell
14345.79	1905.0	0.7773	-0.0412	-0.0462	-0.0446	-0.0517	cDC2
14329.29	1880.0	-0.0320	0.0096	-0.0079	0.8901	-0.0215	Myeloid cell
14324.29	1445.5	-0.0505	0.0019	-0.0129	0.9106	-0.0307	Myeloid cell
14323.29	1449.0	0.0362	-0.0232	-0.0279	0.8477	-0.0507	Myeloid cell
14305.79	1540.0	-0.0648	-0.0038	0.0107	0.8188	-0.0146	Myeloid cell
14304.29	1486.5	-0.0763	-0.0156	-0.0313	0.8242	-0.0393	Myeloid cell
14303.29	1451.5	-0.0473	-0.0129	-0.0301	0.7754	-0.0472	Myeloid cell
14301.29	1479.5	-0.0784	-0.0098	-0.0264	0.8521	-0.0409	Myeloid cell
14299.79	1496.5	-0.0673	-0.0193	-0.0338	0.8311	-0.0453	Myeloid cell
14298.29	1594.0	-0.0630	-0.0100	-0.0230	0.8745	-0.0394	Myeloid cell
14295.29	1528.5	-0.0742	-0.0118	-0.0258	0.8408	-0.0391	Myeloid cell
14293.79	1876.5	0.8452	0.0148	-0.0199	0.8306	-0.0349	Double pos cDC2
14289.79	1900.5	0.5161	-0.0127	-0.0321	0.0177	-0.0139	cDC2
14282.79	1529.0	-0.0690	-0.0068	-0.0250	0.8364	-0.0330	Myeloid cell
14281.29	1990.5	-0.0194	0.0180	-0.0003	0.0852	0.6553	B cell
14279.79	1903.5	0.0622	0.0042	-0.0220	0.7661	-0.0533	Myeloid cell
14278.29	1985.0	-0.0698	-0.0259	-0.0322	0.7007	-0.0291	Myeloid cell
14276.79	1523.0	-0.0587	0.0017	-0.0149	0.8862	-0.0242	Myeloid cell
14274.29	1778.0	0.0471	-0.0292	-0.0473	0.7437	-0.0411	Myeloid cell
14273.79	1516.5	-0.0091	-0.0223	-0.0364	0.6445	-0.0342	Myeloid cell
14272.79	1538.5	-0.0945	-0.0141	-0.0665	0.7031	-0.0246	Myeloid cell
14272.29	1549.5	-0.0760	-0.0059	-0.0234	0.8770	-0.0363	Myeloid cell
14270.29	1983.5	-0.0302	0.0092	-0.0161	0.6479	-0.0110	Myeloid cell
14269.79	1531.0	-0.0822	-0.0089	-0.0266	0.8354	-0.0186	Myeloid cell
14264.79	1825.0	-0.0521	0.0045	-0.0083	-0.0017	0.8696	B cell
14263.79	1896.5	0.0337	-0.0128	-0.0115	0.8374	-0.0426	Myeloid cell
14263.79	1840.5	-0.0941	-0.0792	0.7124	-0.0674	-0.0701	cDC1
14263.79	1612.5	-0.0330	0.0028	-0.0107	0.8843	-0.0297	Myeloid cell
14261.29	1902.5	0.0127	-0.0327	-0.0355	0.7280	-0.0621	Myeloid cell
14247.29	1842.0	-0.0702	-0.0539	0.7578	-0.0500	-0.0513	cDC1
14242.29	1975.5	0.0998	0.0193	-0.0013	0.5640	-0.0031	Myeloid cell
14230.29	1920.0	0.3735	-0.0080	-0.0304	0.7949	-0.0478	Myeloid cell
14227.29	1893.5	0.1598	-0.0246	-0.0346	0.8340	-0.0548	Myeloid cell
14227.29	1534.0	-0.0694	0.0030	-0.0143	0.9487	-0.0306	Myeloid cell
14223.79	1814.0	0.2191	0.0073	-0.0193	0.7256	0.0013	Myeloid cell
14222.29	1860.5	0.3164	0.0014	-0.0210	0.8760	-0.0392	Myeloid cell
14221.79	1618.5	0.3718	-0.0134	-0.0370	0.6929	-0.0581	Myeloid cell
14221.29	1482.5	-0.0815	-0.0263	-0.0385	0.7822	-0.0519	Myeloid cell
14219.79	1891.0	-0.0675	-0.0362	-0.0434	0.6714	-0.0534	Myeloid cell
14219.79	1853.0	0.2742	-0.0037	-0.0165	0.8101	-0.0518	Myeloid cell
14219.79	1468.0	-0.0740	-0.0133	-0.0284	0.8262	-0.0371	Myeloid cell
14219.29	1594.0	-0.0668	-0.0060	-0.0207	0.8662	-0.0346	Myeloid cell
14217.29	1482.0	-0.1039	-0.0495	-0.0591	0.7202	-0.0596	Myeloid cell
14215.29	1887.5	-0.0876	-0.0190	-0.0528	0.7368	-0.0526	Myeloid cell
14198.29	1395.0	-0.0468	0.0081	-0.0081	0.9561	-0.0260	Myeloid cell
14197.29	1841.0	0.0273	-0.0339	-0.0278	-0.0010	0.5830	B cell
14196.79	1897.0	0.0200	-0.0349	-0.0488	0.7109	-0.0526	Myeloid cell
14196.29	1378.5	-0.0758	-0.0057	-0.0224	0.8838	-0.0377	Myeloid cell
14192.29	1550.0	-0.0594	0.0121	-0.0049	0.9595	-0.0235	Myeloid cell
14181.29	1374.5	0.0222	-0.0046	-0.0073	0.8613	-0.0423	Myeloid cell
14176.79	1562.0	0.1153	0.0136	0.0018	0.7710	-0.0279	Myeloid cell
14172.79	1376.5	-0.0053	0.0002	-0.0097	0.8774	-0.0185	Myeloid cell
14164.79	1884.5	0.1011	0.0017	0.3975	-0.0321	-0.0284	Other cell
14163.79	1864.0	-0.0425	-0.0400	0.6577	0.1153	-0.0296	cDC1
14158.29	1360.0	0.3665	-0.0101	0.0057	0.8379	-0.0556	Myeloid cell
14156.29	1599.5	-0.0605	-0.0091	-0.0178	0.6729	-0.0247	Myeloid cell
14152.29	1849.0	-0.0571	-0.0370	0.7925	-0.0298	-0.0374	cDC1
14152.29	1617.5	0.0090	-0.0020	-0.0058	0.8496	-0.0263	Myeloid cell
14146.79	1968.5	0.0924	-0.0333	-0.0363	0.7676	-0.0591	Myeloid cell
14143.79	1978.0	-0.0786	-0.0484	0.7607	-0.0459	-0.0458	cDC1
14139.79	1619.5	-0.0724	-0.0079	-0.0232	0.8696	-0.0378	Myeloid cell
14138.29	1975.0	-0.0493	-0.0298	0.5439	0.0090	-0.0311	cDC1
14137.29	1598.5	-0.0554	0.0031	-0.0076	0.8545	-0.0294	Myeloid cell
14123.29	1610.5	-0.0413	0.0201	-0.0026	0.9937	-0.0183	Myeloid cell
14119.29	1963.0	-0.0707	-0.0043	-0.0356	0.7446	-0.0513	Myeloid cell
14105.29	1750.0	-0.0489	-0.0153	-0.0394	0.7788	-0.0524	Myeloid cell
14104.79	1975.5	-0.0545	-0.0220	0.9189	-0.0087	-0.0246	cDC1
14099.29	1973.5	-0.0718	-0.0367	0.8682	-0.0247	-0.0298	cDC1
14068.29	1600.0	0.0607	0.0509	0.0074	0.9761	-0.0001	Myeloid cell
14066.29	1692.0	0.1721	0.0006	0.0211	0.7471	-0.0206	Myeloid cell
14062.79	1700.0	0.2230	0.0044	-0.0220	0.7329	-0.0029	Myeloid cell
14034.29	1879.0	-0.0521	0.0009	-0.0142	0.8457	-0.0227	Myeloid cell
14027.79	1889.5	0.4255	-0.0077	-0.0232	0.5215	0.0057	Double pos cDC2
14986.79	556.5	-0.0623	-0.0408	0.7422	-0.0358	-0.0340	cDC1
14979.29	644.0	-0.0495	0.0017	-0.0126	0.7812	-0.0228	Myeloid cell
14955.79	576.5	-0.0540	0.0070	-0.0104	0.8945	-0.0187	Myeloid cell
14952.79	555.0	-0.0881	-0.0302	-0.0428	0.7349	-0.0410	Myeloid cell
14895.79	590.5	0.0096	0.0082	0.3579	0.3015	0.0038	Other cell
14844.79	620.0	0.1066	0.0170	0.0032	0.6167	0.0133	Myeloid cell
14837.79	599.5	-0.0682	-0.0028	-0.0191	0.8652	-0.0332	Myeloid cell
14828.79	490.0	0.1536	0.0291	-0.0074	0.9380	-0.0190	Myeloid cell
14822.29	489.0	-0.0488	0.0059	0.0054	0.8481	0.0122	Myeloid cell
14816.79	528.5	-0.0582	-0.0225	-0.0314	0.7031	-0.0281	Myeloid cell
14812.79	616.0	-0.0375	0.0179	0.0023	0.8667	-0.0087	Myeloid cell
14765.79	665.5	0.2310	-0.0006	-0.0099	0.7871	-0.0310	Myeloid cell
14744.29	633.0	-0.0610	-0.0513	0.6641	-0.0660	-0.0561	cDC1
14638.79	655.0	-0.0310	0.0149	-0.0005	0.7563	-0.0090	Myeloid cell
14578.29	418.0	0.1766	-0.0084	0.0066	0.9062	-0.0663	Myeloid cell
14561.79	486.5	0.1396	0.0067	-0.0084	0.8984	-0.0269	Myeloid cell
14540.29	588.5	0.0033	-0.0313	0.0059	0.6182	0.0121	Myeloid cell
14533.79	601.5	-0.0596	0.0054	-0.0131	0.8525	-0.0224	Myeloid cell
15021.79	669.0	-0.0671	-0.0400	0.7905	-0.0345	-0.0384	cDC1
15017.29	970.5	-0.0401	-0.0003	-0.0091	0.7241	-0.0161	Myeloid cell
15013.29	1221.5	-0.0552	-0.0030	-0.0169	0.8389	-0.0280	Myeloid cell
15004.29	1259.5	-0.0712	-0.0016	-0.0171	0.8921	-0.0345	Myeloid cell
14994.29	900.5	0.1403	-0.0020	-0.0151	0.9136	-0.0396	Myeloid cell
14980.79	814.0	-0.0616	0.0006	-0.0112	0.8828	-0.0257	Myeloid cell
14962.79	1178.0	0.0381	0.0042	-0.0000	0.6880	-0.0117	Myeloid cell
14958.29	918.5	-0.0686	-0.0040	-0.0195	0.8784	-0.0310	Myeloid cell
14956.29	938.5	-0.0698	-0.0008	-0.0169	0.9253	-0.0353	Myeloid cell
14954.29	1098.5	-0.0372	-0.0011	-0.0002	0.8677	-0.0236	Myeloid cell
14952.29	1025.0	-0.0764	-0.0074	-0.0221	0.9038	-0.0382	Myeloid cell
14945.79	720.0	0.3120	-0.0014	-0.0090	0.8789	-0.0314	Myeloid cell
14943.79	1041.0	-0.0227	0.0026	-0.0129	0.8872	-0.0259	Myeloid cell
14923.29	1296.5	-0.0410	-0.0253	-0.0182	0.7686	-0.0490	Myeloid cell
14920.79	1120.0	-0.0530	0.0172	-0.0051	0.9946	-0.0239	Myeloid cell
14912.29	1090.0	-0.0709	-0.0100	-0.0245	0.8677	-0.0387	Myeloid cell
14907.29	865.0	0.0315	0.0059	-0.0068	0.8848	-0.0149	Myeloid cell
14905.29	996.5	-0.0497	0.0100	-0.0046	0.9209	-0.0182	Myeloid cell
14901.79	1198.5	-0.0778	-0.0086	-0.0229	0.8813	-0.0400	Myeloid cell
14901.29	1065.5	-0.0574	0.0046	-0.0106	0.9014	-0.0236	Myeloid cell
14894.79	815.5	0.6025	0.0111	-0.0126	0.9399	-0.0394	Double pos cDC2
14893.29	957.5	-0.0698	-0.0038	-0.0194	0.8975	-0.0358	Myeloid cell
14891.29	1010.0	-0.0468	0.0012	-0.0104	0.7983	-0.0217	Myeloid cell
14880.79	903.5	-0.0686	-0.0116	-0.0173	0.8608	-0.0433	Myeloid cell
14879.79	1026.0	-0.0620	-0.0019	-0.0174	0.8359	-0.0284	Myeloid cell
14836.79	1225.0	0.5972	-0.0287	-0.0463	0.7314	-0.0710	Double pos cDC2
14824.29	1177.5	-0.0729	-0.0064	-0.0214	0.8755	-0.0376	Myeloid cell
14805.29	840.0	-0.0786	-0.0081	-0.0240	0.8823	-0.0410	Myeloid cell
14787.29	679.0	-0.0538	0.0090	-0.0083	0.9199	-0.0182	Myeloid cell
14778.79	1334.5	0.4619	0.0076	-0.0002	0.9385	-0.0469	Double pos cDC2
14776.29	672.5	-0.0917	-0.0421	-0.0529	0.7324	-0.0589	Myeloid cell
14761.29	686.5	-0.0282	-0.0331	0.4351	-0.0285	-0.0252	cDC1
14760.29	766.5	0.3130	0.0270	0.0057	0.0437	0.0121	Other cell
14749.79	1073.0	-0.0624	-0.0095	-0.0272	0.8555	-0.0401	Myeloid cell
14748.29	719.0	-0.1003	-0.0115	0.0096	0.6636	0.0095	Myeloid cell
14742.79	711.5	0.0065	0.0066	0.0028	0.8975	-0.0234	Myeloid cell
14688.29	1038.0	0.3750	0.0115	-0.0035	0.9785	-0.0413	Myeloid cell
14663.79	1110.5	0.3584	-0.0136	-0.0119	0.7412	-0.0631	Myeloid cell
14654.29	772.5	0.0443	-0.0499	0.0072	0.8398	-0.0521	Myeloid cell
14653.79	1080.5	-0.0172	-0.0149	-0.0630	0.7407	-0.0610	Myeloid cell
14653.79	682.5	0.0660	-0.0195	-0.0310	0.6528	-0.0351	Myeloid cell
14631.79	1159.5	0.2534	-0.0023	-0.0170	0.9141	-0.0427	Myeloid cell
14612.29	1315.0	0.4900	-0.0089	-0.0065	0.6802	-0.0435	Double pos cDC2
14611.29	862.0	-0.0146	-0.0180	-0.0542	0.6860	-0.0460	Myeloid cell
14578.29	1049.5	0.3804	-0.0468	0.0108	0.6074	-0.0771	Myeloid cell
14545.29	1282.5	0.5259	-0.0114	-0.0251	0.0226	-0.0304	cDC2
14545.29	723.0	-0.0537	-0.0105	-0.0223	0.8154	-0.0349	Myeloid cell
14529.79	790.0	-0.0617	0.0087	-0.0304	0.6260	-0.0291	Myeloid cell
15021.79	1604.5	-0.0774	-0.0140	-0.0267	0.8418	-0.0412	Myeloid cell
15021.79	1382.5	0.0310	-0.0333	-0.0361	0.5254	-0.0498	Myeloid cell
15018.29	1401.0	-0.0402	0.0235	-0.0062	0.9146	-0.0125	Myeloid cell
14990.29	1897.5	-0.0656	-0.0127	-0.0245	0.8032	-0.0346	Myeloid cell
14983.29	1641.0	-0.0605	0.0123	-0.0058	0.9858	-0.0276	Myeloid cell
14975.79	1824.0	0.2046	0.0021	-0.0175	0.9302	-0.0403	Myeloid cell
14975.29	1738.5	0.1870	0.0254	-0.0058	0.9409	-0.0208	Myeloid cell
14963.29	1746.0	0.0143	-0.0398	-0.0129	0.8257	-0.0568	Myeloid cell
14960.29	1483.5	-0.0781	-0.0210	-0.0339	0.8101	-0.0457	Myeloid cell
14949.79	1859.0	-0.0046	0.0246	0.0670	0.5879	0.0115	Myeloid cell
14947.79	1602.0	-0.0277	-0.0004	-0.0539	0.7876	-0.0591	Myeloid cell
14946.29	1879.5	0.0839	-0.0193	-0.0416	0.6401	-0.0567	Myeloid cell
14940.29	1888.5	-0.0658	0.0061	-0.0136	0.8975	-0.0229	Myeloid cell
14936.79	1895.5	-0.0651	0.0006	-0.0156	0.8594	-0.0261	Myeloid cell
14936.29	1341.0	0.0170	0.0088	-0.0035	0.8359	-0.0164	Myeloid cell
14926.79	1923.5	-0.0522	0.0088	-0.0046	0.8633	-0.0162	Myeloid cell
14925.79	1891.5	-0.1455	0.0221	-0.0252	0.6875	0.0387	Myeloid cell
14922.79	1631.0	0.0580	-0.0090	0.0791	0.6235	-0.0282	Myeloid cell
14919.79	1969.0	-0.0148	0.0219	0.0066	0.9116	-0.0105	Myeloid cell
14918.79	1534.0	0.3330	0.0155	-0.0235	0.8374	-0.0214	Myeloid cell
14915.29	1963.5	-0.0540	-0.0069	-0.0203	0.6265	-0.0165	Myeloid cell
14913.29	1869.0	-0.0435	-0.0365	0.5820	-0.0326	-0.0328	cDC1
14912.29	1954.0	0.0638	0.0081	0.0032	0.8140	-0.0175	Myeloid cell
14906.29	1772.5	-0.0675	-0.0132	-0.0275	0.8481	-0.0385	Myeloid cell
14894.79	1819.5	-0.0723	-0.0029	-0.0190	0.9043	-0.0346	Myeloid cell
14884.79	1923.0	-0.0435	0.0067	0.0052	0.7305	-0.0128	Myeloid cell
14866.29	1948.0	-0.0076	-0.0228	-0.0352	0.6357	-0.0417	Myeloid cell
14856.79	1497.0	-0.0089	-0.0113	-0.0324	0.7891	-0.0434	Myeloid cell
14855.29	1784.5	-0.0375	-0.0022	-0.0178	0.6475	-0.0260	Myeloid cell
14852.29	1489.5	0.0570	-0.0019	-0.0134	0.8569	-0.0411	Myeloid cell
14848.79	1787.0	-0.0528	0.0118	-0.0060	0.9531	-0.0195	Myeloid cell
14846.29	1706.5	-0.0672	-0.0037	-0.0197	0.8481	-0.0311	Myeloid cell
14846.29	1537.0	-0.0532	-0.0045	-0.0152	0.8521	-0.0324	Myeloid cell
14831.29	1632.5	0.0066	-0.0617	-0.0015	0.6040	-0.0844	Myeloid cell
14830.29	1902.0	-0.0493	0.0170	-0.0029	0.9961	-0.0210	Myeloid cell
14821.79	1402.0	-0.0535	-0.0122	-0.0273	0.8467	-0.0278	Myeloid cell
14810.29	1677.0	-0.0790	-0.0078	-0.0264	0.8589	-0.0418	Myeloid cell
14808.79	1874.0	-0.0660	-0.0058	-0.0202	0.8330	-0.0299	Myeloid cell
14777.79	1861.5	-0.0235	-0.0022	-0.0230	-0.0046	0.9390	B cell
14771.29	1843.5	0.0141	-0.0182	-0.0342	0.8408	-0.0568	Myeloid cell
14766.29	1851.0	0.2607	0.0040	-0.0151	0.6763	-0.0335	Myeloid cell
14749.29	1344.5	-0.0553	0.0125	-0.0091	0.9707	-0.0268	Myeloid cell
14746.79	1777.0	-0.0532	0.0020	-0.0111	0.8374	-0.0185	Myeloid cell
14742.29	1338.0	-0.0667	-0.0044	-0.0190	0.8760	-0.0315	Myeloid cell
14715.29	1764.5	0.4961	-0.0043	-0.0372	0.6343	-0.0519	Double pos cDC2
14706.79	1530.0	0.4253	-0.0211	-0.0321	0.8022	-0.0559	Double pos cDC2
14704.29	1526.0	0.6191	-0.0162	-0.0185	0.7900	-0.0674	Double pos cDC2
14703.79	1386.5	-0.0698	0.0002	-0.0185	0.9111	-0.0337	Myeloid cell
14691.79	1843.0	0.2698	-0.0095	-0.0200	0.6172	-0.0362	Myeloid cell
14659.79	1419.0	0.0077	-0.0003	-0.0375	0.7041	-0.0367	Myeloid cell
14642.29	1354.5	-0.0591	0.0060	-0.0194	0.9370	-0.0378	Myeloid cell
14637.79	1379.5	-0.0617	-0.0223	0.5869	-0.0421	-0.0182	cDC1
14614.79	1587.0	0.1895	-0.0279	-0.0366	0.8247	-0.0611	Myeloid cell
14610.79	1613.5	-0.0800	-0.0083	-0.0039	0.6562	-0.0393	Myeloid cell
14609.29	1618.0	-0.0751	-0.0174	0.0088	0.5562	-0.0438	Myeloid cell
14995.79	2015.5	0.2186	-0.0098	-0.0417	0.6133	-0.0425	Myeloid cell
14986.29	2353.0	-0.0472	0.0167	-0.0010	0.9644	-0.0184	Myeloid cell
14975.29	2029.5	-0.0866	-0.0626	0.6021	-0.0750	-0.0538	cDC1
14968.29	2367.5	-0.0512	0.0127	-0.0044	0.9370	-0.0205	Myeloid cell
14964.29	2007.0	-0.0274	-0.0215	0.2446	0.0510	-0.0191	Other cell
14948.29	2014.0	0.0045	0.0183	-0.0060	0.6245	-0.0038	Myeloid cell
14943.29	2235.5	0.0102	0.0236	-0.0018	0.5962	-0.0001	Myeloid cell
14940.29	2341.0	0.2061	-0.0059	-0.0173	0.8203	-0.0286	Myeloid cell
14926.29	2110.5	-0.0291	0.0131	-0.0042	0.9272	-0.0169	Myeloid cell
14917.79	2245.0	0.0142	-0.0019	0.7314	-0.0070	-0.0142	cDC1
14881.29	2038.5	-0.0423	-0.0231	-0.0452	0.6455	-0.0540	Myeloid cell
14878.79	2057.0	0.0928	0.0040	0.5332	0.0748	0.0157	cDC1
14874.79	2061.5	-0.0046	0.0096	0.0231	0.7568	-0.0238	Myeloid cell
14863.29	2330.0	0.0671	0.0043	-0.0188	0.6509	-0.0059	Myeloid cell
14862.79	2007.0	0.2678	-0.0182	-0.0392	0.6333	-0.0509	Myeloid cell
14847.79	2293.0	-0.0590	-0.0032	-0.0172	0.8125	-0.0286	Myeloid cell
14841.29	2295.0	0.0294	-0.0046	-0.0183	0.7393	-0.0242	Myeloid cell
14815.29	2020.5	0.6060	0.0001	-0.0200	0.7070	-0.0422	Double pos cDC2
14760.29	2250.0	-0.0573	-0.0315	0.8110	-0.0237	-0.0322	cDC1
14758.29	2259.5	-0.0509	-0.0301	0.7988	-0.0273	-0.0301	cDC1
14752.79	2300.0	-0.0518	0.0109	-0.0061	0.9233	-0.0202	Myeloid cell
14740.29	2280.5	-0.0667	0.0005	-0.0194	0.8657	-0.0283	Myeloid cell
14736.29	2273.5	-0.0262	-0.0057	-0.0175	0.7710	-0.0227	Myeloid cell
14734.29	2283.0	-0.0551	-0.0273	-0.0510	0.7275	-0.0561	Myeloid cell
14733.79	2294.0	-0.0567	0.0114	-0.0085	0.9512	-0.0259	Myeloid cell
14732.29	2252.5	-0.0516	0.0088	-0.0080	0.9238	-0.0210	Myeloid cell
14731.79	2278.5	-0.0920	-0.0008	0.0089	0.6606	-0.0189	Myeloid cell
14731.29	2270.5	-0.0662	-0.0080	-0.0233	0.8076	-0.0312	Myeloid cell
14727.79	2327.0	-0.0572	0.0142	-0.0046	0.9673	-0.0213	Myeloid cell
14725.79	2197.5	0.5151	0.0109	-0.0074	0.0700	-0.0406	cDC2
14724.79	2283.5	-0.0494	0.0030	-0.0119	0.8403	0.0080	Myeloid cell
14718.79	2191.0	0.8442	-0.0390	-0.0482	0.1020	-0.0670	cDC2
14712.79	2249.0	-0.0668	-0.0080	-0.0292	0.7710	-0.0416	Myeloid cell
14707.79	2282.5	0.0138	0.0245	0.0133	0.5225	0.0673	Myeloid cell
14707.29	2248.5	-0.0564	-0.0183	-0.0300	0.7085	-0.0503	Myeloid cell
14706.79	2275.5	-0.0722	-0.0270	-0.0405	0.7642	-0.0497	Myeloid cell
14702.79	2230.5	-0.0619	-0.0183	-0.0518	0.6099	-0.0433	Myeloid cell
14702.29	2273.5	-0.0412	0.0087	-0.0068	0.9258	-0.0171	Myeloid cell
14698.29	2266.0	-0.0315	0.0197	0.0002	0.9160	-0.0106	Myeloid cell
14696.79	2245.5	-0.0465	-0.0195	0.8960	-0.0082	-0.0224	cDC1
14695.79	2234.0	0.0595	0.0256	-0.0351	0.7661	-0.0436	Myeloid cell
14681.29	2257.5	-0.0231	0.0201	0.0033	0.7139	-0.0016	Myeloid cell
14671.79	2267.5	-0.0583	-0.0021	-0.0036	0.7705	-0.0183	Myeloid cell
14664.79	2265.5	0.0024	0.0034	-0.0119	0.6865	-0.0144	Myeloid cell
14650.29	2205.0	0.1064	0.0336	0.0190	0.9121	-0.0066	Myeloid cell
14634.79	2198.5	-0.0527	-0.0269	0.9277	-0.0149	-0.0300	cDC1
14630.79	2242.5	-0.0404	0.0038	-0.0086	0.8877	-0.0219	Myeloid cell
14617.29	2201.5	-0.0189	-0.0098	-0.0636	0.6387	-0.0637	Myeloid cell
14609.79	2243.5	-0.0303	0.0085	-0.0048	0.8828	-0.0138	Myeloid cell
14598.29	2207.0	-0.0715	-0.0574	0.6084	-0.0458	-0.0457	cDC1
14597.79	2229.0	0.5869	0.0065	-0.0298	0.6372	-0.0420	Double pos cDC2
14589.29	2195.0	-0.0547	-0.0291	0.8657	-0.0202	-0.0299	cDC1
14579.29	2178.5	-0.0397	0.0140	0.0018	0.9033	-0.0152	Myeloid cell
14573.29	2221.5	-0.0622	-0.0398	0.8027	-0.0277	-0.0371	cDC1
14570.29	2215.5	-0.0519	-0.0220	0.8809	-0.0114	-0.0253	cDC1
14563.79	2220.5	-0.0135	-0.0247	0.6475	-0.0078	-0.0119	cDC1
14561.79	2216.0	0.0629	-0.0117	0.5659	-0.0155	0.0033	cDC1
14548.29	2211.5	0.0789	-0.0017	-0.0208	0.8076	-0.0251	Myeloid cell
14546.79	2194.0	0.0298	0.0135	-0.0310	0.5991	-0.0304	Myeloid cell
14545.79	2160.5	-0.0179	0.0167	0.0070	0.8276	-0.0095	Myeloid cell
14538.79	2175.0	0.8198	-0.0305	-0.0392	-0.0260	-0.0388	cDC2
14534.29	2198.5	-0.0447	0.4873	-0.0371	-0.0200	-0.0355	pDC
14532.29	2211.5	-0.0315	0.0038	-0.0124	0.8628	-0.0189	Myeloid cell
14526.29	2210.0	-0.0084	-0.0078	-0.0543	0.6274	-0.0495	Myeloid cell
14524.29	2183.5	-0.0526	0.0038	-0.0121	0.8857	-0.0229	Myeloid cell
15444.79	527.5	0.0424	0.0328	0.0058	0.9565	-0.0073	Myeloid cell
15435.79	534.5	-0.0529	0.0026	-0.0117	0.9082	-0.0259	Myeloid cell
15236.79	523.0	0.8574	-0.0259	-0.0412	0.0238	-0.0365	cDC2
15210.79	437.5	-0.0898	-0.0290	0.0512	0.5112	-0.0461	Myeloid cell
15201.79	434.5	-0.0191	0.0394	0.0115	0.5557	-0.0003	Myeloid cell
15133.79	571.5	0.7002	-0.0235	-0.0374	0.3267	-0.0606	cDC2
15101.79	568.0	-0.0847	-0.0586	0.6221	-0.0577	-0.0507	cDC1
15070.29	587.0	0.0026	0.0094	-0.0242	0.8242	-0.0202	Myeloid cell
15068.79	630.0	-0.0304	-0.0269	0.7466	-0.0324	-0.0304	cDC1
15067.29	650.0	-0.0514	0.0132	-0.0063	0.9414	-0.0228	Myeloid cell
15063.29	655.5	-0.0600	-0.0166	-0.0345	0.7485	-0.0442	Myeloid cell
15058.29	650.5	-0.0424	0.0031	-0.0133	0.8354	-0.0237	Myeloid cell
15038.79	499.0	0.7534	-0.0278	-0.0185	0.1160	-0.0399	cDC2
15521.79	1318.0	-0.0403	0.0001	-0.0486	0.7383	0.0079	Myeloid cell
15507.29	1168.0	-0.0728	-0.0587	0.6353	-0.0565	-0.0571	cDC1
15504.29	876.5	0.6924	-0.0013	0.0138	0.1527	-0.0176	cDC2
15499.29	882.5	-0.0181	-0.0187	0.4280	-0.0181	-0.0229	cDC1
15487.29	1180.0	-0.0403	0.0092	-0.0062	0.9009	-0.0145	Myeloid cell
15463.29	1179.0	-0.0637	0.0024	-0.0146	0.9209	-0.0273	Myeloid cell
15456.79	1181.5	-0.1016	-0.0342	0.2377	0.4404	-0.0344	Myeloid cell
15431.29	1043.0	-0.0582	-0.0014	-0.0173	0.8403	-0.0205	Myeloid cell
15394.29	717.0	-0.0340	-0.0228	0.4834	-0.0294	-0.0297	cDC1
15374.79	1052.5	-0.0323	0.0019	-0.0155	0.7637	-0.0163	Myeloid cell
15361.79	743.0	0.4648	0.0098	-0.0066	0.9175	-0.0327	Double pos cDC2
15348.79	816.0	-0.0420	-0.0367	0.7832	-0.0400	-0.0403	cDC1
15304.79	1329.0	-0.0345	-0.0039	-0.0155	0.9077	-0.0365	Myeloid cell
15201.29	821.5	0.1599	-0.0278	0.0227	0.9053	-0.0454	Myeloid cell
15191.29	1313.0	-0.0496	-0.0012	-0.0152	0.7441	-0.0249	Myeloid cell
15156.29	1327.5	-0.0437	-0.0055	-0.0144	0.8745	-0.0358	Myeloid cell
15143.79	1082.5	0.0573	-0.0170	-0.0311	0.6821	-0.0533	Myeloid cell
15138.29	827.5	-0.0084	-0.0192	-0.0345	0.8530	-0.0546	Myeloid cell
15135.29	1309.0	-0.0558	0.0065	-0.0094	0.9482	-0.0222	Myeloid cell
15129.79	1270.5	-0.0721	-0.0047	-0.0202	0.8950	-0.0355	Myeloid cell
15127.29	827.0	0.2761	0.0071	0.0385	0.7358	-0.0046	Myeloid cell
15125.79	1294.0	-0.0753	-0.0068	-0.0228	0.8804	-0.0374	Myeloid cell
15124.79	868.5	-0.0305	-0.0352	0.4563	0.0441	-0.0312	cDC1
15108.29	826.0	0.2566	-0.0142	-0.0322	0.5771	-0.0572	Myeloid cell
15092.29	1136.0	0.4343	0.0108	0.0146	0.6606	-0.0254	Double pos cDC2
15088.29	1219.5	0.1378	0.0287	-0.0120	0.9341	-0.0203	Myeloid cell
15087.79	1278.0	-0.0440	0.0127	-0.0072	0.9473	-0.0225	Myeloid cell
15081.79	1224.5	0.0105	0.0071	-0.0231	0.6143	-0.0274	Myeloid cell
15081.29	905.0	0.0242	-0.0114	-0.0313	0.7715	-0.0349	Myeloid cell
15076.79	899.5	0.0009	-0.0038	-0.0195	0.7456	-0.0282	Myeloid cell
15076.29	931.5	0.1099	-0.0124	-0.0174	0.8384	-0.0422	Myeloid cell
15072.29	936.5	0.1471	-0.0030	-0.0224	0.9136	-0.0467	Myeloid cell
15070.79	1128.5	-0.0723	-0.0027	-0.0184	0.8911	-0.0340	Myeloid cell
15069.29	846.5	0.6270	0.0161	-0.0144	0.6797	-0.0320	Double pos cDC2
15065.79	1220.0	-0.0569	0.0082	-0.0110	0.8262	-0.0204	Myeloid cell
15061.79	847.0	-0.0177	-0.0013	0.0225	0.6489	-0.0188	Myeloid cell
15058.79	1222.0	0.0210	-0.0161	-0.0089	0.8647	-0.0392	Myeloid cell
15043.29	1274.5	-0.0714	-0.0023	-0.0176	0.8901	-0.0332	Myeloid cell
15036.29	1187.0	-0.0135	0.0180	-0.0114	0.9673	-0.0288	Myeloid cell
15024.29	1296.0	-0.0638	-0.0012	-0.0164	0.8740	-0.0263	Myeloid cell
15521.79	1473.5	-0.0481	0.0147	-0.0106	0.9443	-0.0257	Myeloid cell
15521.79	1466.5	-0.0660	-0.0093	-0.0235	0.8589	-0.0379	Myeloid cell
15521.79	1395.0	-0.0307	-0.0220	-0.0587	0.6699	-0.0716	Myeloid cell
15515.79	1372.5	0.1046	-0.0504	-0.0338	0.6855	-0.0751	Myeloid cell
15514.29	1419.0	0.0586	-0.0062	-0.0313	0.7139	-0.0396	Myeloid cell
15508.79	1392.0	-0.0031	0.0025	-0.0118	0.6196	-0.0256	Myeloid cell
15505.79	1387.0	0.1125	-0.0076	-0.0201	0.6924	-0.0308	Myeloid cell
15502.79	1439.5	-0.0125	0.0172	0.0080	0.8115	-0.0046	Myeloid cell
15496.29	1511.0	-0.0733	-0.0030	-0.0193	0.8867	-0.0359	Myeloid cell
15495.29	1899.0	0.0835	-0.0457	-0.0300	0.8433	-0.0504	Myeloid cell
15468.29	1536.0	-0.0421	-0.0014	-0.0113	0.8813	-0.0279	Myeloid cell
15462.79	1899.5	-0.0515	0.0143	-0.0076	0.9521	-0.0189	Myeloid cell
15462.29	1892.0	-0.0525	-0.0137	-0.0191	0.8438	-0.0382	Myeloid cell
15461.79	1716.0	0.0610	-0.0143	-0.0158	0.6812	-0.0829	Myeloid cell
15446.29	1435.0	-0.0756	-0.0346	0.0081	0.6426	0.0103	Myeloid cell
15445.29	1829.5	0.0558	-0.0030	-0.0085	0.7554	-0.0459	Myeloid cell
15443.79	1699.5	0.0412	0.0459	0.3113	0.0842	0.0334	Other cell
15442.29	1711.5	0.0450	-0.0280	0.0076	0.6553	-0.0481	Myeloid cell
15427.29	1740.0	-0.0765	-0.0095	-0.0248	0.8560	-0.0410	Myeloid cell
15421.79	1836.5	-0.1208	-0.0412	0.1860	0.3779	-0.0027	Other cell
15419.79	1826.0	-0.0574	-0.0040	-0.0222	0.7896	-0.0222	Myeloid cell
15387.79	1786.0	-0.0344	0.0202	0.0017	1.0000	-0.0141	Myeloid cell
15378.79	1770.5	-0.0525	0.0034	-0.0108	0.8901	-0.0209	Myeloid cell
15374.29	1634.5	-0.0654	-0.0048	-0.0205	0.8179	-0.0331	Myeloid cell
15371.29	1389.5	-0.0676	-0.0007	-0.0175	0.8652	-0.0310	Myeloid cell
15370.29	1745.0	-0.0722	-0.0205	0.0226	0.4688	-0.0083	Myeloid cell
15351.79	1551.5	-0.0812	-0.0226	-0.0346	0.7852	-0.0449	Myeloid cell
15348.79	1919.5	-0.0414	-0.0218	-0.0425	0.7554	-0.0477	Myeloid cell
15345.79	1373.5	0.1627	0.0015	-0.0238	0.8584	-0.0335	Myeloid cell
15332.29	1363.0	-0.0460	0.0130	-0.0039	0.9707	-0.0219	Myeloid cell
15319.79	1470.0	-0.0773	-0.0101	-0.0253	0.8452	-0.0417	Myeloid cell
15272.79	1581.0	-0.0555	-0.0154	-0.0257	0.6689	-0.0299	Myeloid cell
15255.29	1750.0	-0.0246	-0.0179	-0.0305	0.7720	-0.0512	Myeloid cell
15252.79	1389.0	-0.0579	0.0142	-0.0043	0.9829	-0.0228	Myeloid cell
15249.79	1656.0	-0.0664	-0.0069	-0.0225	0.8325	-0.0307	Myeloid cell
15243.79	1413.0	-0.0718	-0.0037	-0.0193	0.8833	-0.0363	Myeloid cell
15233.29	1477.0	-0.0744	-0.0043	-0.0208	0.8911	-0.0379	Myeloid cell
15223.29	1633.0	-0.0290	-0.0269	-0.0459	0.7695	-0.0567	Myeloid cell
15218.29	1500.0	-0.0493	0.0084	-0.0078	0.8853	-0.0193	Myeloid cell
15209.79	1977.0	-0.0401	0.0152	0.0001	0.9233	-0.0114	Myeloid cell
15190.29	1687.5	-0.0470	0.0077	-0.0093	0.9146	-0.0203	Myeloid cell
15181.79	1798.0	0.5874	-0.0422	-0.0592	0.0206	-0.0540	cDC2
15179.79	1381.0	-0.0322	0.0245	-0.0053	1.0381	-0.0259	Myeloid cell
15173.79	1366.5	-0.0576	-0.0055	-0.0185	0.7847	-0.0273	Myeloid cell
15153.29	1482.0	-0.0747	-0.0138	-0.0271	0.8086	-0.0361	Myeloid cell
15118.79	1602.0	-0.0732	-0.0106	-0.0249	0.8564	-0.0410	Myeloid cell
15079.29	1916.0	0.4578	0.0100	0.0099	0.8247	-0.0308	Double pos cDC2
15041.79	1460.0	-0.0455	-0.0108	-0.0324	0.7573	-0.0397	Myeloid cell
15033.29	1724.0	-0.0387	0.0110	-0.0042	0.9307	-0.0180	Myeloid cell
15027.79	1393.0	0.0861	0.0049	-0.0169	0.7295	-0.0393	Myeloid cell
15521.79	2181.0	0.0696	0.0074	-0.0045	0.7080	-0.0180	Myeloid cell
15505.29	2374.0	-0.0650	-0.0003	-0.0164	0.8799	-0.0329	Myeloid cell
15496.79	2372.5	-0.0692	-0.0128	-0.0275	0.8081	-0.0367	Myeloid cell
15493.79	2372.0	-0.0670	-0.0116	-0.0278	0.8086	-0.0367	Myeloid cell
15492.29	2225.0	0.4033	-0.0007	-0.0244	0.8232	-0.0432	Double pos cDC2
15486.29	2271.0	-0.0558	0.0065	-0.0096	0.9170	-0.0251	Myeloid cell
15481.29	2337.5	-0.0506	0.0156	-0.0112	0.9668	-0.0301	Myeloid cell
15480.29	2324.0	-0.0687	0.0033	-0.0161	0.9053	-0.0311	Myeloid cell
15475.79	2502.5	-0.0147	-0.0097	-0.0204	0.6802	-0.0356	Myeloid cell
15474.79	2510.5	-0.0616	-0.0113	-0.0260	0.8242	-0.0345	Myeloid cell
15472.79	2336.5	-0.0609	-0.0039	-0.0187	0.8315	-0.0193	Myeloid cell
15471.29	2345.5	-0.0513	0.0106	-0.0070	0.9248	-0.0167	Myeloid cell
15469.79	2353.5	-0.0754	-0.0105	-0.0240	0.8262	-0.0428	Myeloid cell
15461.29	2183.0	0.0488	0.0190	-0.0041	0.8794	-0.0059	Myeloid cell
15460.29	2335.0	0.7754	-0.0086	-0.0335	0.4539	-0.0226	Double pos cDC2
15459.29	2352.0	-0.0943	-0.0312	-0.0015	0.5674	-0.0526	Myeloid cell
15451.29	2399.0	-0.0407	0.0112	-0.0024	0.9355	-0.0188	Myeloid cell
15449.29	2334.0	-0.0479	0.0063	-0.0111	0.8779	-0.0201	Myeloid cell
15448.29	2340.0	-0.0838	-0.0594	0.5396	-0.0245	-0.0425	cDC1
15440.79	2496.0	-0.0222	0.0264	0.0038	0.8828	-0.0169	Myeloid cell
15437.79	2365.0	-0.0536	-0.0071	-0.0190	0.7754	-0.0377	Myeloid cell
15435.79	2489.5	0.0017	-0.0530	0.0321	0.7373	-0.0604	Myeloid cell
15432.29	2362.0	-0.0523	0.0131	-0.0049	0.9268	-0.0163	Myeloid cell
15431.79	2460.0	-0.0515	0.0051	-0.0115	0.9009	-0.0242	Myeloid cell
15427.29	2349.0	0.0746	-0.0334	-0.0371	-0.0129	0.7734	B cell
15419.29	2358.5	-0.0547	0.0068	-0.0097	0.9028	-0.0188	Myeloid cell
15419.29	2089.0	-0.0346	0.0153	0.0021	0.9082	-0.0122	Myeloid cell
15387.79	2359.0	-0.0588	0.0155	-0.0113	0.1139	0.9429	B cell
15387.29	2366.0	-0.0480	-0.0018	-0.0158	0.0060	0.9424	B cell
15385.79	2375.5	-0.0600	-0.0102	-0.0242	-0.0047	0.8398	B cell
15377.79	2323.5	-0.0426	0.0044	-0.0124	0.9131	-0.0264	Myeloid cell
15377.29	2376.0	-0.0519	0.0129	-0.0052	0.9502	-0.0197	Myeloid cell
15367.79	2381.0	-0.0513	0.0030	-0.0132	0.8770	-0.0232	Myeloid cell
15352.79	2453.0	-0.0547	-0.0099	-0.0187	0.8438	-0.0309	Myeloid cell
15351.79	2333.5	0.0153	0.0150	-0.0087	0.7495	-0.0030	Myeloid cell
15345.79	2109.0	-0.0464	-0.0102	-0.0188	0.8438	-0.0363	Myeloid cell
15345.29	2494.5	0.0131	-0.0062	-0.0224	0.6641	-0.0234	Myeloid cell
15344.29	2393.0	-0.0436	0.0064	0.0099	0.6631	-0.0158	Myeloid cell
15332.79	2334.0	-0.0624	-0.0185	-0.0270	0.7979	-0.0433	Myeloid cell
15324.79	2348.0	-0.0306	-0.0519	0.4106	0.5693	-0.0526	Invalid
15323.29	2416.5	-0.0426	-0.0436	-0.0211	0.6226	-0.0583	Myeloid cell
15318.29	2213.5	0.1473	-0.0153	-0.0181	0.6704	-0.0528	Myeloid cell
15317.29	2219.5	-0.0153	0.0094	-0.0026	0.8887	-0.0168	Myeloid cell
15313.29	2121.0	0.9131	-0.0123	-0.0238	-0.0094	-0.0216	cDC2
15288.79	2150.5	-0.0239	-0.0350	-0.0275	0.7646	-0.0577	Myeloid cell
15288.29	2416.5	-0.0320	-0.0134	-0.0116	0.5674	-0.0288	Myeloid cell
15286.79	2075.0	-0.0698	-0.0199	-0.0251	0.8364	-0.0317	Myeloid cell
15282.79	2082.5	-0.0809	0.0157	-0.0197	0.7480	-0.0139	Myeloid cell
15279.29	2424.0	-0.0140	-0.0046	-0.0335	0.7778	-0.0488	Myeloid cell
15278.29	2474.0	-0.0096	0.0223	-0.0024	0.6270	-0.0008	Myeloid cell
15259.79	2463.0	-0.0419	-0.0005	-0.0168	0.8838	-0.0289	Myeloid cell
15255.79	2353.5	-0.0584	0.0055	-0.0110	0.8882	-0.0220	Myeloid cell
15248.29	2350.5	-0.0513	-0.0024	-0.0163	0.8306	-0.0202	Myeloid cell
15226.29	2414.0	0.0228	-0.0161	-0.0196	0.7168	-0.0560	Myeloid cell
15221.79	2464.0	0.0443	0.0341	-0.0052	0.7046	-0.0330	Myeloid cell
15220.79	2355.5	-0.0410	0.0013	-0.0034	0.6401	-0.0128	Myeloid cell
15207.29	2257.5	-0.0589	0.0034	-0.0134	0.9062	-0.0294	Myeloid cell
15200.29	2403.0	0.8418	-0.0170	-0.0324	0.3079	-0.0467	cDC2
15182.79	2053.0	-0.0482	-0.0050	-0.0226	0.8037	-0.0258	Myeloid cell
15181.29	2018.0	-0.0703	0.0028	-0.0153	0.9292	-0.0340	Myeloid cell
15175.79	2432.0	-0.0469	-0.0010	-0.0113	0.7397	-0.0197	Myeloid cell
15160.29	2425.5	-0.0657	-0.0425	0.8657	-0.0288	-0.0385	cDC1
15128.79	2376.5	-0.0763	-0.0192	-0.0317	0.7817	-0.0404	Myeloid cell
15126.79	2413.0	-0.0400	0.0142	-0.0029	0.9185	-0.0121	Myeloid cell
15108.29	2425.5	0.9194	-0.0135	-0.0252	-0.0007	-0.0278	cDC2
15102.29	2034.0	-0.0305	0.0188	0.0026	0.8652	-0.0057	Myeloid cell
15071.29	2401.5	-0.0657	-0.0448	0.8652	-0.0271	-0.0374	cDC1
15057.79	2079.0	0.1653	0.0048	-0.0253	0.8037	-0.0428	Myeloid cell
15053.29	2365.0	-0.0565	0.0094	-0.0084	0.9316	-0.0262	Myeloid cell
15051.79	2085.5	-0.0227	0.0171	-0.0088	0.9380	-0.0202	Myeloid cell
15539.79	577.5	-0.0600	-0.0227	0.9233	-0.0057	-0.0208	cDC1
16021.79	1284.0	0.2257	0.0408	-0.0056	0.9717	-0.0091	Myeloid cell
16021.79	1218.0	-0.1230	-0.0642	-0.0685	0.5898	-0.0781	Myeloid cell
16017.79	1220.5	-0.0086	-0.0132	-0.0349	0.6636	-0.0421	Myeloid cell
16014.29	1228.0	-0.0376	0.0152	-0.0167	0.5967	-0.0021	Myeloid cell
16009.29	1266.5	-0.0609	0.0087	-0.0077	0.9648	-0.0285	Myeloid cell
15993.29	1168.0	-0.0645	-0.0034	-0.0189	0.8608	-0.0326	Myeloid cell
15986.29	1262.5	-0.0644	0.0081	-0.0129	0.9536	-0.0293	Myeloid cell
15981.29	1146.0	-0.0696	-0.0049	-0.0200	0.8423	-0.0351	Myeloid cell
15980.29	1191.0	-0.0627	0.0108	-0.0099	0.9316	-0.0243	Myeloid cell
15978.29	1311.5	-0.0144	0.0055	-0.0225	0.7480	-0.0306	Myeloid cell
15970.29	1154.5	-0.0456	0.0174	-0.0063	0.9585	-0.0229	Myeloid cell
15963.29	1165.0	-0.0485	0.0247	0.0035	1.0225	-0.0143	Myeloid cell
15940.29	1064.0	-0.0641	-0.0093	-0.0149	0.7847	-0.0418	Myeloid cell
15915.79	1143.5	-0.0313	0.0118	-0.0054	0.7383	-0.0148	Myeloid cell
15908.79	1167.0	-0.0476	0.0026	-0.0091	0.8960	-0.0234	Myeloid cell
15891.79	1064.0	-0.0148	0.0027	0.6445	-0.0154	0.0050	cDC1
15879.29	1120.0	-0.0623	-0.0507	0.5996	-0.0422	-0.0393	cDC1
15860.29	1070.0	-0.0583	0.0021	-0.0157	0.8936	-0.0257	Myeloid cell
15857.79	1064.5	-0.0729	-0.0144	-0.0290	0.8232	-0.0410	Myeloid cell
15850.29	1057.5	0.0111	0.0053	-0.0434	0.6328	-0.0490	Myeloid cell
15839.29	1045.0	-0.0451	0.0084	-0.0073	0.8828	-0.0203	Myeloid cell
15829.29	1033.5	-0.0330	-0.0183	0.0248	0.7280	-0.0235	Myeloid cell
15821.79	983.5	-0.0586	-0.0050	-0.0192	0.8594	-0.0299	Myeloid cell
15813.79	1005.5	0.4741	-0.0198	0.0034	0.7744	-0.0568	Double pos cDC2
15799.79	1211.0	0.2974	-0.0317	0.0866	0.6821	-0.0430	Myeloid cell
15776.79	816.5	0.5596	0.0339	0.0101	0.9053	-0.0036	Double pos cDC2
15774.29	1048.5	0.0079	0.0155	0.2319	0.1168	0.0058	Other cell
15765.79	877.0	-0.1073	-0.0479	0.0147	0.5361	-0.0041	Myeloid cell
15758.79	1306.0	0.0571	0.0030	-0.0258	0.8848	-0.0514	Myeloid cell
15756.79	1039.5	0.0188	0.0061	-0.0136	0.7949	-0.0112	Myeloid cell
15730.79	995.5	0.0552	0.0516	0.1864	0.2173	0.0199	Other cell
15726.29	1070.5	0.6260	-0.0026	-0.0186	0.7612	-0.0450	Double pos cDC2
15702.29	856.0	-0.0348	-0.0145	-0.0220	0.6689	-0.0309	Myeloid cell
15696.29	993.0	0.5762	-0.0207	-0.0013	0.7031	-0.0508	Double pos cDC2
15676.29	853.5	-0.0674	-0.0020	-0.0172	0.8838	-0.0281	Myeloid cell
15674.79	1095.0	-0.0453	-0.0020	-0.0158	0.8901	-0.0321	Myeloid cell
15648.79	1105.0	-0.0642	0.0019	-0.0142	0.8833	-0.0270	Myeloid cell
15592.29	1110.0	-0.0460	0.0148	-0.0020	0.9502	-0.0150	Myeloid cell
15564.79	1133.0	-0.0448	0.0168	-0.0003	0.9507	-0.0148	Myeloid cell
15563.79	839.0	0.1891	-0.0195	0.2498	-0.0156	-0.0463	Other cell
15544.79	1165.0	-0.0537	-0.0103	-0.0249	0.7148	-0.0313	Myeloid cell
16010.29	1861.0	-0.0533	0.0153	-0.0038	0.9614	-0.0189	Myeloid cell
16008.29	1900.0	-0.0547	-0.0235	-0.0455	0.7417	-0.0573	Myeloid cell
16004.29	1906.5	-0.0564	-0.0159	-0.0374	0.6509	-0.0343	Myeloid cell
15993.29	1658.5	-0.0556	0.0025	-0.0117	0.8687	-0.0200	Myeloid cell
15993.29	1459.5	0.1742	0.0026	-0.0006	0.8892	-0.0278	Myeloid cell
15980.79	1777.5	-0.0518	0.0093	-0.0078	0.9185	-0.0170	Myeloid cell
15979.79	1645.5	0.0116	-0.0250	-0.0252	0.6538	-0.0398	Myeloid cell
15969.29	1369.0	0.1010	0.0356	0.0070	0.7920	0.0038	Myeloid cell
15964.29	1583.5	0.4670	0.0061	-0.0198	0.8496	-0.0412	Double pos cDC2
15964.29	1550.0	0.0621	0.0100	-0.0007	0.9360	-0.0232	Myeloid cell
15961.79	1561.5	-0.0739	-0.0051	-0.0217	0.8838	-0.0372	Myeloid cell
15960.79	1641.5	-0.0795	-0.0148	-0.0570	0.6475	-0.0646	Myeloid cell
15954.29	1624.0	-0.0575	0.0074	-0.0130	0.9312	-0.0281	Myeloid cell
15947.79	1804.0	0.3010	0.0114	-0.0111	0.6660	-0.0237	Myeloid cell
15938.79	1788.0	0.1743	0.0028	-0.0039	0.8394	-0.0178	Myeloid cell
15932.29	1449.0	-0.0113	0.0014	-0.0392	0.8179	-0.0465	Myeloid cell
15929.29	1756.0	0.4036	-0.0448	0.0096	0.7476	-0.0587	Double pos cDC2
15917.79	1813.0	0.1556	0.0636	0.2489	0.0789	0.0344	Other cell
15917.79	1794.5	-0.0174	0.0148	0.0004	0.8887	-0.0188	Myeloid cell
15902.29	1428.0	-0.0529	-0.0001	-0.0126	0.8252	-0.0222	Myeloid cell
15899.79	1615.0	-0.0591	0.0080	-0.0091	0.9277	-0.0235	Myeloid cell
15895.29	1866.0	-0.0523	-0.0409	0.7842	-0.0418	-0.0413	cDC1
15874.79	1819.0	-0.0409	0.0197	-0.0030	1.0117	-0.0282	Myeloid cell
15870.79	1369.5	-0.0596	0.0018	-0.0130	0.8945	-0.0273	Myeloid cell
15869.79	1632.0	-0.0468	0.0153	-0.0034	0.9526	-0.0144	Myeloid cell
15868.29	1820.5	-0.0516	-0.0098	-0.0157	0.7993	-0.0297	Myeloid cell
15867.79	1384.5	-0.0618	0.0078	-0.0135	0.9248	-0.0261	Myeloid cell
15863.29	1391.5	-0.0636	0.0098	-0.0127	0.9365	-0.0258	Myeloid cell
15854.79	1625.5	-0.0461	-0.0137	-0.0408	0.6577	-0.0471	Myeloid cell
15851.29	1408.0	-0.0651	0.0012	-0.0149	0.9014	-0.0286	Myeloid cell
15847.29	1825.0	-0.0595	0.0085	-0.0089	0.9346	-0.0248	Myeloid cell
15837.29	1433.5	0.0428	0.0186	-0.0085	0.9790	-0.0271	Myeloid cell
15826.79	1448.5	-0.0596	-0.0045	-0.0149	0.8809	-0.0332	Myeloid cell
15823.29	1575.0	0.0192	0.0232	-0.0002	0.8955	-0.0072	Myeloid cell
15804.29	1647.5	-0.0406	0.0172	-0.0000	0.9609	-0.0122	Myeloid cell
15801.79	1595.0	-0.0379	0.0200	-0.0053	0.9932	-0.0251	Myeloid cell
15787.29	1595.5	-0.0696	-0.0108	-0.0253	0.8359	-0.0383	Myeloid cell
15785.29	1466.0	-0.0640	-0.0118	-0.0241	0.8232	-0.0352	Myeloid cell
15784.29	1577.5	-0.0501	0.0205	0.0011	1.0117	-0.0163	Myeloid cell
15783.29	1352.0	0.3330	0.0432	0.0173	0.9307	-0.0053	Myeloid cell
15770.29	1779.0	0.0016	-0.0073	-0.0343	0.8154	-0.0442	Myeloid cell
15748.79	1893.5	-0.0679	-0.0053	-0.0481	0.6934	-0.0037	Myeloid cell
15746.29	1627.0	-0.0406	-0.0264	-0.0395	0.8198	-0.0425	Myeloid cell
15729.79	1665.5	-0.0664	0.0015	-0.0147	0.8989	-0.0312	Myeloid cell
15724.79	1655.5	0.1960	0.0264	-0.0130	0.7217	-0.0123	Myeloid cell
15712.79	1956.5	-0.0180	-0.0090	-0.0016	0.8726	-0.0209	Myeloid cell
15683.29	1954.0	-0.0431	0.0202	-0.0035	0.9810	-0.0196	Myeloid cell
15679.79	1536.5	-0.0508	0.0023	-0.0148	0.9180	-0.0268	Myeloid cell
15674.79	1803.5	-0.0623	0.0004	-0.0158	0.8730	-0.0242	Myeloid cell
15665.29	1978.0	0.7021	0.0225	-0.0010	0.7695	-0.0169	Double pos cDC2
15659.79	1654.5	-0.0205	0.0066	-0.0205	0.7524	-0.0293	Myeloid cell
15657.79	1436.0	-0.0568	0.0079	-0.0092	0.9248	-0.0223	Myeloid cell
15649.29	1436.5	-0.0142	0.0190	-0.0044	0.9390	-0.0111	Myeloid cell
15628.79	1512.5	-0.0199	0.0147	-0.0020	0.9502	-0.0142	Myeloid cell
15615.79	1841.5	0.2345	0.0111	-0.0077	0.9546	-0.0366	Myeloid cell
15614.29	1493.5	-0.0461	0.0085	-0.0031	0.8848	-0.0174	Myeloid cell
15596.79	1992.5	-0.0231	0.0168	-0.0055	0.9717	-0.0244	Myeloid cell
15593.29	1446.0	-0.0043	-0.0092	-0.0207	0.7012	-0.0255	Myeloid cell
15589.79	1565.5	-0.0302	0.0061	-0.0066	0.9341	-0.0291	Myeloid cell
15588.29	1927.0	-0.0984	-0.0239	0.0914	0.5527	-0.0450	Myeloid cell
15586.29	1443.5	-0.1008	0.0216	-0.0272	0.6426	-0.0105	Myeloid cell
15573.29	1670.0	0.0699	0.0004	-0.0139	0.9307	-0.0395	Myeloid cell
15568.29	1932.5	-0.0436	-0.0073	-0.0135	0.8921	-0.0351	Myeloid cell
15561.79	1834.5	-0.0654	0.0038	-0.0133	0.9185	-0.0268	Myeloid cell
15553.29	1376.5	-0.0837	0.0261	-0.0266	0.8379	-0.0211	Myeloid cell
15548.29	1771.5	-0.0493	0.0095	-0.0075	0.9385	-0.0227	Myeloid cell
15528.29	1338.0	-0.0151	0.0180	0.0049	0.8706	-0.0119	Myeloid cell
15525.79	1454.0	-0.0565	-0.0461	0.5190	0.0115	-0.0345	cDC1
15524.29	1533.0	-0.0537	-0.0051	-0.0062	0.7075	-0.0040	Myeloid cell
15524.29	1521.0	-0.0654	0.0139	-0.0114	0.9604	-0.0190	Myeloid cell
15524.29	1473.5	-0.0586	-0.0092	-0.0265	0.8545	-0.0349	Myeloid cell
15991.79	2260.5	-0.0653	0.0097	-0.0126	0.9478	-0.0292	Myeloid cell
15990.79	2176.0	-0.0636	-0.0144	-0.0284	0.8384	-0.0393	Myeloid cell
15984.79	2260.0	-0.0784	0.0076	-0.0089	0.6230	0.0817	Myeloid cell
15984.29	2175.5	-0.0965	0.0268	-0.0216	0.6943	-0.0191	Myeloid cell
15981.29	2168.0	-0.0444	-0.0038	-0.0067	0.8711	-0.0296	Myeloid cell
15967.79	2296.0	0.0158	0.0164	-0.0193	0.8765	-0.0252	Myeloid cell
15956.79	2260.0	-0.0587	0.0013	-0.0181	0.8979	-0.0326	Myeloid cell
15953.79	2375.5	0.0928	0.0104	-0.0071	0.9482	-0.0291	Myeloid cell
15953.29	2341.5	-0.0605	-0.0157	-0.0311	0.8389	-0.0391	Myeloid cell
15923.79	2314.5	-0.0497	0.0070	-0.0076	0.9219	-0.0201	Myeloid cell
15919.29	2386.5	0.0793	-0.0288	-0.0441	0.7998	-0.0671	Myeloid cell
15911.29	2302.0	0.0152	-0.0193	-0.0248	0.7764	-0.0447	Myeloid cell
15902.79	2468.0	-0.0357	-0.0050	-0.0763	0.6709	-0.0723	Myeloid cell
15872.79	2094.0	-0.0262	-0.0117	0.2502	0.2363	-0.0297	Other cell
15850.29	2288.5	-0.0568	-0.0006	-0.0144	0.8862	-0.0286	Myeloid cell
15848.79	2431.5	-0.0477	0.0076	-0.0081	0.9316	-0.0258	Myeloid cell
15830.79	2489.5	-0.0479	0.0128	-0.0049	0.9199	-0.0157	Myeloid cell
15809.79	2197.0	-0.0696	0.7769	-0.0597	-0.0526	-0.0563	pDC
15761.29	2453.5	-0.0416	-0.0097	-0.0222	0.8228	-0.0388	Myeloid cell
15753.29	2451.5	-0.0410	0.0150	-0.0021	0.9443	-0.0155	Myeloid cell
15746.29	2251.5	0.0051	-0.0167	-0.0321	0.8003	-0.0450	Myeloid cell
15744.29	2245.5	0.0819	-0.0121	-0.0182	0.8457	-0.0512	Myeloid cell
15732.79	2569.5	0.0916	0.0233	0.0015	0.6924	-0.0145	Myeloid cell
15714.29	2375.5	0.0702	-0.0312	-0.0286	0.8174	-0.0647	Myeloid cell
15708.29	2324.5	0.2549	-0.0044	-0.0192	0.8574	-0.0371	Myeloid cell
15705.29	2216.0	-0.0757	-0.0324	-0.0583	0.6460	-0.0684	Myeloid cell
15700.79	2197.5	0.0121	-0.0046	-0.0245	0.8457	-0.0354	Myeloid cell
15699.79	2292.0	0.3955	-0.0129	-0.0145	0.8193	-0.0472	Myeloid cell
15693.79	2453.5	-0.0397	-0.0129	-0.0236	0.8154	-0.0399	Myeloid cell
15692.29	2617.0	0.0454	0.0604	0.2155	0.1008	0.0356	Other cell
15684.79	2196.0	-0.0709	-0.0036	-0.0259	0.8184	-0.0268	Myeloid cell
15682.79	2203.5	-0.0556	0.0106	-0.0130	0.9321	-0.0244	Myeloid cell
15679.79	2465.0	-0.0598	0.0089	-0.0076	0.9521	-0.0282	Myeloid cell
15673.29	2210.5	-0.0509	0.0103	-0.0057	0.9062	-0.0177	Myeloid cell
15656.29	2215.5	-0.1219	0.0241	-0.0244	0.7339	-0.0123	Myeloid cell
15651.79	2241.0	0.0144	-0.0326	-0.0499	0.6748	-0.0656	Myeloid cell
15650.79	2306.5	-0.0428	0.0023	-0.0140	0.8555	-0.0198	Myeloid cell
15650.79	2159.0	-0.0558	-0.0248	-0.0388	0.7168	-0.0435	Myeloid cell
15649.29	2179.5	-0.0545	-0.0118	-0.0315	0.5542	-0.0344	Myeloid cell
15647.79	2502.5	-0.0475	0.0076	-0.0072	0.9072	-0.0201	Myeloid cell
15646.79	2314.0	0.1348	0.0202	-0.0041	0.7793	-0.0145	Myeloid cell
15644.79	2104.0	0.2883	-0.0132	-0.0118	0.7681	-0.0447	Myeloid cell
15644.29	2169.0	0.4290	0.0231	-0.0154	0.7900	-0.0202	Double pos cDC2
15641.79	2161.0	-0.0182	-0.0064	-0.0263	0.7124	-0.0273	Myeloid cell
15639.29	2414.5	-0.0738	-0.0000	-0.0162	0.8936	-0.0371	Myeloid cell
15639.29	2046.5	-0.0553	0.0013	-0.0153	0.8691	-0.0294	Myeloid cell
15637.29	2167.5	-0.0856	-0.0473	-0.0702	0.6646	-0.0746	Myeloid cell
15634.79	2392.5	-0.0629	0.0029	-0.0118	0.9014	-0.0284	Myeloid cell
15630.79	2047.5	0.0322	0.0036	-0.0201	0.7095	-0.0306	Myeloid cell
15628.79	2076.5	-0.0681	-0.0029	-0.0191	0.8857	-0.0331	Myeloid cell
15627.79	2157.5	-0.0971	0.0169	-0.0226	0.6865	-0.0205	Myeloid cell
15625.79	2389.0	-0.0377	0.0130	0.0001	0.8984	-0.0110	Myeloid cell
15620.29	2160.5	-0.0414	-0.0217	-0.0349	0.7334	-0.0367	Myeloid cell
15614.79	2557.0	-0.0312	0.0204	0.0042	0.8828	-0.0068	Myeloid cell
15606.79	2540.5	-0.0490	0.0003	-0.0151	0.8584	-0.0247	Myeloid cell
15600.79	2386.0	-0.0582	0.0060	-0.0102	0.9058	-0.0222	Myeloid cell
15562.29	2395.0	-0.0636	-0.0053	-0.0179	0.8467	-0.0318	Myeloid cell
15559.29	2356.5	-0.0504	0.0120	-0.0052	0.9189	-0.0174	Myeloid cell
15538.79	2343.5	-0.0437	-0.0105	-0.0259	0.7969	-0.0334	Myeloid cell
15531.29	2349.5	-0.0569	0.0126	-0.0044	0.9644	-0.0231	Myeloid cell
16195.29	1271.5	0.9321	-0.0061	-0.0187	-0.0044	-0.0172	cDC2
16188.79	1306.0	-0.0453	-0.0371	0.7651	-0.0375	-0.0354	cDC1
16165.79	1247.0	0.0048	0.0326	-0.0055	0.6387	-0.0172	Myeloid cell
16162.79	1287.0	-0.0281	0.0102	-0.0058	0.8833	-0.0147	Myeloid cell
16162.79	1275.0	-0.0738	-0.0082	-0.0254	0.8521	-0.0378	Myeloid cell
16159.79	1278.5	-0.0760	-0.0066	-0.0247	0.8530	-0.0379	Myeloid cell
16159.79	1127.5	0.1733	0.0011	0.0046	0.8770	-0.0185	Myeloid cell
16154.79	1081.5	0.1384	0.0202	-0.0172	0.7686	-0.0177	Myeloid cell
16153.29	1239.0	-0.0758	-0.0048	-0.0211	0.8887	-0.0383	Myeloid cell
16147.29	1210.5	-0.0680	0.0037	-0.0138	0.9121	-0.0291	Myeloid cell
16144.79	1184.0	-0.0506	0.0102	-0.0076	0.9468	-0.0242	Myeloid cell
16142.29	1052.0	-0.0426	-0.0022	-0.0171	0.8477	-0.0306	Myeloid cell
16141.29	1161.0	-0.1053	-0.0446	-0.0428	0.6992	-0.0620	Myeloid cell
16138.79	1331.0	-0.0844	-0.0080	-0.0392	0.6768	-0.0369	Myeloid cell
16127.79	1257.0	-0.0735	-0.0267	-0.0088	0.5381	-0.0171	Myeloid cell
16112.79	1156.0	-0.0623	-0.0029	-0.0192	0.8765	-0.0320	Myeloid cell
16112.29	1281.5	-0.0356	0.0225	0.0085	0.9629	-0.0081	Myeloid cell
16111.79	1334.5	-0.0512	0.0129	-0.0100	0.9619	-0.0249	Myeloid cell
16108.29	1320.5	-0.0542	0.0062	-0.0119	0.9058	-0.0218	Myeloid cell
16103.29	1282.0	-0.0555	0.0011	-0.0136	0.8843	-0.0238	Myeloid cell
16102.79	1160.5	-0.0153	0.0201	-0.0038	0.6519	0.0008	Myeloid cell
16085.29	1329.5	-0.0644	-0.0122	-0.0238	0.8281	-0.0335	Myeloid cell
16085.29	1145.5	-0.0597	0.0023	-0.0134	0.8916	-0.0262	Myeloid cell
16072.29	1233.5	-0.0615	0.0067	-0.0115	0.9326	-0.0251	Myeloid cell
16068.29	1160.0	-0.0626	0.0039	-0.0123	0.9038	-0.0298	Myeloid cell
16060.29	1135.5	0.3967	-0.0106	0.0756	0.2426	-0.0333	Other cell
16036.29	1231.5	0.2244	0.0210	-0.0121	0.5703	-0.0088	Myeloid cell
16024.29	1287.0	-0.0500	0.0124	-0.0102	0.9082	-0.0198	Myeloid cell
16024.29	1233.5	-0.0308	-0.0403	0.0241	0.7271	-0.0365	Myeloid cell
16024.29	1222.0	-0.0570	0.0033	-0.0100	0.8721	-0.0265	Myeloid cell
16384.79	1971.5	0.1525	0.0655	-0.0305	0.8252	-0.0443	Myeloid cell
16341.29	1678.5	-0.0593	0.0001	-0.0158	0.8721	-0.0217	Myeloid cell
16335.79	1728.5	-0.0054	0.0359	-0.0008	0.8750	-0.0133	Myeloid cell
16334.79	1707.0	-0.0667	0.0013	-0.0151	0.9023	-0.0301	Myeloid cell
16334.79	1607.5	-0.0486	0.0100	-0.0036	0.9009	-0.0189	Myeloid cell
16321.29	1961.5	-0.0937	-0.0105	-0.0427	0.6973	-0.0430	Myeloid cell
16316.29	1975.5	-0.0540	0.0069	-0.0115	0.9033	-0.0216	Myeloid cell
16314.79	1982.5	0.0746	-0.0334	-0.0458	0.7017	-0.0596	Myeloid cell
16312.29	1955.5	-0.0413	0.0040	-0.0206	0.8579	-0.0260	Myeloid cell
16311.79	1633.5	0.1136	-0.0806	-0.0204	0.7388	-0.0922	Myeloid cell
16298.29	1871.0	-0.0577	-0.0060	-0.0080	0.8428	-0.0277	Myeloid cell
16297.29	1654.5	0.0063	-0.0130	-0.0217	0.8350	-0.0451	Myeloid cell
16290.79	1676.0	0.0887	0.0161	-0.0161	0.7739	-0.0279	Myeloid cell
16274.29	1426.5	-0.0625	0.0021	-0.0146	0.9072	-0.0300	Myeloid cell
16267.79	1801.0	-0.0548	0.0051	-0.0121	0.8911	-0.0213	Myeloid cell
16267.29	1810.0	-0.0974	-0.0331	-0.0308	0.6870	-0.0385	Myeloid cell
16263.79	1706.0	0.1792	-0.0125	-0.0299	0.7593	-0.0472	Myeloid cell
16262.29	1443.0	-0.0632	0.0067	-0.0113	0.9419	-0.0264	Myeloid cell
16260.79	1880.0	-0.0669	-0.0466	0.6294	-0.0476	-0.0406	cDC1
16254.29	1417.0	-0.0316	0.0294	0.0113	0.9502	-0.0033	Myeloid cell
16252.29	1454.5	0.0424	-0.0435	0.0009	0.8276	-0.0578	Myeloid cell
16250.79	1358.0	-0.0629	0.0068	-0.0157	0.9312	-0.0315	Myeloid cell
16249.79	1352.5	-0.0650	0.0018	-0.0169	0.9048	-0.0310	Myeloid cell
16247.29	1876.5	-0.0559	0.0207	-0.0301	0.6865	-0.0049	Myeloid cell
16246.79	2000.5	-0.0541	-0.0083	-0.0253	0.8667	-0.0403	Myeloid cell
16246.79	1884.0	0.1692	0.0079	-0.0086	0.9233	-0.0300	Myeloid cell
16242.29	1436.0	0.1147	0.0067	-0.0113	0.9331	-0.0358	Myeloid cell
16239.29	1872.5	-0.0587	0.0102	-0.0086	0.9424	-0.0247	Myeloid cell
16226.29	1900.5	-0.0280	-0.0280	-0.0646	0.7095	-0.0620	Myeloid cell
16217.79	1802.5	-0.0770	-0.0153	-0.0293	0.8379	-0.0426	Myeloid cell
16216.29	1484.5	0.7119	0.0204	-0.0025	0.9121	-0.0283	Double pos cDC2
16205.79	1997.0	-0.0739	-0.0239	-0.0375	0.8091	-0.0520	Myeloid cell
16202.79	1682.5	0.0986	-0.0016	-0.0402	0.7173	-0.0293	Myeloid cell
16198.79	2003.5	-0.0537	-0.0050	-0.0120	-0.0064	0.8428	B cell
16197.79	1408.0	0.0011	0.0151	-0.0434	0.6489	-0.0584	Myeloid cell
16191.29	1863.0	-0.0272	0.0055	-0.0181	0.8398	-0.0167	Myeloid cell
16187.79	1995.0	-0.0483	0.0130	-0.0043	0.9321	-0.0134	Myeloid cell
16179.29	1768.5	-0.0632	0.0085	-0.0096	0.9492	-0.0271	Myeloid cell
16178.29	1411.0	-0.0450	-0.0045	-0.0245	0.8232	-0.0251	Myeloid cell
16176.29	1738.5	-0.0529	0.0056	-0.0104	0.9185	-0.0229	Myeloid cell
16175.79	1592.5	-0.0693	0.0019	-0.0164	0.9277	-0.0329	Myeloid cell
16161.79	1501.5	-0.1278	-0.0016	-0.0297	-0.0341	0.5498	B cell
16147.29	1769.5	-0.0616	0.0085	-0.0104	0.9258	-0.0263	Myeloid cell
16141.29	1401.0	-0.0606	-0.0002	-0.0152	0.8784	-0.0243	Myeloid cell
16138.79	1382.5	-0.0427	-0.0282	-0.0377	0.7231	-0.0258	Myeloid cell
16137.79	1731.0	0.2986	0.0100	-0.0181	0.7061	-0.0272	Myeloid cell
16133.29	1793.5	-0.0591	0.0070	-0.0098	0.9331	-0.0241	Myeloid cell
16124.29	1891.5	-0.0570	0.0070	-0.0066	0.9639	-0.0285	Myeloid cell
16120.29	1565.0	-0.0644	-0.0063	-0.0238	0.8203	-0.0195	Myeloid cell
16117.79	1640.5	-0.0645	-0.0036	-0.0199	0.8086	-0.0117	Myeloid cell
16116.29	1788.0	0.2388	0.0066	-0.0015	0.7676	-0.0155	Myeloid cell
16115.79	1391.0	0.0669	0.0017	-0.0271	0.7461	-0.0363	Myeloid cell
16113.79	1384.0	0.1333	-0.0040	-0.0244	0.7651	-0.0429	Myeloid cell
16113.79	1374.0	0.0354	-0.0021	-0.0237	0.7397	-0.0259	Myeloid cell
16113.79	1366.0	0.2153	-0.0032	-0.0185	0.5918	-0.0369	Myeloid cell
16112.79	1357.5	-0.0548	0.0117	-0.0072	0.9258	-0.0212	Myeloid cell
16109.29	1338.0	-0.0607	0.0058	-0.0112	0.9194	-0.0252	Myeloid cell
16090.79	1620.5	0.0250	0.0018	-0.0177	0.8438	-0.0292	Myeloid cell
16085.29	1641.5	0.0247	-0.0002	-0.0396	0.6045	-0.0301	Myeloid cell
16084.79	1655.0	0.1652	0.0039	-0.0069	0.6348	-0.0103	Myeloid cell
16084.29	1661.5	0.0307	0.0210	-0.0223	0.8110	-0.0267	Myeloid cell
16069.29	1632.5	-0.0343	-0.0331	-0.0547	0.5894	-0.0545	Myeloid cell
16068.79	1338.0	-0.0480	-0.0057	0.3186	0.5293	-0.0175	Myeloid cell
16064.79	1481.0	-0.0469	-0.0084	-0.0255	0.8364	-0.0384	Myeloid cell
16054.79	1486.5	-0.0624	-0.0158	-0.0245	0.8335	-0.0279	Myeloid cell
16052.79	1622.0	-0.0629	-0.0032	-0.0168	0.8335	-0.0279	Myeloid cell
16049.29	1510.0	0.0682	-0.0140	-0.0442	0.7026	-0.0480	Myeloid cell
16340.79	2011.0	0.0648	0.0117	-0.0282	0.7715	-0.0114	Myeloid cell
16334.29	2232.5	0.1028	0.0012	0.0249	0.8535	-0.0267	Myeloid cell
16333.79	2164.5	-0.0666	0.0032	-0.0135	0.9116	-0.0292	Myeloid cell
16331.79	2217.5	-0.0161	-0.0047	-0.0164	0.8491	-0.0325	Myeloid cell
16324.29	2043.5	-0.0529	-0.0084	-0.0180	0.8472	-0.0353	Myeloid cell
16320.29	2050.5	0.0414	0.0074	-0.0064	0.8955	-0.0244	Myeloid cell
16314.29	2080.0	-0.0640	-0.0025	-0.0190	0.8784	-0.0329	Myeloid cell
16311.79	2288.5	0.0030	-0.0073	-0.0106	0.6592	0.0929	Myeloid cell
16304.79	2042.0	-0.0506	-0.0085	-0.0212	0.7139	-0.0256	Myeloid cell
16300.29	2308.0	-0.0106	0.0056	-0.0130	0.9570	-0.0320	Myeloid cell
16295.79	2208.5	-0.0627	0.0028	-0.0207	0.8496	-0.0308	Myeloid cell
16295.29	2278.5	0.1744	0.0063	-0.0041	0.9536	-0.0374	Myeloid cell
16293.79	2255.5	-0.0674	-0.0126	-0.0244	0.8433	-0.0371	Myeloid cell
16276.79	2055.5	0.1982	0.0011	-0.0269	0.9214	-0.0465	Myeloid cell
16261.29	2105.5	0.2439	0.0341	0.0094	0.7241	0.0003	Myeloid cell
16253.79	2173.0	-0.0535	0.0038	-0.0118	0.8979	-0.0216	Myeloid cell
16243.29	2130.0	-0.0583	0.0033	-0.0131	0.8896	-0.0230	Myeloid cell
16215.79	2145.5	-0.0562	-0.0558	0.5039	-0.0577	-0.0534	cDC1
16215.79	2007.0	-0.0546	0.0133	-0.0050	0.9453	-0.0189	Myeloid cell
16205.29	2284.5	0.0332	-0.0323	-0.0528	0.6133	-0.0627	Myeloid cell
16167.29	2181.0	0.0717	-0.0100	-0.0143	0.8452	-0.0339	Myeloid cell
16165.79	2366.5	0.0683	-0.0104	-0.0259	0.5806	-0.0304	Myeloid cell
16162.79	2187.5	0.1392	0.0137	-0.0238	0.6201	-0.0249	Myeloid cell
16160.79	2199.5	0.1406	-0.0096	-0.0261	0.6299	-0.0136	Myeloid cell
16153.79	2117.5	0.0533	0.0092	-0.0146	0.8096	-0.0331	Myeloid cell
16145.79	2224.0	-0.0959	0.0166	0.0422	0.6816	-0.0213	Myeloid cell
16143.29	2098.5	-0.0349	-0.0253	-0.0526	0.6943	-0.0421	Myeloid cell
16139.29	2223.5	0.1048	0.0221	-0.0093	0.9561	-0.0325	Myeloid cell
16135.29	2271.0	0.0308	-0.0078	-0.0310	0.7100	-0.0291	Myeloid cell
16079.79	2241.0	0.0775	-0.0079	-0.0352	0.7964	-0.0384	Myeloid cell
16063.79	2238.0	0.3123	-0.0174	-0.0536	0.6494	-0.0557	Myeloid cell
16024.29	2068.5	-0.0503	-0.0295	-0.0284	0.0106	0.6445	B cell
